Input tree: (((((((0,1),2),((3,4),(5,6))),((7,8),((9,10),11))),(12,13)),(14,(((15,16),17),18))),((((((19,20),((21,22),23)),(24,(25,26))),((27,28),29)),(30,(31,32))),((33,34),(35,36))));
Initial Score: 8694.443477285582

Step Number: 1
Time Spent: 10.896557027 seconds
Score: 10020.960651506924
Score Improvement: 0.1525706823774169
New Tree:
Tree: (((((((0,1),2),((3,4),(5,6))),((7,8),((9,10),11))),(12,13)),(14,(((15,16),17),18))),((((33,34),(35,36)),(30,(31,32))),((((19,20),((21,22),23)),(24,(25,26))),((27,28),29))));
Tree Score: 10020.960651506924

Step Number: 2
Time Spent: 10.256688439 seconds
Score: 10821.452528009759
Score Improvement: 0.07988175029730882
New Tree:
Tree: ((((14,(((15,16),17),18)),(12,13)),((((0,1),2),((3,4),(5,6))),((7,8),((9,10),11)))),((((33,34),(35,36)),(30,(31,32))),((((19,20),((21,22),23)),(24,(25,26))),((27,28),29))));
Tree Score: 10821.452528009759

Step Number: 3
Time Spent: 9.584707105 seconds
Score: 11241.841377390403
Score Improvement: 0.03884772846274842
New Tree:
Tree: ((((14,(((15,16),17),18)),(12,13)),((((0,1),2),((3,4),(5,6))),((7,8),((9,10),11)))),((((33,34),(35,36)),(30,(31,32))),((((27,28),29),(24,(25,26))),((19,20),((21,22),23)))));
Tree Score: 11241.841377390403

Step Number: 4
Time Spent: 9.64235906 seconds
Score: 11635.187923379417
Score Improvement: 0.034989512196828665
New Tree:
Tree: (((((0,1),2),((3,4),(5,6))),(((14,(((15,16),17),18)),(12,13)),((7,8),((9,10),11)))),((((33,34),(35,36)),(30,(31,32))),((((27,28),29),(24,(25,26))),((19,20),((21,22),23)))));
Tree Score: 11635.187923379417

Step Number: 5
Time Spent: 9.553689824 seconds
Score: 13250.284602364678
Score Improvement: 0.13881139605316828
New Tree:
Tree: ((((((27,28),29),(24,(25,26))),((19,20),((21,22),23))),(((14,(((15,16),17),18)),(12,13)),((7,8),((9,10),11)))),((((33,34),(35,36)),(30,(31,32))),(((0,1),2),((3,4),(5,6)))));
Tree Score: 13250.284602364678

