Input tree: ((((((((0,1),((2,3),(4,5))),6),((7,(8,(9,10))),(11,(12,13)))),(14,((15,((16,((17,18),(19,(20,21)))),22)),(23,24)))),(25,(26,27))),28),((((29,30),(31,32)),((33,34),35)),36));
Initial Score: 9469.970524454295

Step Number: 1
Time Spent: 11.850431818 seconds
Score: 9894.458523036077
Score Improvement: 0.04482463778378487
New Tree:
Tree: (((28,(25,(26,27))),(((((0,1),((2,3),(4,5))),6),((7,(8,(9,10))),(11,(12,13)))),(14,((15,((16,((17,18),(19,(20,21)))),22)),(23,24))))),((((29,30),(31,32)),((33,34),35)),36));
Tree Score: 9894.458523036077

Step Number: 2
Time Spent: 11.402139128 seconds
Score: 10006.427448618322
Score Improvement: 0.011316326742040639
New Tree:
Tree: (((28,(25,(26,27))),(((((0,1),((2,3),(4,5))),6),((7,(8,(9,10))),(11,(12,13)))),(14,((15,((16,((17,18),(19,(20,21)))),22)),(23,24))))),((36,((33,34),35)),((29,30),(31,32))));
Tree Score: 10006.427448618322

Step Number: 3
Time Spent: 10.75480178 seconds
Score: 10054.944499223124
Score Improvement: 0.004848588655034902
New Tree:
Tree: (((28,(25,(26,27))),(((((0,1),((2,3),(4,5))),6),((7,(8,(9,10))),(11,(12,13)))),(14,((15,((16,((20,21),(19,(17,18)))),22)),(23,24))))),((36,((33,34),35)),((29,30),(31,32))));
Tree Score: 10054.944499223124

Step Number: 4
Time Spent: 10.217094018 seconds
Score: 10101.856349250864
Score Improvement: 0.004665550369906457
New Tree:
Tree: (((28,(25,(26,27))),(((((0,1),((2,3),(4,5))),6),(((9,10),(8,7)),(11,(12,13)))),(14,((15,((16,((20,21),(19,(17,18)))),22)),(23,24))))),((36,((33,34),35)),((29,30),(31,32))));
Tree Score: 10101.856349250864

Step Number: 5
Time Spent: 9.674838609 seconds
Score: 10109.116224169478
Score Improvement: 7.186674080108535E-4
New Tree:
Tree: (((28,(25,(26,27))),(((((0,1),((2,3),(4,5))),6),(((9,10),(8,7)),(11,(12,13)))),(14,((15,((16,((20,21),(19,(17,18)))),22)),(23,24))))),((36,((35,34),33)),((29,30),(31,32))));
Tree Score: 10109.116224169478

Step Number: 6
Time Spent: 9.686068459 seconds
Score: 10109.116224169478
Score Improvement: 0.0
New Tree:
Tree: (((28,(25,(26,27))),(((((0,1),((2,3),(4,5))),6),(((9,10),(8,7)),(11,(12,13)))),(14,((15,((16,((20,21),(19,(17,18)))),22)),(23,24))))),((36,((35,34),33)),((29,30),(31,32))));
Tree Score: 10109.116224169478


TOTAL STEPS: 6
TOTAL TIME: 63.585373812 seconds
Final tree: Tree: (((28,(25,(26,27))),(((((0,1),((2,3),(4,5))),6),(((9,10),(8,7)),(11,(12,13)))),(14,((15,((16,((20,21),(19,(17,18)))),22)),(23,24))))),((36,((35,34),33)),((29,30),(31,32))));
Tree Score: 10109.116224169478
Final Tree Score: 10109.116224169478
Total Score Improvement: 0.06749183622744326
