--------------ITERATION 1--------------
Input tree: (((((0,1),2),((((3,(4,5)),6),((7,8),9)),((10,11),12))),(((13,(14,15)),(16,17)),18)),((((19,((20,(21,((22,(23,24)),(25,26)))),27)),(28,29)),30),(31,(32,(((33,34),35),36)))));
Initial Score: 8060.451625999856

Step Number: 1
Time Spent: 12.017193179 seconds
Score: 9086.85420137854
Score Improvement: 0.12733809754132297
New Tree:
Tree: (((((0,1),2),((((3,(4,5)),6),((7,8),9)),((10,11),12))),(((13,(14,15)),(16,17)),18)),(((30,(28,29)),(19,((20,(21,((22,(23,24)),(25,26)))),27))),(31,(32,(((33,34),35),36)))));
Tree Score: 9086.85420137854

Step Number: 2
Time Spent: 11.214621845 seconds
Score: 9653.296801004799
Score Improvement: 0.06233649039293754
New Tree:
Tree: (((((0,1),2),((((3,(4,5)),6),((7,8),9)),((10,11),12))),(((13,(14,15)),(16,17)),18)),(((30,(28,29)),(19,((20,(21,((22,(23,24)),(25,26)))),27))),((((33,34),35),36),(32,31))));
Tree Score: 9653.296801004799

Step Number: 3
Time Spent: 10.652157653 seconds
Score: 9923.487153290458
Score Improvement: 0.027989437997755884
New Tree:
Tree: (((((0,1),2),((((3,(4,5)),6),((7,8),9)),((10,11),12))),((18,(16,17)),(13,(14,15)))),(((30,(28,29)),(19,((20,(21,((22,(23,24)),(25,26)))),27))),((((33,34),35),36),(32,31))));
Tree Score: 9923.487153290458

Step Number: 4
Time Spent: 11.228919683 seconds
Score: 10118.956653558744
Score Improvement: 0.019697662449582598
New Tree:
Tree: (((((0,1),2),((((3,(4,5)),6),((7,8),9)),((10,11),12))),((18,(16,17)),(13,(14,15)))),(((30,(28,29)),(19,((((22,(23,24)),(25,26)),(21,20)),27))),((((33,34),35),36),(32,31))));
Tree Score: 10118.956653558744

Step Number: 5
Time Spent: 10.666762862 seconds
Score: 10182.340153147095
Score Improvement: 0.006263837444748788
New Tree:
Tree: (((((0,1),2),(((((7,8),9),6),(3,(4,5))),((10,11),12))),((18,(16,17)),(13,(14,15)))),(((30,(28,29)),(19,((((22,(23,24)),(25,26)),(21,20)),27))),((((33,34),35),36),(32,31))));
Tree Score: 10182.340153147095

Step Number: 6
Time Spent: 10.067971074 seconds
Score: 10225.397078408489
Score Improvement: 0.004228588380843501
New Tree:
Tree: (((((0,1),2),(((((7,8),9),6),(3,(4,5))),((10,11),12))),((18,(16,17)),(13,(14,15)))),(((30,(28,29)),(19,((((22,(23,24)),(25,26)),(21,20)),27))),(((36,35),(33,34)),(32,31))));
Tree Score: 10225.397078408489

Step Number: 7
Time Spent: 10.041595443 seconds
Score: 10267.073976769207
Score Improvement: 0.004075821999002915
New Tree:
Tree: (((((0,1),2),(((((7,8),9),6),((10,11),12)),(3,(4,5)))),((18,(16,17)),(13,(14,15)))),(((30,(28,29)),(19,((((22,(23,24)),(25,26)),(21,20)),27))),(((36,35),(33,34)),(32,31))));
Tree Score: 10267.073976769207

Step Number: 8
Time Spent: 10.652904256 seconds
Score: 10822.054904065655
Score Improvement: 0.054054439322456904
New Tree:
Tree: (((((((7,8),9),6),((10,11),12)),(((0,1),2),(3,(4,5)))),((18,(16,17)),(13,(14,15)))),(((30,(28,29)),(19,((((22,(23,24)),(25,26)),(21,20)),27))),(((36,35),(33,34)),(32,31))));
Tree Score: 10822.054904065655

Step Number: 9
Time Spent: 10.049933305 seconds
Score: 10829.483753797693
Score Improvement: 6.864546334215404E-4
New Tree:
Tree: (((((((7,8),9),6),((10,11),12)),(((0,1),2),(3,(4,5)))),((16,(18,17)),(13,(14,15)))),(((30,(28,29)),(19,((((22,(23,24)),(25,26)),(21,20)),27))),(((36,35),(33,34)),(32,31))));
Tree Score: 10829.483753797693

Step Number: 10
Time Spent: 9.466232683 seconds
Score: 10831.064053741378
Score Improvement: 1.459256950389065E-4
New Tree:
Tree: (((((((9,8),7),6),((10,11),12)),(((0,1),2),(3,(4,5)))),((16,(18,17)),(13,(14,15)))),(((30,(28,29)),(19,((((22,(23,24)),(25,26)),(21,20)),27))),(((36,35),(33,34)),(32,31))));
Tree Score: 10831.064053741378

Step Number: 11
Time Spent: 9.45730068 seconds
Score: 10871.819128950221
Score Improvement: 0.0037627951424370476
New Tree:
Tree: ((((((6,7),(9,8)),((10,11),12)),(((0,1),2),(3,(4,5)))),((16,(18,17)),(13,(14,15)))),(((30,(28,29)),(19,((((22,(23,24)),(25,26)),(21,20)),27))),(((36,35),(33,34)),(32,31))));
Tree Score: 10871.819128950221

Step Number: 12
Time Spent: 8.8605125 seconds
Score: 10871.819128950221
Score Improvement: 0.0
New Tree:
Tree: ((((((6,7),(9,8)),((10,11),12)),(((0,1),2),(3,(4,5)))),((16,(18,17)),(13,(14,15)))),(((30,(28,29)),(19,((((22,(23,24)),(25,26)),(21,20)),27))),(((36,35),(33,34)),(32,31))));
Tree Score: 10871.819128950221


TOTAL STEPS: 12
TOTAL TIME: 124.376105163 seconds
Final tree: Tree: ((((((6,7),(9,8)),((10,11),12)),(((0,1),2),(3,(4,5)))),((16,(18,17)),(13,(14,15)))),(((30,(28,29)),(19,((((22,(23,24)),(25,26)),(21,20)),27))),(((36,35),(33,34)),(32,31))));
Tree Score: 10871.819128950221
Final Tree Score: 10871.819128950221
Total Score Improvement: 0.3487853576196642

===========================================================
RESULTS FROM 1 ITERATION(S):
BEST Tree: ((((((6,7),(9,8)),((10,11),12)),(((0,1),2),(3,(4,5)))),((16,(18,17)),(13,(14,15)))),(((30,(28,29)),(19,((((22,(23,24)),(25,26)),(21,20)),27))),(((36,35),(33,34)),(32,31))));
Tree Score: 10871.819128950221
BEST TREE SCORE: 10871.819128950221
