--------------ITERATION 1--------------
Input tree: ((((((0,1),2),((3,4),5)),((6,(((7,(8,(9,10))),11),12)),13)),(14,15)),(((16,17),(((18,19),20),((21,(22,23)),24))),(((((25,26),27),(28,(29,30))),31),((32,33),((34,35),36)))));
Initial Score: 10444.25932634878

Step Number: 1
Time Spent: 10.687152605 seconds
Score: 11253.327025573468
Score Improvement: 0.07746530164983279
New Tree:
Tree: ((((14,15),((6,(((7,(8,(9,10))),11),12)),13)),(((0,1),2),((3,4),5))),(((16,17),(((18,19),20),((21,(22,23)),24))),(((((25,26),27),(28,(29,30))),31),((32,33),((34,35),36)))));
Tree Score: 11253.327025573468

Step Number: 2
Time Spent: 10.554936421 seconds
Score: 12565.940026249504
Score Improvement: 0.11664221591473267
New Tree:
Tree: (((((((25,26),27),(28,(29,30))),31),((32,33),((34,35),36))),(((0,1),2),((3,4),5))),(((16,17),(((18,19),20),((21,(22,23)),24))),((14,15),((6,(((7,(8,(9,10))),11),12)),13))));
Tree Score: 12565.940026249504

Step Number: 3
Time Spent: 10.258196591 seconds
Score: 12817.132999703055
Score Improvement: 0.019989986656694603
New Tree:
Tree: (((((((25,26),27),(28,(29,30))),31),((32,33),((34,35),36))),(((0,1),2),((3,4),5))),((((21,(22,23)),24),(((18,19),20),(16,17))),((14,15),((6,(((7,(8,(9,10))),11),12)),13))));
Tree Score: 12817.132999703055

Step Number: 4
Time Spent: 10.207562079 seconds
Score: 12959.916774807265
Score Improvement: 0.011140071270815177
New Tree:
Tree: (((((((25,26),27),(28,(29,30))),31),((32,33),((34,35),36))),(((0,1),2),((3,4),5))),((((21,(22,23)),24),(((18,19),20),(16,17))),((14,15),((6,((12,11),(7,(8,(9,10))))),13))));
Tree Score: 12959.916774807265

Step Number: 5
Time Spent: 9.510524209 seconds
Score: 13061.575750733493
Score Improvement: 0.007844107156910418
New Tree:
Tree: (((((((25,26),27),(28,(29,30))),31),((32,33),((34,35),36))),(((0,1),2),((3,4),5))),((((21,(22,23)),24),(((18,19),20),(16,17))),((14,15),((6,((12,11),((9,10),(8,7)))),13))));
Tree Score: 13061.575750733493

Step Number: 6
Time Spent: 8.976462021 seconds
Score: 13067.920950927539
Score Improvement: 4.8579132526871405E-4
New Tree:
Tree: (((((((25,26),27),(28,(29,30))),31),((32,33),((34,35),36))),(((0,1),2),((3,4),5))),((((21,(22,23)),24),(((20,19),18),(16,17))),((14,15),((6,((12,11),((9,10),(8,7)))),13))));
Tree Score: 13067.920950927539

Step Number: 7
Time Spent: 8.45223153 seconds
Score: 13068.76217599283
Score Improvement: 6.43732900167393E-5
New Tree:
Tree: (((((((25,26),27),(28,(29,30))),31),((32,33),((34,35),36))),(((0,1),2),((3,4),5))),((((23,(22,21)),24),(((20,19),18),(16,17))),((14,15),((6,((12,11),((9,10),(8,7)))),13))));
Tree Score: 13068.76217599283

Step Number: 8
Time Spent: 8.450988495 seconds
Score: 13069.568476238055
Score Improvement: 6.16967570736815E-5
New Tree:
Tree: (((((((25,26),27),(29,(28,30))),31),((32,33),((34,35),36))),(((0,1),2),((3,4),5))),((((23,(22,21)),24),(((20,19),18),(16,17))),((14,15),((6,((12,11),((9,10),(8,7)))),13))));
Tree Score: 13069.568476238055

Step Number: 9
Time Spent: 7.931203403 seconds
Score: 13069.568476238055
Score Improvement: 0.0
New Tree:
Tree: (((((((25,26),27),(29,(28,30))),31),((32,33),((34,35),36))),(((0,1),2),((3,4),5))),((((23,(22,21)),24),(((20,19),18),(16,17))),((14,15),((6,((12,11),((9,10),(8,7)))),13))));
Tree Score: 13069.568476238055


TOTAL STEPS: 9
TOTAL TIME: 85.029257354 seconds
Final tree: Tree: (((((((25,26),27),(29,(28,30))),31),((32,33),((34,35),36))),(((0,1),2),((3,4),5))),((((23,(22,21)),24),(((20,19),18),(16,17))),((14,15),((6,((12,11),((9,10),(8,7)))),13))));
Tree Score: 13069.568476238055
Final Tree Score: 13069.568476238055
Total Score Improvement: 0.25136384188260674

===========================================================
RESULTS FROM 1 ITERATION(S):
BEST Tree: (((((((25,26),27),(29,(28,30))),31),((32,33),((34,35),36))),(((0,1),2),((3,4),5))),((((23,(22,21)),24),(((20,19),18),(16,17))),((14,15),((6,((12,11),((9,10),(8,7)))),13))));
Tree Score: 13069.568476238055
BEST TREE SCORE: 13069.568476238055
