--------------ITERATION 1--------------
Input tree: (((0,1),(2,3)),(((4,(5,6)),((7,(((8,9),10),11)),(12,13))),(((14,(15,(16,17))),(18,((19,20),(21,22)))),((23,24),(25,((26,27),((28,(29,((30,31),(32,33)))),(34,(35,36)))))))));
Initial Score: 9341.29039992269

Step Number: 1
Time Spent: 11.455414966 seconds
Score: 10291.420825943982
Score Improvement: 0.10171297383380318
New Tree:
Tree: (((0,1),(2,3)),(((4,(5,6)),((7,(((8,9),10),11)),(12,13))),(((14,(15,(16,17))),(18,((19,20),(21,22)))),(((26,27),((28,(29,((30,31),(32,33)))),(34,(35,36)))),(25,(23,24))))));
Tree Score: 10291.420825943982

Step Number: 2
Time Spent: 10.495997711 seconds
Score: 11130.085101722556
Score Improvement: 0.08149159284832241
New Tree:
Tree: (((0,1),(2,3)),(((((14,(15,(16,17))),(18,((19,20),(21,22)))),(((26,27),((28,(29,((30,31),(32,33)))),(34,(35,36)))),(25,(23,24)))),((7,(((8,9),10),11)),(12,13))),(4,(5,6))));
Tree Score: 11130.085101722556

Step Number: 3
Time Spent: 10.752312986 seconds
Score: 11785.889100732215
Score Improvement: 0.058921741659294424
New Tree:
Tree: (((0,1),(2,3)),(((((14,(15,(16,17))),(18,((19,20),(21,22)))),(((26,27),(25,(23,24))),((28,(29,((30,31),(32,33)))),(34,(35,36))))),((7,(((8,9),10),11)),(12,13))),(4,(5,6))));
Tree Score: 11785.889100732215

Step Number: 4
Time Spent: 10.12936729 seconds
Score: 12007.922350363739
Score Improvement: 0.01883890538370414
New Tree:
Tree: (((0,1),(2,3)),(((((14,(15,(16,17))),(18,((19,20),(21,22)))),(((26,27),(25,(23,24))),((((30,31),(32,33)),(29,28)),(34,(35,36))))),((7,(((8,9),10),11)),(12,13))),(4,(5,6))));
Tree Score: 12007.922350363739

Step Number: 5
Time Spent: 9.620671735 seconds
Score: 12196.558550978943
Score Improvement: 0.01570931216169047
New Tree:
Tree: (((0,1),(2,3)),(((((14,(15,(16,17))),((21,22),((19,20),18))),(((26,27),(25,(23,24))),((((30,31),(32,33)),(29,28)),(34,(35,36))))),((7,(((8,9),10),11)),(12,13))),(4,(5,6))));
Tree Score: 12196.558550978943

Step Number: 6
Time Spent: 9.642610907 seconds
Score: 12245.209826023824
Score Improvement: 0.0039889346524699665
New Tree:
Tree: (((0,1),(2,3)),((((((16,17),(15,14)),((21,22),((19,20),18))),(((26,27),(25,(23,24))),((((30,31),(32,33)),(29,28)),(34,(35,36))))),((7,(((8,9),10),11)),(12,13))),(4,(5,6))));
Tree Score: 12245.209826023824

Step Number: 7
Time Spent: 9.650253779 seconds
Score: 12270.583226597442
Score Improvement: 0.00207210827206028
New Tree:
Tree: (((0,1),(2,3)),((((((16,17),(15,14)),((21,22),((19,20),18))),(((26,27),(25,(23,24))),((((30,31),(29,28)),(32,33)),(34,(35,36))))),((7,(((8,9),10),11)),(12,13))),(4,(5,6))));
Tree Score: 12270.583226597442

Step Number: 8
Time Spent: 9.660670746 seconds
Score: 12289.736051647498
Score Improvement: 0.0015608732442757844
New Tree:
Tree: (((0,1),(2,3)),((((((16,17),(15,14)),((21,22),((19,18),20))),(((26,27),(25,(23,24))),((((30,31),(29,28)),(32,33)),(34,(35,36))))),((7,(((8,9),10),11)),(12,13))),(4,(5,6))));
Tree Score: 12289.736051647498

Step Number: 9
Time Spent: 9.112873642 seconds
Score: 12295.823151900007
Score Improvement: 4.952995106590752E-4
New Tree:
Tree: (((0,1),(2,3)),((((((16,17),(15,14)),((21,22),((19,18),20))),(((26,27),(25,(23,24))),((((30,31),(29,28)),(32,33)),(34,(35,36))))),((7,(((8,9),11),10)),(12,13))),(4,(5,6))));
Tree Score: 12295.823151900007

Step Number: 10
Time Spent: 8.601460773 seconds
Score: 12295.823151900007
Score Improvement: 0.0
New Tree:
Tree: (((0,1),(2,3)),((((((16,17),(15,14)),((21,22),((19,18),20))),(((26,27),(25,(23,24))),((((30,31),(29,28)),(32,33)),(34,(35,36))))),((7,(((8,9),11),10)),(12,13))),(4,(5,6))));
Tree Score: 12295.823151900007


TOTAL STEPS: 10
TOTAL TIME: 99.121634535 seconds
Final tree: Tree: (((0,1),(2,3)),((((((16,17),(15,14)),((21,22),((19,18),20))),(((26,27),(25,(23,24))),((((30,31),(29,28)),(32,33)),(34,(35,36))))),((7,(((8,9),11),10)),(12,13))),(4,(5,6))));
Tree Score: 12295.823151900007
Final Tree Score: 12295.823151900007
Total Score Improvement: 0.316287431980679

===========================================================
RESULTS FROM 1 ITERATION(S):
BEST Tree: (((0,1),(2,3)),((((((16,17),(15,14)),((21,22),((19,18),20))),(((26,27),(25,(23,24))),((((30,31),(29,28)),(32,33)),(34,(35,36))))),((7,(((8,9),11),10)),(12,13))),(4,(5,6))));
Tree Score: 12295.823151900007
BEST TREE SCORE: 12295.823151900007
