Input tree: ((0,1),((((((2,(3,4)),((5,(6,7)),8)),((9,(10,11)),(12,(13,(14,(15,16)))))),(17,(((18,19),(20,21)),(22,23)))),((((24,25),26),(27,(28,29))),(30,((31,32),((33,34),35))))),36));
Initial Score: 10938.734574865985

Step Number: 1
Time Spent: 11.311396233 seconds
Score: 11159.2279239264
Score Improvement: 0.02015711667115916
New Tree:
Tree: ((0,1),((((((2,(3,4)),((5,(6,7)),8)),((9,(10,11)),(12,(13,(14,(15,16)))))),((22,23),(((18,19),(20,21)),17))),((((24,25),26),(27,(28,29))),(30,((31,32),((33,34),35))))),36));
Tree Score: 11159.2279239264

Step Number: 2
Time Spent: 11.306194873 seconds
Score: 11261.223674605104
Score Improvement: 0.009140036512742533
New Tree:
Tree: ((0,1),((((((2,(3,4)),((5,(6,7)),8)),((9,(10,11)),(12,(13,(14,(15,16)))))),((22,23),(((18,19),(20,21)),17))),((((24,25),26),(27,(28,29))),(((33,34),35),((31,32),30)))),36));
Tree Score: 11261.223674605104

Step Number: 3
Time Spent: 10.883908352 seconds
Score: 11353.036449028323
Score Improvement: 0.008153001581014951
New Tree:
Tree: ((0,1),((((((22,23),(((18,19),(20,21)),17)),((9,(10,11)),(12,(13,(14,(15,16)))))),((2,(3,4)),((5,(6,7)),8))),((((24,25),26),(27,(28,29))),(((33,34),35),((31,32),30)))),36));
Tree Score: 11353.036449028323

Step Number: 4
Time Spent: 10.248454151 seconds
Score: 11420.606049017193
Score Improvement: 0.005951676478115564
New Tree:
Tree: ((0,1),((((((22,23),(((18,19),(20,21)),17)),((9,(10,11)),((14,(15,16)),(13,12)))),((2,(3,4)),((5,(6,7)),8))),((((24,25),26),(27,(28,29))),(((33,34),35),((31,32),30)))),36));
Tree Score: 11420.606049017193

Step Number: 5
Time Spent: 9.753423673 seconds
Score: 11446.30834870148
Score Improvement: 0.002250519768738357
New Tree:
Tree: ((0,1),((((((22,23),(((18,19),(20,21)),17)),((9,(10,11)),((14,(13,12)),(15,16)))),((2,(3,4)),((5,(6,7)),8))),((((24,25),26),(27,(28,29))),(((33,34),35),((31,32),30)))),36));
Tree Score: 11446.30834870148

Step Number: 6
Time Spent: 9.763922493 seconds
Score: 11460.566698470297
Score Improvement: 0.0012456723455676055
New Tree:
Tree: ((0,1),((((((22,23),(((18,19),(20,21)),17)),((9,(10,11)),((14,(13,12)),(15,16)))),((2,(3,4)),((5,(6,7)),8))),((((26,25),24),(27,(28,29))),(((33,34),35),((31,32),30)))),36));
Tree Score: 11460.566698470297

Step Number: 7
Time Spent: 9.24435321 seconds
Score: 11462.852648505153
Score Improvement: 1.9946221639832729E-4
New Tree:
Tree: ((0,1),((((((22,23),(((18,19),(20,21)),17)),((9,(10,11)),((12,(13,14)),(15,16)))),((2,(3,4)),((5,(6,7)),8))),((((26,25),24),(27,(28,29))),(((33,34),35),((31,32),30)))),36));
Tree Score: 11462.852648505153

Step Number: 8
Time Spent: 8.695786455 seconds
Score: 11462.852648505153
Score Improvement: 0.0
New Tree:
Tree: ((0,1),((((((22,23),(((18,19),(20,21)),17)),((9,(10,11)),((12,(13,14)),(15,16)))),((2,(3,4)),((5,(6,7)),8))),((((26,25),24),(27,(28,29))),(((33,34),35),((31,32),30)))),36));
Tree Score: 11462.852648505153


TOTAL STEPS: 8
TOTAL TIME: 81.20743944 seconds
Final tree: Tree: ((0,1),((((((22,23),(((18,19),(20,21)),17)),((9,(10,11)),((12,(13,14)),(15,16)))),((2,(3,4)),((5,(6,7)),8))),((((26,25),24),(27,(28,29))),(((33,34),35),((31,32),30)))),36));
Tree Score: 11462.852648505153
Final Tree Score: 11462.852648505153
Total Score Improvement: 0.04791395842471924
