--------------ITERATION 1--------------
Input tree: ((((((0,1),(((2,3),(((4,5),(6,7)),(8,9))),((10,(11,12)),(13,(14,15))))),16),((17,18),(19,20))),(21,(((22,23),24),((25,26),27)))),((28,(29,30)),((31,(32,33)),(34,(35,36)))));
Initial Score: 9167.55417472012

Step Number: 1
Time Spent: 40.730815422 seconds
New Tree:
Tree: ((((((0,1),16),(((2,3),(((4,5),(6,7)),(8,9))),((10,(11,12)),(13,(14,15))))),((17,18),(19,20))),(21,(((22,23),24),((25,26),27)))),((28,(29,30)),((31,(32,33)),(34,(35,36)))));
Tree Score: 9943.114475397204
Score Improvement: 0.08459838751929283

Step Number: 2
Time Spent: 40.441012576 seconds
New Tree:
Tree: ((((((0,1),16),((17,18),(19,20))),(((2,3),(((4,5),(6,7)),(8,9))),((10,(11,12)),(13,(14,15))))),(21,(((22,23),24),((25,26),27)))),((28,(29,30)),((31,(32,33)),(34,(35,36)))));
Tree Score: 11728.636575753611
Score Improvement: 0.1795737245884499

Step Number: 3
Time Spent: 39.715456695 seconds
New Tree:
Tree: ((((((0,1),16),((17,18),(19,20))),(((2,3),(((4,5),(6,7)),(8,9))),((10,(11,12)),(13,(14,15))))),(((25,26),27),(((22,23),24),21))),((28,(29,30)),((31,(32,33)),(34,(35,36)))));
Tree Score: 12030.825150626755
Score Improvement: 0.02576502161366756

Step Number: 4
Time Spent: 39.720996365 seconds
New Tree:
Tree: ((((((0,1),16),((17,18),(19,20))),((((4,5),(6,7)),((2,3),(8,9))),((10,(11,12)),(13,(14,15))))),(((25,26),27),(((22,23),24),21))),((28,(29,30)),((31,(32,33)),(34,(35,36)))));
Tree Score: 12255.934501561027
Score Improvement: 0.01871104833757342

Step Number: 5
Time Spent: 40.285499505 seconds
New Tree:
Tree: (((((19,20),((17,18),((0,1),16))),((((4,5),(6,7)),((2,3),(8,9))),((10,(11,12)),(13,(14,15))))),(((25,26),27),(((22,23),24),21))),((28,(29,30)),((31,(32,33)),(34,(35,36)))));
Tree Score: 12374.866251387324
Score Improvement: 0.009704013171019321

Step Number: 6
Time Spent: 40.585791322 seconds
New Tree:
Tree: (((((19,20),((17,18),((0,1),16))),((((4,5),(6,7)),((2,3),(8,9))),((10,(11,12)),(13,(14,15))))),(((25,26),27),(((22,23),24),21))),((34,(35,36)),((31,(32,33)),(28,(29,30)))));
Tree Score: 12444.058851982158
Score Improvement: 0.005591381691666841

Step Number: 7
Time Spent: 41.238562391 seconds
New Tree:
Tree: (((((19,20),((17,18),((0,1),16))),((((4,5),(6,7)),((2,3),(8,9))),((10,(11,12)),(13,(14,15))))),((31,(32,33)),(28,(29,30)))),((34,(35,36)),(((25,26),27),(((22,23),24),21))));
Tree Score: 12630.537099643825
Score Improvement: 0.014985323508974302

Step Number: 8
Time Spent: 41.082061693 seconds
New Tree:
Tree: (((((19,20),((0,1),((17,18),16))),((((4,5),(6,7)),((2,3),(8,9))),((10,(11,12)),(13,(14,15))))),((31,(32,33)),(28,(29,30)))),((34,(35,36)),(((25,26),27),(((22,23),24),21))));
Tree Score: 12665.348024055576
Score Improvement: 0.002756092170675295

Step Number: 9
Time Spent: 41.416081753 seconds
New Tree:
Tree: (((((19,20),((0,1),((17,18),16))),((((4,5),(6,7)),((2,3),(8,9))),((10,(11,12)),(13,(14,15))))),((31,(32,33)),(28,(29,30)))),((34,(35,36)),(((25,26),27),((21,24),(22,23)))));
Tree Score: 12693.142949015117
Score Improvement: 0.0021945646425782783

Step Number: 10
Time Spent: 41.576891239 seconds
New Tree:
Tree: ((((((17,18),16),((0,1),(19,20))),((((4,5),(6,7)),((2,3),(8,9))),((10,(11,12)),(13,(14,15))))),((31,(32,33)),(28,(29,30)))),((34,(35,36)),(((25,26),27),((21,24),(22,23)))));
Tree Score: 12717.42257416456
Score Improvement: 0.0019128142846076557

Step Number: 11
Time Spent: 41.627879845 seconds
New Tree:
Tree: ((((((17,18),16),((0,1),(19,20))),((((4,5),(6,7)),((2,3),(8,9))),((11,(10,12)),(13,(14,15))))),((31,(32,33)),(28,(29,30)))),((34,(35,36)),(((25,26),27),((21,24),(22,23)))));
Tree Score: 12735.903099330357
Score Improvement: 0.0014531659271384

Step Number: 12
Time Spent: 40.871518788 seconds
New Tree:
Tree: ((((((17,18),16),((0,1),(19,20))),((((4,5),(6,7)),(((8,9),3),2)),((11,(10,12)),(13,(14,15))))),((31,(32,33)),(28,(29,30)))),((34,(35,36)),(((25,26),27),((21,24),(22,23)))));
Tree Score: 12739.591974358647
Score Improvement: 2.896437731600976E-4

Step Number: 13
Time Spent: 41.041063394 seconds
New Tree:
Tree: ((((((17,18),16),((0,1),(19,20))),((((4,5),(6,7)),(((8,9),3),2)),((11,(10,12)),(14,(13,15))))),((31,(32,33)),(28,(29,30)))),((34,(35,36)),(((25,26),27),((21,24),(22,23)))));
Tree Score: 12742.082424271493
Score Improvement: 1.9548898566434936E-4

Step Number: 14
Time Spent: 40.939783125 seconds
New Tree:
Tree: ((((((17,18),16),((0,1),(19,20))),((((4,5),(6,7)),(((3,9),8),2)),((11,(10,12)),(14,(13,15))))),((31,(32,33)),(28,(29,30)))),((34,(35,36)),(((25,26),27),((21,24),(22,23)))));
Tree Score: 12742.811624161268
Score Improvement: 5.722768582838711E-5

Step Number: 15
Time Spent: 40.819541928 seconds
New Tree:
Tree: ((((((17,18),16),((0,1),(19,20))),((((4,5),(6,7)),((2,8),(3,9))),((11,(10,12)),(14,(13,15))))),((31,(32,33)),(28,(29,30)))),((34,(35,36)),(((25,26),27),((21,24),(22,23)))));
Tree Score: 12772.499098984708
Score Improvement: 0.002329742893409037

Step Number: 16
Time Spent: 40.643027791 seconds
New Tree:
Tree: ((((((16,18),17),((0,1),(19,20))),((((4,5),(6,7)),((2,8),(3,9))),((11,(10,12)),(14,(13,15))))),((31,(32,33)),(28,(29,30)))),((34,(35,36)),(((25,26),27),((21,24),(22,23)))));
Tree Score: 12773.187423991223
Score Improvement: 5.3891176752474124E-5

Step Number: 17
Time Spent: 40.65637446 seconds
New Tree:
Tree: ((((((16,18),17),((0,1),(19,20))),((((4,5),(6,7)),((2,8),(3,9))),((11,(10,12)),(14,(13,15))))),((31,(32,33)),(28,(29,30)))),((34,(35,36)),(((25,27),26),((21,24),(22,23)))));
Tree Score: 12773.297849169185
Score Improvement: 8.645076150282094E-6

Step Number: 18
Time Spent: 40.689548721 seconds
New Tree:
Tree: ((((((16,18),17),((0,1),(19,20))),((((4,5),(6,7)),((2,8),(3,9))),((11,(10,12)),(14,(13,15))))),((32,(31,33)),(28,(29,30)))),((34,(35,36)),(((25,27),26),((21,24),(22,23)))));
Tree Score: 12773.308649225344
Score Improvement: 8.455182276545514E-7

Step Number: 19
Time Spent: 41.185884673 seconds
New Tree:
Tree: ((((((16,18),17),((0,1),(19,20))),((((4,5),(6,7)),((2,8),(3,9))),((11,(10,12)),(14,(13,15))))),((32,(31,33)),(28,(29,30)))),((34,(35,36)),(((25,27),26),((21,24),(22,23)))));
Tree Score: 12773.308649225344
Score Improvement: 0.0

TOTAL STEPS: 19
TOTAL TIME: 775.267791686 seconds
Final tree: Tree: ((((((16,18),17),((0,1),(19,20))),((((4,5),(6,7)),((2,8),(3,9))),((11,(10,12)),(14,(13,15))))),((32,(31,33)),(28,(29,30)))),((34,(35,36)),(((25,27),26),((21,24),(22,23)))));
Tree Score: 12773.308649225344
Total Score Improvement: 0.3933169530045679

--------------ITERATION 2--------------
Input tree: (((((0,1),(2,3)),((((4,5),(6,7)),((8,9),10)),(((11,12),(13,((14,15),(16,17)))),18))),((19,((20,(21,22)),23)),((24,25),26))),(27,((28,(((29,30),(31,32)),(33,34))),(35,36))));
Initial Score: 9935.867175381602

Step Number: 1
Time Spent: 41.640023079 seconds
New Tree:
Tree: (((((19,((20,(21,22)),23)),((24,25),26)),((((4,5),(6,7)),((8,9),10)),(((11,12),(13,((14,15),(16,17)))),18))),((0,1),(2,3))),(27,((28,(((29,30),(31,32)),(33,34))),(35,36))));
Tree Score: 11202.895948436082
Score Improvement: 0.12752070359735046

Step Number: 2
Time Spent: 41.404524907 seconds
New Tree:
Tree: (((((19,((20,(21,22)),23)),((24,25),26)),((((4,5),(6,7)),((8,9),10)),(((11,12),18),(13,((14,15),(16,17)))))),((0,1),(2,3))),(27,((28,(((29,30),(31,32)),(33,34))),(35,36))));
Tree Score: 11503.23827285503
Score Improvement: 0.026809346958263536

Step Number: 3
Time Spent: 41.253431041 seconds
New Tree:
Tree: (((((19,((24,25),26)),((20,(21,22)),23)),((((4,5),(6,7)),((8,9),10)),(((11,12),18),(13,((14,15),(16,17)))))),((0,1),(2,3))),(27,((28,(((29,30),(31,32)),(33,34))),(35,36))));
Tree Score: 11669.374697492758
Score Improvement: 0.014442578750174295

Step Number: 4
Time Spent: 41.389624757 seconds
New Tree:
Tree: (((((19,((24,25),26)),((20,(21,22)),23)),((((4,5),(6,7)),((8,9),10)),(((11,12),18),(13,((14,15),(16,17)))))),((0,1),(2,3))),((28,(((29,30),(31,32)),(33,34))),(27,(35,36))));
Tree Score: 11821.41292258174
Score Improvement: 0.0130288236542484

Step Number: 5
Time Spent: 41.067286281 seconds
New Tree:
Tree: (((27,(35,36)),((0,1),(2,3))),((28,(((29,30),(31,32)),(33,34))),(((19,((24,25),26)),((20,(21,22)),23)),((((4,5),(6,7)),((8,9),10)),(((11,12),18),(13,((14,15),(16,17))))))));
Tree Score: 12271.618675821193
Score Improvement: 0.038083920779000247

Step Number: 6
Time Spent: 40.796113878 seconds
New Tree:
Tree: (((27,(35,36)),((0,1),(2,3))),((((29,30),(31,32)),(28,(33,34))),(((19,((24,25),26)),((20,(21,22)),23)),((((4,5),(6,7)),((8,9),10)),(((11,12),18),(13,((14,15),(16,17))))))));
Tree Score: 12703.942700645386
Score Improvement: 0.035229584315229934

Step Number: 7
Time Spent: 44.504286615 seconds
New Tree:
Tree: (((27,(35,36)),((0,1),(2,3))),((((29,30),(31,32)),(28,(33,34))),(((19,((24,25),26)),((20,(21,22)),23)),((((4,5),(6,7)),((8,9),10)),(((14,15),(16,17)),(13,((11,12),18)))))));
Tree Score: 12831.501175557694
Score Improvement: 0.010040857229765887

Step Number: 8
Time Spent: 44.63332558 seconds
New Tree:
Tree: (((27,(35,36)),((0,1),(2,3))),((((29,30),(31,32)),(28,(33,34))),((((24,25),(19,26)),((20,(21,22)),23)),((((4,5),(6,7)),((8,9),10)),(((14,15),(16,17)),(13,((11,12),18)))))));
Tree Score: 12950.395975549916
Score Improvement: 0.009265852713999045

Step Number: 9
Time Spent: 44.360115488 seconds
New Tree:
Tree: (((27,(35,36)),((0,1),(2,3))),((((29,30),(31,32)),(28,(33,34))),((((24,25),(19,26)),((20,23),(21,22))),((((4,5),(6,7)),((8,9),10)),(((14,15),(16,17)),(13,((11,12),18)))))));
Tree Score: 13062.597775013106
Score Improvement: 0.008663966698394754

Step Number: 10
Time Spent: 43.86579313 seconds
New Tree:
Tree: (((27,(35,36)),((0,1),(2,3))),((((29,30),(31,32)),(28,(33,34))),((((24,25),(19,26)),((20,23),(21,22))),((((4,5),(6,7)),((8,9),10)),(((14,15),(16,17)),((11,12),(13,18)))))));
Tree Score: 13106.550900173293
Score Improvement: 0.00336480736199829

Step Number: 11
Time Spent: 44.373133205 seconds
New Tree:
Tree: (((27,(35,36)),((0,1),(2,3))),((((29,30),(31,32)),(28,(33,34))),((((24,25),(19,26)),((20,23),(21,22))),((((4,5),((8,9),10)),(6,7)),(((14,15),(16,17)),((11,12),(13,18)))))));
Tree Score: 13148.381849923804
Score Improvement: 0.0031916062485941588

Step Number: 12
Time Spent: 25.286635682 seconds
New Tree:
Tree: (((36,(35,27)),((0,1),(2,3))),((((29,30),(31,32)),(28,(33,34))),((((24,25),(19,26)),((20,23),(21,22))),((((4,5),((8,9),10)),(6,7)),(((14,15),(16,17)),((11,12),(13,18)))))));
Tree Score: 13171.764900039583
Score Improvement: 0.0017783975536058705

Step Number: 13
Time Spent: 22.943831406 seconds
New Tree:
Tree: (((36,(35,27)),((0,1),(2,3))),((((29,30),(31,32)),(34,(33,28))),((((24,25),(19,26)),((20,23),(21,22))),((((4,5),((8,9),10)),(6,7)),(((14,15),(16,17)),((11,12),(13,18)))))));
Tree Score: 13175.957350008357
Score Improvement: 3.1829067711042214E-4

Step Number: 14
Time Spent: 22.419166222 seconds
New Tree:
Tree: (((36,(35,27)),((0,1),(2,3))),((((29,30),(31,32)),(34,(33,28))),((((24,25),(19,26)),((20,23),(21,22))),((((4,5),((8,9),10)),(6,7)),(((14,15),(16,17)),((11,12),(13,18)))))));
Tree Score: 13175.957350008357
Score Improvement: 0.0

TOTAL STEPS: 14
TOTAL TIME: 539.937291271 seconds
Final tree: Tree: (((36,(35,27)),((0,1),(2,3))),((((29,30),(31,32)),(34,(33,28))),((((24,25),(19,26)),((20,23),(21,22))),((((4,5),((8,9),10)),(6,7)),(((14,15),(16,17)),((11,12),(13,18)))))));
Tree Score: 13175.957350008357
Total Score Improvement: 0.32610039138353475

--------------ITERATION 3--------------
Input tree: ((((0,(1,((2,3),(4,5)))),(((((6,7),(8,(9,10))),(11,12)),((13,14),15)),((16,(((17,18),19),20)),21))),((22,23),(24,((25,26),27)))),(28,((29,(30,31)),(((32,33),(34,35)),36))));
Initial Score: 12531.263850089512

Step Number: 1
Time Spent: 23.615449563 seconds
New Tree:
Tree: ((((0,(1,((2,3),(4,5)))),(((((13,14),15),(11,12)),((6,7),(8,(9,10)))),((16,(((17,18),19),20)),21))),((22,23),(24,((25,26),27)))),(28,((29,(30,31)),(((32,33),(34,35)),36))));
Tree Score: 13165.565198842785
Score Improvement: 0.05061750804558662

Step Number: 2
Time Spent: 23.46968382 seconds
New Tree:
Tree: ((((((2,3),(4,5)),(1,0)),(((((13,14),15),(11,12)),((6,7),(8,(9,10)))),((16,(((17,18),19),20)),21))),((22,23),(24,((25,26),27)))),(28,((29,(30,31)),(((32,33),(34,35)),36))));
Tree Score: 13784.81437287142
Score Improvement: 0.04703551763072533

Step Number: 3
Time Spent: 23.375626538 seconds
New Tree:
Tree: ((((((2,3),(4,5)),(1,0)),(((((13,14),15),(11,12)),((6,7),(8,(9,10)))),((16,(((17,18),19),20)),21))),((22,23),(24,((25,26),27)))),((((32,33),(34,35)),36),((29,(30,31)),28)));
Tree Score: 14309.786322875298
Score Improvement: 0.038083352869591414

Step Number: 4
Time Spent: 24.837535067 seconds
New Tree:
Tree: ((((((2,3),(4,5)),(1,0)),(((((13,14),15),(11,12)),((6,7),(8,(9,10)))),((16,21),(((17,18),19),20)))),((22,23),(24,((25,26),27)))),((((32,33),(34,35)),36),((29,(30,31)),28)));
Tree Score: 14762.517597277067
Score Improvement: 0.031637878035819744

Step Number: 5
Time Spent: 24.374033109 seconds
New Tree:
Tree: ((((((2,3),(4,5)),(1,0)),(((((13,14),15),(11,12)),((6,7),(8,(9,10)))),(((17,18),19),((16,21),20)))),((22,23),(24,((25,26),27)))),((((32,33),(34,35)),36),((29,(30,31)),28)));
Tree Score: 14940.37009668781
Score Improvement: 0.012047572389925376

Step Number: 6
Time Spent: 23.747341964 seconds
New Tree:
Tree: ((((((2,3),(4,5)),(1,0)),(((((13,14),15),(11,12)),((6,7),(8,(9,10)))),(((17,18),19),((16,21),20)))),(((25,26),27),(24,(22,23)))),((((32,33),(34,35)),36),((29,(30,31)),28)));
Tree Score: 15082.788746273727
Score Improvement: 0.009532471328637993

Step Number: 7
Time Spent: 24.723660111 seconds
New Tree:
Tree: ((((((1,0),(4,5)),(2,3)),(((((13,14),15),(11,12)),((6,7),(8,(9,10)))),(((17,18),19),((16,21),20)))),(((25,26),27),(24,(22,23)))),((((32,33),(34,35)),36),((29,(30,31)),28)));
Tree Score: 15172.294046646566
Score Improvement: 0.005934267321416442

Step Number: 8
Time Spent: 28.052692805 seconds
New Tree:
Tree: ((((((1,0),(4,5)),(2,3)),(((((13,14),15),(11,12)),((6,7),(8,(9,10)))),(((17,18),19),((16,21),20)))),(((25,26),27),(24,(22,23)))),((((32,33),(34,35)),36),((29,28),(30,31))));
Tree Score: 15249.402146710665
Score Improvement: 0.005082164887329155

Step Number: 9
Time Spent: 24.070720586 seconds
New Tree:
Tree: ((((((1,0),(4,5)),(2,3)),(((((13,14),15),(11,12)),((6,7),(10,(9,8)))),(((17,18),19),((16,21),20)))),(((25,26),27),(24,(22,23)))),((((32,33),(34,35)),36),((29,28),(30,31))));
Tree Score: 15274.387796773226
Score Improvement: 0.0016384675164429208

Step Number: 10
Time Spent: 26.8120423 seconds
New Tree:
Tree: ((((((1,0),(4,5)),(2,3)),(((((13,14),15),(11,12)),((6,7),(10,(9,8)))),(((17,18),19),((16,21),20)))),(((25,26),27),(24,(22,23)))),((((32,33),36),(34,35)),((29,28),(30,31))));
Tree Score: 15295.05499713181
Score Improvement: 0.0013530624358608634

Step Number: 11
Time Spent: 30.427332066 seconds
New Tree:
Tree: ((((((1,0),(4,5)),(2,3)),(((((13,14),15),(11,12)),((6,7),(10,(9,8)))),(((17,18),19),((16,21),20)))),(((25,26),27),(24,(22,23)))),((((36,33),32),(34,35)),((29,28),(30,31))));
Tree Score: 15314.25327184482
Score Improvement: 0.001255194879430599

Step Number: 12
Time Spent: 23.526670536 seconds
New Tree:
Tree: ((((((1,0),(4,5)),(2,3)),(((((13,14),15),(11,12)),((6,7),(10,(9,8)))),(((17,19),18),((16,21),20)))),(((25,26),27),(24,(22,23)))),((((36,33),32),(34,35)),((29,28),(30,31))));
Tree Score: 15320.975321754464
Score Improvement: 4.3894075606032423E-4

Step Number: 13
Time Spent: 23.024673669 seconds
New Tree:
Tree: ((((((1,0),(4,5)),(2,3)),(((((13,14),15),(11,12)),((6,7),(10,(9,8)))),(((17,19),18),((16,20),21)))),(((25,26),27),(24,(22,23)))),((((36,33),32),(34,35)),((29,28),(30,31))));
Tree Score: 15325.063046749332
Score Improvement: 2.668057946064728E-4

Step Number: 14
Time Spent: 23.469007686 seconds
New Tree:
Tree: ((((((1,0),(4,5)),(2,3)),(((((13,14),15),(11,12)),((6,7),(10,(9,8)))),(((17,19),18),((16,20),21)))),(((25,26),27),(24,(22,23)))),((((36,33),32),(34,35)),((29,28),(30,31))));
Tree Score: 15325.063046749332
Score Improvement: 0.0

TOTAL STEPS: 14
TOTAL TIME: 347.52646982 seconds
Final tree: Tree: ((((((1,0),(4,5)),(2,3)),(((((13,14),15),(11,12)),((6,7),(10,(9,8)))),(((17,19),18),((16,20),21)))),(((25,26),27),(24,(22,23)))),((((36,33),32),(34,35)),((29,28),(30,31))));
Tree Score: 15325.063046749332
Total Score Improvement: 0.22294632289941485

--------------ITERATION 4--------------
Input tree: ((((0,1),((2,3),(((4,5),(6,7)),8))),((9,10),((11,12),((13,14),((15,16),17))))),((((((18,19),(20,21)),(22,23)),((24,(25,(26,27))),(28,29))),30),((31,32),((33,34),(35,36)))));
Initial Score: 10199.498997485178

Step Number: 1
Time Spent: 23.077223229 seconds
New Tree:
Tree: ((((0,1),((2,3),(((4,5),(6,7)),8))),(((13,14),((15,16),17)),((11,12),(9,10)))),((((((18,19),(20,21)),(22,23)),((24,(25,(26,27))),(28,29))),30),((31,32),((33,34),(35,36)))));
Tree Score: 10734.676572182128
Score Improvement: 0.05247096693954334

Step Number: 2
Time Spent: 21.284104774 seconds
New Tree:
Tree: ((((0,1),((2,3),(((4,5),(6,7)),8))),(((13,14),((15,16),17)),((11,12),(9,10)))),((((31,32),((33,34),(35,36))),30),((((18,19),(20,21)),(22,23)),((24,(25,(26,27))),(28,29)))));
Tree Score: 11244.679146779614
Score Improvement: 0.04750982213279786

Step Number: 3
Time Spent: 20.344381573 seconds
New Tree:
Tree: ((((0,1),((2,3),(((4,5),(6,7)),8))),(((13,14),((15,16),17)),((11,12),(9,10)))),((((18,19),(20,21)),(22,23)),((((31,32),((33,34),(35,36))),30),((24,(25,(26,27))),(28,29)))));
Tree Score: 11976.545822403772
Score Improvement: 0.06508559880374709

Step Number: 4
Time Spent: 28.115003521 seconds
New Tree:
Tree: ((((0,1),((2,3),(((4,5),(6,7)),8))),((((31,32),((33,34),(35,36))),30),((24,(25,(26,27))),(28,29)))),((((18,19),(20,21)),(22,23)),(((13,14),((15,16),17)),((11,12),(9,10)))));
Tree Score: 12996.767372476956
Score Improvement: 0.08518495776676427

Step Number: 5
Time Spent: 30.354902744 seconds
New Tree:
Tree: ((((((4,5),(6,7)),8),((2,3),(0,1))),((((31,32),((33,34),(35,36))),30),((24,(25,(26,27))),(28,29)))),((((18,19),(20,21)),(22,23)),(((13,14),((15,16),17)),((11,12),(9,10)))));
Tree Score: 13316.939248317081
Score Improvement: 0.024634731596269832

Step Number: 6
Time Spent: 30.48807324 seconds
New Tree:
Tree: ((((((4,5),(6,7)),8),((2,3),(0,1))),((((31,32),((33,34),(35,36))),30),((24,(25,(26,27))),(28,29)))),((((18,19),(22,23)),(20,21)),(((13,14),((15,16),17)),((11,12),(9,10)))));
Tree Score: 13529.137748342459
Score Improvement: 0.01593447984319618

Step Number: 7
Time Spent: 30.462142568 seconds
New Tree:
Tree: ((((((4,5),(6,7)),8),((2,3),(0,1))),((((31,32),30),((33,34),(35,36))),((24,(25,(26,27))),(28,29)))),((((18,19),(22,23)),(20,21)),(((13,14),((15,16),17)),((11,12),(9,10)))));
Tree Score: 13680.786998985786
Score Improvement: 0.011209084678135417

Step Number: 8
Time Spent: 30.195655188 seconds
New Tree:
Tree: ((((((4,5),(6,7)),8),((2,3),(0,1))),((((31,32),30),((33,34),(35,36))),((24,(28,29)),(25,(26,27))))),((((18,19),(22,23)),(20,21)),(((13,14),((15,16),17)),((11,12),(9,10)))));
Tree Score: 13768.60999929205
Score Improvement: 0.006419440658843145

Step Number: 9
Time Spent: 25.786804524 seconds
New Tree:
Tree: ((((((4,5),(6,7)),8),((2,3),(0,1))),(((35,36),((33,34),((31,32),30))),((24,(28,29)),(25,(26,27))))),((((18,19),(22,23)),(20,21)),(((13,14),((15,16),17)),((11,12),(9,10)))));
Tree Score: 13835.866324625138
Score Improvement: 0.004884757817713359

Step Number: 10
Time Spent: 31.24116349 seconds
New Tree:
Tree: ((((((4,5),(6,7)),8),((2,3),(0,1))),(((35,36),((31,32),((33,34),30))),((24,(28,29)),(25,(26,27))))),((((18,19),(22,23)),(20,21)),(((13,14),((15,16),17)),((11,12),(9,10)))));
Tree Score: 13877.859674186897
Score Improvement: 0.00303510807176699

Step Number: 11
Time Spent: 31.422026852 seconds
New Tree:
Tree: ((((((4,5),(6,7)),8),((2,3),(0,1))),(((35,36),((31,32),((33,34),30))),((24,(28,29)),(25,(26,27))))),((((18,19),(22,23)),(20,21)),(((15,16),((13,14),17)),((11,12),(9,10)))));
Tree Score: 13907.527074340716
Score Improvement: 0.002137750406066008

Step Number: 12
Time Spent: 30.140371622 seconds
New Tree:
Tree: ((((((4,5),(6,7)),8),((2,3),(0,1))),(((35,36),((31,32),((33,34),30))),((24,(28,29)),(25,(26,27))))),((((18,19),(22,23)),(20,21)),(((15,16),((17,14),13)),((11,12),(9,10)))));
Tree Score: 13923.734124485389
Score Improvement: 0.0011653437780878573

Step Number: 13
Time Spent: 24.552543169 seconds
New Tree:
Tree: ((((((4,5),(6,7)),8),((2,3),(0,1))),(((35,36),((31,32),((33,30),34))),((24,(28,29)),(25,(26,27))))),((((18,19),(22,23)),(20,21)),(((15,16),((17,14),13)),((11,12),(9,10)))));
Tree Score: 13931.987599590313
Score Improvement: 5.92763049849454E-4

Step Number: 14
Time Spent: 20.503405008 seconds
New Tree:
Tree: ((((((4,5),(6,7)),8),((2,3),(0,1))),(((35,36),((31,32),((33,30),34))),((24,(28,29)),(26,(25,27))))),((((18,19),(22,23)),(20,21)),(((15,16),((17,14),13)),((11,12),(9,10)))));
Tree Score: 13938.887599823516
Score Improvement: 4.952631621208958E-4

Step Number: 15
Time Spent: 20.500351337 seconds
New Tree:
Tree: ((((((4,5),8),(6,7)),((2,3),(0,1))),(((35,36),((31,32),((33,30),34))),((24,(28,29)),(26,(25,27))))),((((18,19),(22,23)),(20,21)),(((15,16),((17,14),13)),((11,12),(9,10)))));
Tree Score: 13942.239974864584
Score Improvement: 2.4050520653529084E-4

Step Number: 16
Time Spent: 21.580623347 seconds
New Tree:
Tree: ((((((8,5),4),(6,7)),((2,3),(0,1))),(((35,36),((31,32),((33,30),34))),((24,(28,29)),(26,(25,27))))),((((18,19),(22,23)),(20,21)),(((15,16),((17,14),13)),((11,12),(9,10)))));
Tree Score: 13971.697724858835
Score Improvement: 0.002112841985746794

Step Number: 17
Time Spent: 31.342662919 seconds
New Tree:
Tree: ((((((2,3),(0,1)),(6,7)),((8,5),4)),(((35,36),((31,32),((33,30),34))),((24,(28,29)),(26,(25,27))))),((((18,19),(22,23)),(20,21)),(((15,16),((17,14),13)),((11,12),(9,10)))));
Tree Score: 14010.050373139833
Score Improvement: 0.0027450241936424202

Step Number: 18
Time Spent: 30.362953069 seconds
New Tree:
Tree: ((((((6,7),(0,1)),(2,3)),((8,5),4)),(((35,36),((31,32),((33,30),34))),((24,(28,29)),(26,(25,27))))),((((18,19),(22,23)),(20,21)),(((15,16),((17,14),13)),((11,12),(9,10)))));
Tree Score: 14057.93169851634
Score Improvement: 0.003417641200513133

Step Number: 19
Time Spent: 30.165455887 seconds
New Tree:
Tree: ((((((8,5),4),(2,3)),((6,7),(0,1))),(((35,36),((31,32),((33,30),34))),((24,(28,29)),(26,(25,27))))),((((18,19),(22,23)),(20,21)),(((15,16),((17,14),13)),((11,12),(9,10)))));
Tree Score: 14063.249022622082
Score Improvement: 3.7824370040873134E-4

Step Number: 20
Time Spent: 23.414359187 seconds
New Tree:
Tree: ((((((8,5),4),(2,3)),((6,(0,1)),7)),(((35,36),((31,32),((33,30),34))),((24,(28,29)),(26,(25,27))))),((((18,19),(22,23)),(20,21)),(((15,16),((17,14),13)),((11,12),(9,10)))));
Tree Score: 14071.987072581438
Score Improvement: 6.213393466403261E-4

Step Number: 21
Time Spent: 26.688223273 seconds
New Tree:
Tree: ((((((8,5),4),(2,3)),((1,(0,6)),7)),(((35,36),((31,32),((33,30),34))),((24,(28,29)),(26,(25,27))))),((((18,19),(22,23)),(20,21)),(((15,16),((17,14),13)),((11,12),(9,10)))));
Tree Score: 14077.230697594829
Score Improvement: 3.726286121743527E-4

Step Number: 22
Time Spent: 20.416115625 seconds
New Tree:
Tree: ((((((8,5),4),(2,3)),((1,7),(0,6))),(((35,36),((31,32),((33,30),34))),((24,(28,29)),(26,(25,27))))),((((18,19),(22,23)),(20,21)),(((15,16),((17,14),13)),((11,12),(9,10)))));
Tree Score: 14100.756272693847
Score Improvement: 0.0016711791974139967

Step Number: 23
Time Spent: 20.256976883 seconds
New Tree:
Tree: ((((((8,5),4),(2,3)),((1,7),(0,6))),(((35,36),((31,32),((33,30),34))),((24,(28,29)),(26,(25,27))))),((((18,19),(22,23)),(20,21)),(((15,16),((17,14),13)),((11,12),(9,10)))));
Tree Score: 14100.756272693847
Score Improvement: 0.0

TOTAL STEPS: 23
TOTAL TIME: 602.695523029 seconds
Final tree: Tree: ((((((8,5),4),(2,3)),((1,7),(0,6))),(((35,36),((31,32),((33,30),34))),((24,(28,29)),(26,(25,27))))),((((18,19),(22,23)),(20,21)),(((15,16),((17,14),13)),((11,12),(9,10)))));
Tree Score: 14100.756272693847
Total Score Improvement: 0.38249499080009475

--------------ITERATION 5--------------
Input tree: (((((0,1),((2,3),4)),(5,(((6,(7,8)),9),((10,(11,12)),13)))),(14,(15,((16,17),18)))),((19,((((20,21),((22,(23,24)),(25,26))),27),28)),((((29,(30,31)),32),33),(34,(35,36)))));
Initial Score: 8953.181552565524

Step Number: 1
Time Spent: 20.827749605 seconds
New Tree:
Tree: (((((0,1),((2,3),4)),(((6,(7,8)),9),(5,((10,(11,12)),13)))),(14,(15,((16,17),18)))),((19,((((20,21),((22,(23,24)),(25,26))),27),28)),((((29,(30,31)),32),33),(34,(35,36)))));
Tree Score: 10236.06432688773
Score Improvement: 0.1432879213707665

Step Number: 2
Time Spent: 20.826966125 seconds
New Tree:
Tree: (((((0,1),((2,3),4)),(14,(15,((16,17),18)))),(((6,(7,8)),9),(5,((10,(11,12)),13)))),((19,((((20,21),((22,(23,24)),(25,26))),27),28)),((((29,(30,31)),32),33),(34,(35,36)))));
Tree Score: 11044.289776040181
Score Improvement: 0.07895861371537438

Step Number: 3
Time Spent: 20.669133764 seconds
New Tree:
Tree: (((((0,1),((2,3),4)),(14,(15,((16,17),18)))),(((6,(7,8)),9),(5,((10,(11,12)),13)))),(((((20,21),((22,(23,24)),(25,26))),27),(19,28)),((((29,(30,31)),32),33),(34,(35,36)))));
Tree Score: 11548.875651967574
Score Improvement: 0.045687489748961196

Step Number: 4
Time Spent: 20.698074944 seconds
New Tree:
Tree: (((((0,1),((2,3),4)),(14,(15,((16,17),18)))),(((6,(7,8)),9),(5,((10,(11,12)),13)))),((((19,28),27),((20,21),((22,(23,24)),(25,26)))),((((29,(30,31)),32),33),(34,(35,36)))));
Tree Score: 11934.416050681226
Score Improvement: 0.033383370843374616

Step Number: 5
Time Spent: 28.084004957 seconds
New Tree:
Tree: (((((0,1),((2,3),4)),(((16,17),18),(15,14))),(((6,(7,8)),9),(5,((10,(11,12)),13)))),((((19,28),27),((20,21),((22,(23,24)),(25,26)))),((((29,(30,31)),32),33),(34,(35,36)))));
Tree Score: 12114.08050090944
Score Improvement: 0.015054314301197635

Step Number: 6
Time Spent: 29.052983903 seconds
New Tree:
Tree: (((((0,1),((2,3),4)),(((16,17),18),(15,14))),(((6,(7,8)),9),(5,((10,(11,12)),13)))),((((19,28),27),((20,21),((22,(23,24)),(25,26)))),(((33,32),(29,(30,31))),(34,(35,36)))));
Tree Score: 12250.768700328968
Score Improvement: 0.01128341514729625

Step Number: 7
Time Spent: 29.287500388 seconds
New Tree:
Tree: (((((0,1),((2,3),4)),(((16,17),18),(15,14))),(((6,9),(7,8)),(5,((10,(11,12)),13)))),((((19,28),27),((20,21),((22,(23,24)),(25,26)))),(((33,32),(29,(30,31))),(34,(35,36)))));
Tree Score: 12374.576076058052
Score Improvement: 0.010106090381557742

Step Number: 8
Time Spent: 32.985572957 seconds
New Tree:
Tree: (((((0,1),((2,3),4)),(((16,17),18),(15,14))),(((6,9),(7,8)),(5,((10,(11,12)),13)))),((((22,(23,24)),(25,26)),((20,21),((19,28),27))),(((33,32),(29,(30,31))),(34,(35,36)))));
Tree Score: 12486.135551376276
Score Improvement: 0.00901521592598753

Step Number: 9
Time Spent: 33.047686092 seconds
New Tree:
Tree: (((((0,1),((2,3),4)),(((16,17),18),(15,14))),(((6,9),(7,8)),(5,((10,(11,12)),13)))),((((22,(23,24)),(25,26)),((20,21),((19,28),27))),(((33,32),(34,(35,36))),(29,(30,31)))));
Tree Score: 12591.858451541055
Score Improvement: 0.008467223483980657

Step Number: 10
Time Spent: 33.045290607 seconds
New Tree:
Tree: (((((0,1),((2,3),4)),(((16,17),18),(15,14))),(((6,9),(7,8)),(5,((10,13),(11,12))))),((((22,(23,24)),(25,26)),((20,21),((19,28),27))),(((33,32),(34,(35,36))),(29,(30,31)))));
Tree Score: 12670.281301777351
Score Improvement: 0.00622806002291898

Step Number: 11
Time Spent: 33.0377599 seconds
New Tree:
Tree: (((((2,3),((0,1),4)),(((16,17),18),(15,14))),(((6,9),(7,8)),(5,((10,13),(11,12))))),((((22,(23,24)),(25,26)),((20,21),((19,28),27))),(((33,32),(34,(35,36))),(29,(30,31)))));
Tree Score: 12722.967376898749
Score Improvement: 0.004158240363140608

Step Number: 12
Time Spent: 33.103192802 seconds
New Tree:
Tree: (((((2,3),((0,1),4)),(((16,17),18),(15,14))),(((6,9),(7,8)),(5,((10,13),(11,12))))),((((22,(23,24)),(25,26)),((20,21),((19,28),27))),((34,((33,32),(35,36))),(29,(30,31)))));
Tree Score: 12758.876252231777
Score Improvement: 0.002822366376434182

Step Number: 13
Time Spent: 33.04031693 seconds
New Tree:
Tree: (((((2,3),((0,1),4)),(((16,17),18),(15,14))),(((6,9),(7,8)),(5,((10,13),(11,12))))),((((22,(23,24)),(25,26)),((20,21),((19,28),27))),((34,(29,(30,31))),((33,32),(35,36)))));
Tree Score: 12815.941777193402
Score Improvement: 0.004472613718754737

Step Number: 14
Time Spent: 32.990948012 seconds
New Tree:
Tree: (((((2,3),((0,1),4)),(((16,17),18),(15,14))),(((6,9),(7,8)),(5,((10,13),(11,12))))),((((22,(23,24)),(25,26)),((20,21),((19,28),27))),(((30,31),(29,34)),((33,32),(35,36)))));
Tree Score: 12901.954577122298
Score Improvement: 0.006711391283156454

Step Number: 15
Time Spent: 33.067822801 seconds
New Tree:
Tree: (((((2,3),((0,1),4)),(((15,14),18),(16,17))),(((6,9),(7,8)),(5,((10,13),(11,12))))),((((22,(23,24)),(25,26)),((20,21),((19,28),27))),(((30,31),(29,34)),((33,32),(35,36)))));
Tree Score: 12936.824551206497
Score Improvement: 0.0027026892612092013

Step Number: 16
Time Spent: 33.104682168 seconds
New Tree:
Tree: (((((2,3),((0,1),4)),(((15,14),18),(16,17))),(((6,9),(7,8)),(5,((10,13),(11,12))))),((((22,(23,24)),(25,26)),((19,28),((20,21),27))),(((30,31),(29,34)),((33,32),(35,36)))));
Tree Score: 12959.214751020045
Score Improvement: 0.001730733823043229

Step Number: 17
Time Spent: 33.097449753 seconds
New Tree:
Tree: (((((2,3),((0,1),4)),(((15,18),14),(16,17))),(((6,9),(7,8)),(5,((10,13),(11,12))))),((((22,(23,24)),(25,26)),((19,28),((20,21),27))),(((30,31),(29,34)),((33,32),(35,36)))));
Tree Score: 12966.761176101834
Score Improvement: 5.82321168896005E-4

Step Number: 18
Time Spent: 32.033889017 seconds
New Tree:
Tree: (((((2,3),((4,1),0)),(((15,18),14),(16,17))),(((6,9),(7,8)),(5,((10,13),(11,12))))),((((22,(23,24)),(25,26)),((19,28),((20,21),27))),(((30,31),(29,34)),((33,32),(35,36)))));
Tree Score: 12971.79222602697
Score Improvement: 3.8799588091498194E-4

Step Number: 19
Time Spent: 19.971060007 seconds
New Tree:
Tree: (((((2,3),((4,1),0)),(((15,18),14),(16,17))),(((6,9),(7,8)),(5,((10,13),(11,12))))),((((22,(25,26)),(23,24)),((19,28),((20,21),27))),(((30,31),(29,34)),((33,32),(35,36)))));
Tree Score: 12974.386701301177
Score Improvement: 2.0000900638850183E-4

Step Number: 20
Time Spent: 19.898590248 seconds
New Tree:
Tree: (((((2,3),((4,1),0)),(((15,18),14),(16,17))),(((6,9),(7,8)),(5,((10,13),(11,12))))),((((26,(25,22)),(23,24)),((19,28),((20,21),27))),(((30,31),(29,34)),((33,32),(35,36)))));
Tree Score: 12977.06477604105
Score Improvement: 2.0641243409258436E-4

Step Number: 21
Time Spent: 19.900255054 seconds
New Tree:
Tree: (((((2,3),((4,1),0)),(((15,18),14),(16,17))),(((6,9),(7,8)),(5,((10,13),(11,12))))),((((26,(25,22)),(23,24)),((19,28),((20,27),21))),(((30,31),(29,34)),((33,32),(35,36)))));
Tree Score: 12979.000351056427
Score Improvement: 1.491535296140878E-4

Step Number: 22
Time Spent: 19.902416362 seconds
New Tree:
Tree: (((((2,3),((4,1),0)),(((15,18),14),(16,17))),(((6,9),(7,8)),(5,((10,13),(11,12))))),((((26,(25,22)),(23,24)),((19,28),((20,27),21))),(((30,31),(29,34)),((33,32),(35,36)))));
Tree Score: 12979.000351056427
Score Improvement: 0.0

TOTAL STEPS: 22
TOTAL TIME: 611.673346396 seconds
Final tree: Tree: (((((2,3),((4,1),0)),(((15,18),14),(16,17))),(((6,9),(7,8)),(5,((10,13),(11,12))))),((((26,(25,22)),(23,24)),((19,28),((20,27),21))),(((30,31),(29,34)),((33,32),(35,36)))));
Tree Score: 12979.000351056427
Total Score Improvement: 0.4496523135217012

--------------ITERATION 6--------------
Input tree: (((((0,1),2),(3,(4,5))),(((6,((((7,8),9),10),((11,12),13))),(((14,15),16),17)),((18,(19,20)),(((21,22),23),(24,25))))),((26,((27,28),(29,((30,(31,32)),33)))),((34,35),36)));
Initial Score: 11927.478901763447

Step Number: 1
Time Spent: 20.390128173 seconds
New Tree:
Tree: (((((0,1),2),(3,(4,5))),((34,35),36)),((26,((27,28),(29,((30,(31,32)),33)))),(((6,((((7,8),9),10),((11,12),13))),(((14,15),16),17)),((18,(19,20)),(((21,22),23),(24,25))))));
Tree Score: 12842.919728443958
Score Improvement: 0.07675057187023526

Step Number: 2
Time Spent: 20.216005052 seconds
New Tree:
Tree: (((((0,1),2),(3,(4,5))),((34,35),36)),(((29,((30,(31,32)),33)),((27,28),26)),(((6,((((7,8),9),10),((11,12),13))),(((14,15),16),17)),((18,(19,20)),(((21,22),23),(24,25))))));
Tree Score: 14155.94767824281
Score Improvement: 0.10223749564445317

Step Number: 3
Time Spent: 20.396605812 seconds
New Tree:
Tree: (((((0,1),2),(3,(4,5))),((34,35),36)),(((29,((30,(31,32)),33)),((27,28),26)),(((6,(((14,15),16),17)),((((7,8),9),10),((11,12),13))),((18,(19,20)),(((21,22),23),(24,25))))));
Tree Score: 14839.54757652583
Score Improvement: 0.048290648836862404

Step Number: 4
Time Spent: 20.291074445 seconds
New Tree:
Tree: (((((0,1),2),(3,(4,5))),((34,35),36)),(((29,((30,(31,32)),33)),((27,28),26)),(((((14,15),16),(6,17)),((((7,8),9),10),((11,12),13))),((18,(19,20)),(((21,22),23),(24,25))))));
Tree Score: 15046.591751691303
Score Improvement: 0.013952189182168118

Step Number: 5
Time Spent: 20.287719759 seconds
New Tree:
Tree: (((((0,1),2),(3,(4,5))),((34,35),36)),(((29,((30,(31,32)),33)),((27,28),26)),(((((14,15),16),(6,17)),(((10,9),(7,8)),((11,12),13))),((18,(19,20)),(((21,22),23),(24,25))))));
Tree Score: 15138.325776487938
Score Improvement: 0.006096664700584009

Step Number: 6
Time Spent: 20.249154659 seconds
New Tree:
Tree: (((((0,1),2),(3,(4,5))),((34,35),36)),((((30,(31,32)),(29,33)),((27,28),26)),(((((14,15),16),(6,17)),(((10,9),(7,8)),((11,12),13))),((18,(19,20)),(((21,22),23),(24,25))))));
Tree Score: 15208.314726189128
Score Improvement: 0.004623295253025406

Step Number: 7
Time Spent: 20.356852782 seconds
New Tree:
Tree: (((((0,1),2),(3,(4,5))),((34,35),36)),((((30,(31,32)),(29,33)),((27,28),26)),(((((14,15),16),(6,17)),(((10,9),(7,8)),((11,12),13))),(((21,22),23),((18,(19,20)),(24,25))))));
Tree Score: 15261.36540084926
Score Improvement: 0.003488267807134182

Step Number: 8
Time Spent: 20.276223185 seconds
New Tree:
Tree: (((((0,1),2),(3,(4,5))),((34,35),36)),((((30,(31,32)),(29,33)),((27,28),26)),(((((14,15),16),(6,17)),(((10,9),(7,8)),((11,13),12))),(((21,22),23),((18,(19,20)),(24,25))))));
Tree Score: 15314.228026153869
Score Improvement: 0.003463820170485299

Step Number: 9
Time Spent: 20.271624276 seconds
New Tree:
Tree: (((((0,1),2),(5,(4,3))),((34,35),36)),((((30,(31,32)),(29,33)),((27,28),26)),(((((14,15),16),(6,17)),(((10,9),(7,8)),((11,13),12))),(((21,22),23),((18,(19,20)),(24,25))))));
Tree Score: 15354.17545108369
Score Improvement: 0.002608517051045478

Step Number: 10
Time Spent: 20.268121387 seconds
New Tree:
Tree: (((((0,1),2),(5,(4,3))),((36,35),34)),((((30,(31,32)),(29,33)),((27,28),26)),(((((14,15),16),(6,17)),(((10,9),(7,8)),((11,13),12))),(((21,22),23),((18,(19,20)),(24,25))))));
Tree Score: 15393.350075668306
Score Improvement: 0.002551398784611969

Step Number: 11
Time Spent: 20.268703863 seconds
New Tree:
Tree: (((((0,1),2),(5,(4,3))),((36,35),34)),((((30,(31,32)),(29,33)),((27,28),26)),(((((14,15),16),(6,17)),(((10,9),(7,8)),((11,13),12))),(((21,23),22),((18,(19,20)),(24,25))))));
Tree Score: 15429.114000486792
Score Improvement: 0.0023233360277445936

Step Number: 12
Time Spent: 20.274381959 seconds
New Tree:
Tree: (((((0,1),2),(5,(4,3))),((36,35),34)),((((30,(31,32)),(29,33)),((27,28),26)),(((((14,16),15),(6,17)),(((10,9),(7,8)),((11,13),12))),(((21,23),22),((18,(19,20)),(24,25))))));
Tree Score: 15436.066900497884
Score Improvement: 4.506350792969904E-4

Step Number: 13
Time Spent: 20.274419953 seconds
New Tree:
Tree: (((((0,1),2),(5,(4,3))),((36,35),34)),((((30,(31,32)),(29,33)),((27,28),26)),(((((6,17),15),(14,16)),(((10,9),(7,8)),((11,13),12))),(((21,23),22),((18,(19,20)),(24,25))))));
Tree Score: 15446.970500614087
Score Improvement: 7.063716545470111E-4

Step Number: 14
Time Spent: 20.281094265 seconds
New Tree:
Tree: (((((0,1),2),(5,(4,3))),((36,35),34)),((((30,(29,33)),(31,32)),((27,28),26)),(((((6,17),15),(14,16)),(((10,9),(7,8)),((11,13),12))),(((21,23),22),((18,(19,20)),(24,25))))));
Tree Score: 15453.83890070353
Score Improvement: 4.446438276792808E-4

Step Number: 15
Time Spent: 20.27943805 seconds
New Tree:
Tree: (((((0,1),2),(5,(4,3))),((36,35),34)),((((33,(29,30)),(31,32)),((27,28),26)),(((((6,17),15),(14,16)),(((10,9),(7,8)),((11,13),12))),(((21,23),22),((18,(19,20)),(24,25))))));
Tree Score: 15459.200325641374
Score Improvement: 3.4693159235654747E-4

Step Number: 16
Time Spent: 20.269782491 seconds
New Tree:
Tree: (((((0,2),1),(5,(4,3))),((36,35),34)),((((33,(29,30)),(31,32)),((27,28),26)),(((((6,17),15),(14,16)),(((10,9),(7,8)),((11,13),12))),(((21,23),22),((18,(19,20)),(24,25))))));
Tree Score: 15460.168475679646
Score Improvement: 6.262613963703423E-5

Step Number: 17
Time Spent: 20.319187867 seconds
New Tree:
Tree: (((((0,2),1),(5,(4,3))),((36,35),34)),((((33,(29,30)),(31,32)),((26,28),27)),(((((6,17),15),(14,16)),(((10,9),(7,8)),((11,13),12))),(((21,23),22),((18,(19,20)),(24,25))))));
Tree Score: 15461.063875771652
Score Improvement: 5.7916580496142345E-5

Step Number: 18
Time Spent: 20.328067627 seconds
New Tree:
Tree: (((((0,2),1),(5,(4,3))),((36,35),34)),((((33,(29,30)),(31,32)),((26,28),27)),(((((6,17),15),(14,16)),(((10,9),(7,8)),((11,13),12))),(((21,23),22),((18,(19,20)),(24,25))))));
Tree Score: 15461.063875771652
Score Improvement: 0.0

TOTAL STEPS: 18
TOTAL TIME: 365.298585605 seconds
Final tree: Tree: (((((0,2),1),(5,(4,3))),((36,35),34)),((((33,(29,30)),(31,32)),((26,28),27)),(((((6,17),15),(14,16)),(((10,9),(7,8)),((11,13),12))),(((21,23),22),((18,(19,20)),(24,25))))));
Tree Score: 15461.063875771652
Total Score Improvement: 0.29625581425139

--------------ITERATION 7--------------
Input tree: ((0,((1,(2,3)),(4,(5,(6,7))))),((((8,9),((10,11),12)),(((13,(((14,15),16),17)),((((18,19),(20,21)),(((22,23),24),25)),26)),((27,28),29))),(30,(31,((32,(33,34)),(35,36))))));
Initial Score: 9259.980878956774

Step Number: 1
Time Spent: 20.5297094 seconds
New Tree:
Tree: (((1,(2,3)),(0,(4,(5,(6,7))))),((((8,9),((10,11),12)),(((13,(((14,15),16),17)),((((18,19),(20,21)),(((22,23),24),25)),26)),((27,28),29))),(30,(31,((32,(33,34)),(35,36))))));
Tree Score: 9756.202979444888
Score Improvement: 0.053587810490599797

Step Number: 2
Time Spent: 20.55744484 seconds
New Tree:
Tree: (((1,(2,3)),(0,(4,(5,(6,7))))),((((8,9),((10,11),12)),(((13,(((14,15),16),17)),((((18,19),(20,21)),(((22,23),24),25)),26)),((27,28),29))),(((32,(33,34)),(35,36)),(31,30))));
Tree Score: 10155.079030097824
Score Improvement: 0.04088435342041552

Step Number: 3
Time Spent: 20.741043258 seconds
New Tree:
Tree: (((1,(2,3)),(0,(4,(5,(6,7))))),((((8,9),((10,11),12)),(((13,(((14,15),16),17)),((26,(((22,23),24),25)),((18,19),(20,21)))),((27,28),29))),(((32,(33,34)),(35,36)),(31,30))));
Tree Score: 10530.014180333832
Score Improvement: 0.03692094853469552

Step Number: 4
Time Spent: 20.455838064 seconds
New Tree:
Tree: (((1,(2,3)),(0,(4,(5,(6,7))))),((((8,9),((10,11),12)),(((((14,15),16),(13,17)),((26,(((22,23),24),25)),((18,19),(20,21)))),((27,28),29))),(((32,(33,34)),(35,36)),(31,30))));
Tree Score: 10790.8772554882
Score Improvement: 0.02477328811594237

Step Number: 5
Time Spent: 20.400952524 seconds
New Tree:
Tree: (((1,(2,3)),(0,(4,(5,(6,7))))),((((8,9),((10,11),12)),(((((14,15),16),(13,17)),((26,(((22,23),24),25)),((18,19),(20,21)))),((27,28),29))),(((31,30),(35,36)),(32,(33,34)))));
Tree Score: 10941.770930874814
Score Improvement: 0.013983448408688925

Step Number: 6
Time Spent: 24.468417319 seconds
New Tree:
Tree: (((1,(2,3)),(0,(4,(5,(6,7))))),((((8,9),((10,11),12)),(((((14,15),16),(13,17)),((((22,23),24),(26,25)),((18,19),(20,21)))),((27,28),29))),(((31,30),(35,36)),(32,(33,34)))));
Tree Score: 11075.523055586686
Score Improvement: 0.012223992400942851

Step Number: 7
Time Spent: 20.413941885 seconds
New Tree:
Tree: (((1,(2,3)),((5,(6,7)),(4,0))),((((8,9),((10,11),12)),(((((14,15),16),(13,17)),((((22,23),24),(26,25)),((18,19),(20,21)))),((27,28),29))),(((31,30),(35,36)),(32,(33,34)))));
Tree Score: 11163.687155652251
Score Improvement: 0.007960265138096112

Step Number: 8
Time Spent: 20.499835699 seconds
New Tree:
Tree: (((1,(2,3)),((5,(6,7)),(4,0))),((((8,9),((10,11),12)),(((((22,23),24),(26,25)),((((14,15),16),(13,17)),((18,19),(20,21)))),((27,28),29))),(((31,30),(35,36)),(32,(33,34)))));
Tree Score: 11228.582052986296
Score Improvement: 0.005813034388122196

Step Number: 9
Time Spent: 20.499275781 seconds
New Tree:
Tree: (((1,(2,3)),((5,(6,7)),(4,0))),((((8,9),((10,11),12)),(((((22,23),24),(26,25)),((27,28),29)),((((14,15),16),(13,17)),((18,19),(20,21))))),(((31,30),(35,36)),(32,(33,34)))));
Tree Score: 12269.772854222463
Score Improvement: 0.09272682840299118

Step Number: 10
Time Spent: 20.254932209 seconds
New Tree:
Tree: (((1,(2,3)),((5,(6,7)),(4,0))),((((((22,23),24),(26,25)),((27,28),29)),(((8,9),((10,11),12)),((((14,15),16),(13,17)),((18,19),(20,21))))),(((31,30),(35,36)),(32,(33,34)))));
Tree Score: 13183.104077547685
Score Improvement: 0.07443750052886378

Step Number: 11
Time Spent: 20.245016354 seconds
New Tree:
Tree: (((1,(2,3)),((5,(6,7)),(4,0))),((((((22,23),24),(26,25)),((27,28),29)),(((31,30),(35,36)),(32,(33,34)))),(((8,9),((10,11),12)),((((14,15),16),(13,17)),((18,19),(20,21))))));
Tree Score: 13724.396175590762
Score Improvement: 0.041059533085607614

Step Number: 12
Time Spent: 20.121230081 seconds
New Tree:
Tree: (((1,(2,3)),((5,(6,7)),(4,0))),((((((22,23),24),(26,25)),((27,29),28)),(((31,30),(35,36)),(32,(33,34)))),(((8,9),((10,11),12)),((((14,15),16),(13,17)),((18,19),(20,21))))));
Tree Score: 13758.346275368192
Score Improvement: 0.002473704441570357

Step Number: 13
Time Spent: 20.185884672 seconds
New Tree:
Tree: (((1,(2,3)),((7,(6,5)),(4,0))),((((((22,23),24),(26,25)),((27,29),28)),(((31,30),(35,36)),(32,(33,34)))),(((8,9),((10,11),12)),((((14,15),16),(13,17)),((18,19),(20,21))))));
Tree Score: 13781.847100259472
Score Improvement: 0.0017081140727903676

Step Number: 14
Time Spent: 20.181374462 seconds
New Tree:
Tree: (((1,(2,3)),((7,(6,5)),(4,0))),((((((26,25),24),(22,23)),((27,29),28)),(((31,30),(35,36)),(32,(33,34)))),(((8,9),((10,11),12)),((((14,15),16),(13,17)),((18,19),(20,21))))));
Tree Score: 13792.816475685422
Score Improvement: 7.959292644992289E-4

Step Number: 15
Time Spent: 20.157205746 seconds
New Tree:
Tree: (((1,(2,3)),((7,(6,5)),(4,0))),((((((26,25),24),(22,23)),((27,29),28)),(((31,30),(35,36)),(32,(33,34)))),(((8,9),((10,11),12)),((((14,16),15),(13,17)),((18,19),(20,21))))));
Tree Score: 13799.572800842781
Score Improvement: 4.898437653593213E-4

Step Number: 16
Time Spent: 20.110884492 seconds
New Tree:
Tree: (((1,(2,3)),((7,(6,5)),(4,0))),((((((24,25),26),(22,23)),((27,29),28)),(((31,30),(35,36)),(32,(33,34)))),(((8,9),((10,11),12)),((((14,16),15),(13,17)),((18,19),(20,21))))));
Tree Score: 13802.140575585623
Score Improvement: 1.8607639380574525E-4

Step Number: 17
Time Spent: 20.148154315 seconds
New Tree:
Tree: (((1,(2,3)),((7,(6,5)),(4,0))),((((((24,25),26),(22,23)),((27,29),28)),(((31,30),(35,36)),(33,(32,34)))),(((8,9),((10,11),12)),((((14,16),15),(13,17)),((18,19),(20,21))))));
Tree Score: 13804.603650645788
Score Improvement: 1.7845601895416507E-4

Step Number: 18
Time Spent: 20.176113597 seconds
New Tree:
Tree: (((1,(2,3)),((7,(6,5)),(4,0))),((((((24,25),26),(22,23)),((27,29),28)),(((31,30),(35,36)),(33,(32,34)))),(((8,9),((10,11),12)),((((13,17),15),(14,16)),((18,19),(20,21))))));
Tree Score: 13805.344900407797
Score Improvement: 5.369583805281408E-5

Step Number: 19
Time Spent: 20.184937625 seconds
New Tree:
Tree: (((1,(2,3)),((7,(6,5)),(4,0))),((((((24,25),26),(22,23)),((27,29),28)),(((31,30),(35,36)),(33,(32,34)))),(((8,9),((10,12),11)),((((13,17),15),(14,16)),((18,19),(20,21))))));
Tree Score: 13805.588650320626
Score Improvement: 1.7656198710414017E-5

Step Number: 20
Time Spent: 20.193133359 seconds
New Tree:
Tree: (((1,(2,3)),((7,(6,5)),(4,0))),((((((24,25),26),(22,23)),((27,29),28)),(((31,30),(35,36)),(33,(32,34)))),(((8,9),((10,12),11)),((((13,17),15),(14,16)),((18,19),(20,21))))));
Tree Score: 13805.588650320626
Score Improvement: 0.0

TOTAL STEPS: 20
TOTAL TIME: 410.525325682 seconds
Final tree: Tree: (((1,(2,3)),((7,(6,5)),(4,0))),((((((24,25),26),(22,23)),((27,29),28)),(((31,30),(35,36)),(33,(32,34)))),(((8,9),((10,12),11)),((((13,17),15),(14,16)),((18,19),(20,21))))));
Tree Score: 13805.588650320626
Total Score Improvement: 0.49088738203484916

--------------ITERATION 8--------------
Input tree: (((((0,1),2),((3,(4,5)),((6,7),((8,(9,10)),(11,(12,(13,14))))))),(((15,16),(((17,18),(19,20)),21)),((22,23),(24,25)))),((26,27),((28,(29,30)),((31,32),((33,34),(35,36))))));
Initial Score: 9571.359698727203

Step Number: 1
Time Spent: 21.041021768 seconds
New Tree:
Tree: (((((6,7),((8,(9,10)),(11,(12,(13,14))))),((3,(4,5)),((0,1),2))),(((15,16),(((17,18),(19,20)),21)),((22,23),(24,25)))),((26,27),((28,(29,30)),((31,32),((33,34),(35,36))))));
Tree Score: 10922.290923501248
Score Improvement: 0.14114308387696384

Step Number: 2
Time Spent: 21.242943813 seconds
New Tree:
Tree: (((((6,7),((8,(9,10)),(11,(12,(13,14))))),(((15,16),(((17,18),(19,20)),21)),((22,23),(24,25)))),((3,(4,5)),((0,1),2))),((26,27),((28,(29,30)),((31,32),((33,34),(35,36))))));
Tree Score: 12960.688625789131
Score Improvement: 0.18662730342605216

Step Number: 3
Time Spent: 21.423716173 seconds
New Tree:
Tree: (((((11,(12,(13,14))),((8,(9,10)),(6,7))),(((15,16),(((17,18),(19,20)),21)),((22,23),(24,25)))),((3,(4,5)),((0,1),2))),((26,27),((28,(29,30)),((31,32),((33,34),(35,36))))));
Tree Score: 14048.191050871159
Score Improvement: 0.08390776574310399

Step Number: 4
Time Spent: 21.485100515 seconds
New Tree:
Tree: (((((11,(12,(13,14))),((8,(9,10)),(6,7))),(((15,16),(((17,18),(19,20)),21)),((22,23),(24,25)))),((3,(4,5)),((0,1),2))),(((31,32),((33,34),(35,36))),((28,(29,30)),(26,27))));
Tree Score: 14779.930901914835
Score Improvement: 0.0520878345399709

Step Number: 5
Time Spent: 21.475411294 seconds
New Tree:
Tree: (((((11,(12,(13,14))),((8,(9,10)),(6,7))),(((15,16),((22,23),(24,25))),(((17,18),(19,20)),21))),((3,(4,5)),((0,1),2))),(((31,32),((33,34),(35,36))),((28,(29,30)),(26,27))));
Tree Score: 14957.44252835936
Score Improvement: 0.012010315042915831

Step Number: 6
Time Spent: 31.046267756 seconds
New Tree:
Tree: (((((11,(12,(13,14))),((8,(9,10)),(6,7))),(((15,16),((22,23),(24,25))),(((17,18),21),(19,20)))),((3,(4,5)),((0,1),2))),(((31,32),((33,34),(35,36))),((28,(29,30)),(26,27))));
Tree Score: 15175.547053357353
Score Improvement: 0.01458167227348306

Step Number: 7
Time Spent: 32.41502268 seconds
New Tree:
Tree: (((((11,(12,(13,14))),((8,(9,10)),(6,7))),(((24,25),((22,23),(15,16))),(((17,18),21),(19,20)))),((3,(4,5)),((0,1),2))),(((31,32),((33,34),(35,36))),((28,(29,30)),(26,27))));
Tree Score: 15296.563178032404
Score Improvement: 0.007974415963362347

Step Number: 8
Time Spent: 32.426105932 seconds
New Tree:
Tree: (((((11,(12,(13,14))),((8,(9,10)),(6,7))),(((24,25),((22,23),(15,16))),(((17,18),21),(19,20)))),((3,(4,5)),((0,1),2))),(((35,36),((33,34),(31,32))),((28,(29,30)),(26,27))));
Tree Score: 15414.549678496318
Score Improvement: 0.007713268600972878

Step Number: 9
Time Spent: 28.338767242 seconds
New Tree:
Tree: (((((11,(12,(13,14))),((8,(9,10)),(6,7))),(((24,25),((22,23),(15,16))),(((17,18),21),(19,20)))),((5,(4,3)),((0,1),2))),(((35,36),((33,34),(31,32))),((28,(29,30)),(26,27))));
Tree Score: 15454.49710342614
Score Improvement: 0.0025915401852802944

Step Number: 10
Time Spent: 21.564171394 seconds
New Tree:
Tree: (((((11,(12,(13,14))),((10,(9,8)),(6,7))),(((24,25),((22,23),(15,16))),(((17,18),21),(19,20)))),((5,(4,3)),((0,1),2))),(((35,36),((33,34),(31,32))),((28,(29,30)),(26,27))));
Tree Score: 15479.4827534887
Score Improvement: 0.0016167235915443001

Step Number: 11
Time Spent: 21.601588163 seconds
New Tree:
Tree: (((((11,(12,(13,14))),((10,(9,8)),(6,7))),(((24,25),((22,23),(15,16))),(((17,18),21),(19,20)))),((5,(4,3)),((0,1),2))),(((35,36),((33,34),(31,32))),((29,(28,30)),(26,27))));
Tree Score: 15496.165003608447
Score Improvement: 0.0010777007465565536

Step Number: 12
Time Spent: 21.521792402 seconds
New Tree:
Tree: (((((11,(12,(13,14))),((10,(9,8)),(6,7))),(((24,25),((22,23),(15,16))),(((21,18),17),(19,20)))),((5,(4,3)),((0,1),2))),(((35,36),((33,34),(31,32))),((29,(28,30)),(26,27))));
Tree Score: 15502.528228550684
Score Improvement: 4.10632239702835E-4

Step Number: 13
Time Spent: 21.518556865 seconds
New Tree:
Tree: (((((11,(13,(12,14))),((10,(9,8)),(6,7))),(((24,25),((22,23),(15,16))),(((21,18),17),(19,20)))),((5,(4,3)),((0,1),2))),(((35,36),((33,34),(31,32))),((29,(28,30)),(26,27))));
Tree Score: 15508.554378412198
Score Improvement: 3.8872045724880344E-4

Step Number: 14
Time Spent: 21.537200785 seconds
New Tree:
Tree: ((((((12,14),(13,11)),((10,(9,8)),(6,7))),(((24,25),((22,23),(15,16))),(((21,18),17),(19,20)))),((5,(4,3)),((0,1),2))),(((35,36),((33,34),(31,32))),((29,(28,30)),(26,27))));
Tree Score: 15529.998228430282
Score Improvement: 0.001382711082854593

Step Number: 15
Time Spent: 21.558336714 seconds
New Tree:
Tree: ((((((12,14),(13,11)),((10,(9,8)),(6,7))),(((24,25),((22,23),(15,16))),(((21,18),17),(19,20)))),((5,(4,3)),((0,2),1))),(((35,36),((33,34),(31,32))),((29,(28,30)),(26,27))));
Tree Score: 15530.966378468554
Score Improvement: 6.234064061261257E-5

Step Number: 16
Time Spent: 21.557617418 seconds
New Tree:
Tree: ((((((12,14),(13,11)),((10,(9,8)),(6,7))),(((24,25),((22,23),(15,16))),(((21,18),17),(19,20)))),((5,(4,3)),((0,2),1))),(((35,36),((33,34),(31,32))),((29,(28,30)),(26,27))));
Tree Score: 15530.966378468554
Score Improvement: 0.0

TOTAL STEPS: 16
TOTAL TIME: 381.753620914 seconds
Final tree: Tree: ((((((12,14),(13,11)),((10,(9,8)),(6,7))),(((24,25),((22,23),(15,16))),(((21,18),17),(19,20)))),((5,(4,3)),((0,2),1))),(((35,36),((33,34),(31,32))),((29,(28,30)),(26,27))));
Tree Score: 15530.966378468554
Total Score Improvement: 0.6226499543773136

--------------ITERATION 9--------------
Input tree: ((((((((0,1),((2,3),4)),(5,6)),(7,(8,9))),((10,11),(((12,13),14),(15,(16,17))))),((18,19),((20,21),((22,23),(24,25))))),(26,27)),(((28,29),(30,31)),(32,((33,(34,35)),36))));
Initial Score: 10790.373374770641

Step Number: 1
Time Spent: 22.344143484 seconds
New Tree:
Tree: ((((((((0,1),((2,3),4)),(5,6)),(7,(8,9))),((10,11),(((12,13),14),(15,(16,17))))),((18,19),((20,21),((22,23),(24,25))))),(32,((33,(34,35)),36))),(((28,29),(30,31)),(26,27)));
Tree Score: 11622.435199495767
Score Improvement: 0.07711149520280736

Step Number: 2
Time Spent: 22.322618749 seconds
New Tree:
Tree: (((((((7,(8,9)),(5,6)),((0,1),((2,3),4))),((10,11),(((12,13),14),(15,(16,17))))),((18,19),((20,21),((22,23),(24,25))))),(32,((33,(34,35)),36))),(((28,29),(30,31)),(26,27)));
Tree Score: 11963.54377517526
Score Improvement: 0.029349148420658944

Step Number: 3
Time Spent: 22.177899369 seconds
New Tree:
Tree: (((((((7,(8,9)),(5,6)),((0,1),((2,3),4))),(((12,13),14),((10,11),(15,(16,17))))),((18,19),((20,21),((22,23),(24,25))))),(32,((33,(34,35)),36))),(((28,29),(30,31)),(26,27)));
Tree Score: 12192.906250929953
Score Improvement: 0.01917178388485752

Step Number: 4
Time Spent: 22.192254337 seconds
New Tree:
Tree: (((((((7,(8,9)),(5,6)),((0,1),((2,3),4))),(((12,13),14),((10,11),(15,(16,17))))),((18,19),((20,21),((22,23),(24,25))))),((33,(34,35)),(32,36))),(((28,29),(30,31)),(26,27)));
Tree Score: 12385.594026298755
Score Improvement: 0.01580326883544325

Step Number: 5
Time Spent: 22.257337753 seconds
New Tree:
Tree: (((((((7,(5,6)),(8,9)),((0,1),((2,3),4))),(((12,13),14),((10,11),(15,(16,17))))),((18,19),((20,21),((22,23),(24,25))))),((33,(34,35)),(32,36))),(((28,29),(30,31)),(26,27)));
Tree Score: 12486.120625444482
Score Improvement: 0.00811641322428902

Step Number: 6
Time Spent: 23.647002249 seconds
New Tree:
Tree: (((((((7,(5,6)),(8,9)),((0,1),((2,3),4))),(((12,13),14),((10,11),(15,(16,17))))),((18,19),((24,25),((22,23),(20,21))))),((33,(34,35)),(32,36))),(((28,29),(30,31)),(26,27)));
Tree Score: 12547.824950223467
Score Improvement: 0.004941833146577368

Step Number: 7
Time Spent: 33.500773947 seconds
New Tree:
Tree: (((((((7,(5,6)),(8,9)),((0,1),((2,3),4))),(((12,13),14),((10,11),(15,(16,17))))),(((22,23),(20,21)),((24,25),(18,19)))),((33,(34,35)),(32,36))),(((28,29),(30,31)),(26,27)));
Tree Score: 12685.053850034745
Score Improvement: 0.010936469097684975

Step Number: 8
Time Spent: 33.608963124 seconds
New Tree:
Tree: (((((((22,23),(20,21)),((24,25),(18,19))),(((12,13),14),((10,11),(15,(16,17))))),(((7,(5,6)),(8,9)),((0,1),((2,3),4)))),((33,(34,35)),(32,36))),(((28,29),(30,31)),(26,27)));
Tree Score: 12778.873174508595
Score Improvement: 0.0073960525184206816

Step Number: 9
Time Spent: 33.365628479 seconds
New Tree:
Tree: (((((((22,23),(20,21)),((24,25),(18,19))),(((12,13),14),((10,11),(15,(16,17))))),(((7,(5,6)),(8,9)),((0,1),((2,3),4)))),((33,(32,36)),(34,35))),(((28,29),(30,31)),(26,27)));
Tree Score: 12836.378274314598
Score Improvement: 0.004500013343955445

Step Number: 10
Time Spent: 33.350964533 seconds
New Tree:
Tree: (((((((22,23),(20,21)),((24,25),(18,19))),(((12,13),14),((10,11),(15,(16,17))))),(((7,(5,6)),(8,9)),((2,3),((0,1),4)))),((33,(32,36)),(34,35))),(((28,29),(30,31)),(26,27)));
Tree Score: 12886.110974010806
Score Improvement: 0.0038743560397969112

Step Number: 11
Time Spent: 25.770985194 seconds
New Tree:
Tree: (((((((22,23),(20,21)),((24,25),(18,19))),(((12,13),14),((16,17),(15,(10,11))))),(((7,(5,6)),(8,9)),((2,3),((0,1),4)))),((33,(32,36)),(34,35))),(((28,29),(30,31)),(26,27)));
Tree Score: 12934.780598842333
Score Improvement: 0.003776905610209713

Step Number: 12
Time Spent: 33.361560434 seconds
New Tree:
Tree: (((((((22,23),(20,21)),((24,25),(18,19))),(((12,13),14),((16,17),(15,(10,11))))),(((7,(5,6)),(8,9)),((2,3),((4,1),0)))),((33,(32,36)),(34,35))),(((28,29),(30,31)),(26,27)));
Tree Score: 12939.811648767469
Score Improvement: 3.8895518069992363E-4

Step Number: 13
Time Spent: 26.492203513 seconds
New Tree:
Tree: (((((((22,23),(20,21)),((24,25),(18,19))),(((12,13),14),((16,17),(10,(15,11))))),(((7,(5,6)),(8,9)),((2,3),((4,1),0)))),((33,(32,36)),(34,35))),(((28,29),(30,31)),(26,27)));
Tree Score: 12944.748899009106
Score Improvement: 3.8155503153003423E-4

Step Number: 14
Time Spent: 22.121541015 seconds
New Tree:
Tree: (((((((22,23),(20,21)),((24,25),(18,19))),(((12,13),14),((16,17),(10,(15,11))))),(((7,(5,6)),(8,9)),((2,3),((4,1),0)))),((33,(32,36)),(34,35))),(((28,(30,31)),29),(26,27)));
Tree Score: 12945.6310993871
Score Improvement: 6.815121597769647E-5

Step Number: 15
Time Spent: 22.164190782 seconds
New Tree:
Tree: (((((((22,23),(20,21)),((24,25),(18,19))),(((12,13),14),((16,17),(10,(15,11))))),(((7,(5,6)),(8,9)),((2,3),((4,1),0)))),((33,(32,36)),(34,35))),(((26,27),29),(28,(30,31))));
Tree Score: 12985.30264957997
Score Improvement: 0.003064474021258645

Step Number: 16
Time Spent: 22.109509667 seconds
New Tree:
Tree: (((((((22,23),(20,21)),((24,25),(18,19))),(((12,13),14),((16,17),(10,(15,11))))),(((7,(5,6)),(8,9)),((2,3),((4,1),0)))),((33,(32,36)),(34,35))),(((26,29),27),(28,(30,31))));
Tree Score: 12993.359674723846
Score Improvement: 6.204726498335589E-4

Step Number: 17
Time Spent: 22.118719008 seconds
New Tree:
Tree: (((((((22,23),(20,21)),((24,25),(18,19))),(((12,13),14),((16,17),(10,(15,11))))),(((7,(5,6)),(8,9)),((2,3),((4,1),0)))),((33,(32,36)),(34,35))),(((26,29),27),(31,(30,28))));
Tree Score: 12996.409624230144
Score Improvement: 2.3473139993424041E-4

Step Number: 18
Time Spent: 22.108234714 seconds
New Tree:
Tree: (((((((22,23),(20,21)),((24,25),(18,19))),(((12,13),14),((16,17),(10,(15,11))))),(((7,(5,6)),(8,9)),((2,3),((4,1),0)))),((32,(33,36)),(34,35))),(((26,29),27),(31,(30,28))));
Tree Score: 12997.186149235842
Score Improvement: 5.9749194442959563E-5

Step Number: 19
Time Spent: 22.107148402 seconds
New Tree:
Tree: (((((((22,23),(20,21)),((24,25),(18,19))),(((12,13),14),((16,17),(10,(15,11))))),(((7,(5,6)),(8,9)),((2,3),((4,1),0)))),((32,(33,36)),(34,35))),(((26,29),27),(31,(30,28))));
Tree Score: 12997.186149235842
Score Improvement: 0.0

TOTAL STEPS: 19
TOTAL TIME: 487.121678753 seconds
Final tree: Tree: (((((((22,23),(20,21)),((24,25),(18,19))),(((12,13),14),((16,17),(10,(15,11))))),(((7,(5,6)),(8,9)),((2,3),((4,1),0)))),((32,(33,36)),(34,35))),(((26,29),27),(31,(30,28))));
Tree Score: 12997.186149235842
Total Score Improvement: 0.20451681307201364

--------------ITERATION 10--------------
Input tree: ((((0,1),2),((((((3,4),(5,6)),7),8),(9,((10,(11,12)),13))),((14,(((((15,16),17),(18,19)),20),(((21,22),23),(24,25)))),(26,(27,28))))),(29,((30,31),((32,33),(34,(35,36))))));
Initial Score: 9617.347976818557

Step Number: 1
Time Spent: 21.99662939 seconds
New Tree:
Tree: ((((0,1),2),((((((3,4),(5,6)),7),8),(9,((10,(11,12)),13))),((14,(26,(27,28))),(((((15,16),17),(18,19)),20),(((21,22),23),(24,25)))))),(29,((30,31),((32,33),(34,(35,36))))));
Tree Score: 10054.54465210798
Score Improvement: 0.04545917194045912

Step Number: 2
Time Spent: 21.685930803 seconds
New Tree:
Tree: ((((0,1),2),((14,(26,(27,28))),((((((3,4),(5,6)),7),8),(9,((10,(11,12)),13))),(((((15,16),17),(18,19)),20),(((21,22),23),(24,25)))))),(29,((30,31),((32,33),(34,(35,36))))));
Tree Score: 10818.58997485396
Score Improvement: 0.07599004720574731

Step Number: 3
Time Spent: 21.713794052 seconds
New Tree:
Tree: ((((((((3,4),(5,6)),7),8),(9,((10,(11,12)),13))),(((((15,16),17),(18,19)),20),(((21,22),23),(24,25)))),((14,(26,(27,28))),((0,1),2))),(29,((30,31),((32,33),(34,(35,36))))));
Tree Score: 11350.396626349822
Score Improvement: 0.049156743414064064

Step Number: 4
Time Spent: 22.222977447 seconds
New Tree:
Tree: ((((((((3,4),(5,6)),7),8),(9,((10,(11,12)),13))),(((((15,16),17),(18,19)),20),(((21,22),23),(24,25)))),((14,(26,(27,28))),((0,1),2))),(((32,33),(34,(35,36))),((30,31),29)));
Tree Score: 11789.748877091151
Score Improvement: 0.03870809674803599

Step Number: 5
Time Spent: 22.260144954 seconds
New Tree:
Tree: ((((((((3,4),(5,6)),7),8),(9,((10,(11,12)),13))),(((20,(18,19)),((15,16),17)),(((21,22),23),(24,25)))),((14,(26,(27,28))),((0,1),2))),(((32,33),(34,(35,36))),((30,31),29)));
Tree Score: 12086.116026694239
Score Improvement: 0.025137698240457196

Step Number: 6
Time Spent: 22.092760749 seconds
New Tree:
Tree: ((((((((3,4),(5,6)),7),8),((10,(11,12)),(9,13))),(((20,(18,19)),((15,16),17)),(((21,22),23),(24,25)))),((14,(26,(27,28))),((0,1),2))),(((32,33),(34,(35,36))),((30,31),29)));
Tree Score: 12300.456301594437
Score Improvement: 0.017734421416010893

Step Number: 7
Time Spent: 22.084833903 seconds
New Tree:
Tree: ((((((8,7),((3,4),(5,6))),((10,(11,12)),(9,13))),(((20,(18,19)),((15,16),17)),(((21,22),23),(24,25)))),((14,(26,(27,28))),((0,1),2))),(((32,33),(34,(35,36))),((30,31),29)));
Tree Score: 12465.00165182246
Score Improvement: 0.013377174487965382

Step Number: 8
Time Spent: 21.836237416 seconds
New Tree:
Tree: ((((((8,7),((3,4),(5,6))),((10,(11,12)),(9,13))),(((20,(18,19)),((15,16),17)),(((21,22),23),(24,25)))),(((27,28),(26,14)),((0,1),2))),(((32,33),(34,(35,36))),((30,31),29)));
Tree Score: 12586.190551858033
Score Improvement: 0.009722333251183768

Step Number: 9
Time Spent: 21.875590046 seconds
New Tree:
Tree: ((((((8,7),((3,4),(5,6))),((10,(11,12)),(9,13))),(((20,(18,19)),((15,16),17)),(((21,22),23),(24,25)))),(((27,28),((0,1),2)),(26,14))),(((32,33),(34,(35,36))),((30,31),29)));
Tree Score: 12670.358077538915
Score Improvement: 0.006687291546563889

Step Number: 10
Time Spent: 21.909626846 seconds
New Tree:
Tree: ((((((5,6),((3,4),(8,7))),((10,(11,12)),(9,13))),(((20,(18,19)),((15,16),17)),(((21,22),23),(24,25)))),(((27,28),((0,1),2)),(26,14))),(((32,33),(34,(35,36))),((30,31),29)));
Tree Score: 12752.080526910602
Score Improvement: 0.006449892644830646

Step Number: 11
Time Spent: 21.902794483 seconds
New Tree:
Tree: ((((((5,6),((3,4),(8,7))),((10,(9,13)),(11,12))),(((20,(18,19)),((15,16),17)),(((21,22),23),(24,25)))),(((27,28),((0,1),2)),(26,14))),(((32,33),(34,(35,36))),((30,31),29)));
Tree Score: 12800.11852735269
Score Improvement: 0.003767071603783645

Step Number: 12
Time Spent: 21.879124713 seconds
New Tree:
Tree: ((((((5,6),((3,4),(8,7))),((10,(9,13)),(11,12))),(((20,(18,19)),((15,16),17)),(((21,22),23),(24,25)))),(((27,28),((0,1),2)),(26,14))),((34,((32,33),(35,36))),((30,31),29)));
Tree Score: 12836.027402685719
Score Improvement: 0.0028053549079483098

Step Number: 13
Time Spent: 21.882789914 seconds
New Tree:
Tree: ((((((5,6),((3,4),(8,7))),((10,(9,13)),(11,12))),(((20,(18,19)),((15,16),17)),(((23,22),21),(24,25)))),(((27,28),((0,1),2)),(26,14))),((34,((32,33),(35,36))),((30,31),29)));
Tree Score: 12854.186177525433
Score Improvement: 0.001414672489396196

Step Number: 14
Time Spent: 21.876302078 seconds
New Tree:
Tree: ((((((5,6),((3,4),(8,7))),((10,(9,13)),(11,12))),(((20,(18,19)),((15,16),17)),(((23,22),21),(24,25)))),(((27,28),((0,1),2)),(26,14))),((34,((30,31),29)),((32,33),(35,36))));
Tree Score: 12862.543277231565
Score Improvement: 6.501461540011633E-4

Step Number: 15
Time Spent: 21.878371545 seconds
New Tree:
Tree: ((((((5,6),((3,4),(8,7))),((10,(9,13)),(11,12))),(((20,(18,19)),((15,16),17)),(((23,22),21),(24,25)))),(((27,28),((0,1),2)),(26,14))),(((30,31),(34,29)),((32,33),(35,36))));
Tree Score: 12948.556077160461
Score Improvement: 0.0066870756486510086

Step Number: 16
Time Spent: 21.878792827 seconds
New Tree:
Tree: ((((((5,6),((3,4),(8,7))),((10,(9,13)),(11,12))),(((20,(18,19)),((15,16),17)),(((23,22),21),(24,25)))),(((27,28),((2,1),0)),(26,14))),(((30,31),(34,29)),((32,33),(35,36))));
Tree Score: 12952.715152040644
Score Improvement: 3.2119989714685104E-4

Step Number: 17
Time Spent: 21.892564132 seconds
New Tree:
Tree: ((((((5,6),((3,4),(8,7))),((10,(9,13)),(11,12))),(((19,(18,20)),((15,16),17)),(((23,22),21),(24,25)))),(((27,28),((2,1),0)),(26,14))),(((30,31),(34,29)),((32,33),(35,36))));
Tree Score: 12952.725027282311
Score Improvement: 7.624070745837486E-7

Step Number: 18
Time Spent: 21.894643167 seconds
New Tree:
Tree: ((((((5,6),((3,4),(8,7))),((10,(9,13)),(11,12))),(((19,(18,20)),((15,16),17)),(((23,22),21),(24,25)))),(((27,28),((2,1),0)),(26,14))),(((30,31),(34,29)),((32,33),(35,36))));
Tree Score: 12952.725027282311
Score Improvement: 0.0

TOTAL STEPS: 18
TOTAL TIME: 394.763908465 seconds
Final tree: Tree: ((((((5,6),((3,4),(8,7))),((10,(9,13)),(11,12))),(((19,(18,20)),((15,16),17)),(((23,22),21),(24,25)))),(((27,28),((2,1),0)),(26,14))),(((30,31),(34,29)),((32,33),(35,36))));
Tree Score: 12952.725027282311
Total Score Improvement: 0.34680839858381685

===========================================================
RESULTS FROM 10 ITERATION(S):
AVERAGE TIME PER RUN: 491.656354162 seconds
AVERAGE IMPROVEMENT: 0.37356293339286967
BEST Tree: ((((((12,14),(13,11)),((10,(9,8)),(6,7))),(((24,25),((22,23),(15,16))),(((21,18),17),(19,20)))),((5,(4,3)),((0,2),1))),(((35,36),((33,34),(31,32))),((29,(28,30)),(26,27))));
Tree Score: 15530.966378468554
BEST'S IMPROVEMENT :0.6226499543773136
