--------------ITERATION 1--------------
Input tree: (((0,1),2),((((((3,4),(5,(6,(7,8)))),((9,10),(11,12))),((13,((14,(15,16)),(17,18))),19)),((20,21),((22,23),((24,25),(26,27))))),((((28,29),30),(31,(32,33))),((34,35),36))));
Initial Score: 11228.281352492144

Step Number: 1
Time Spent: 9.458477507 seconds
New Tree:
Tree: (((0,1),2),(((34,35),36),((((28,29),30),(31,(32,33))),(((((3,4),(5,(6,(7,8)))),((9,10),(11,12))),((13,((14,(15,16)),(17,18))),19)),((20,21),((22,23),((24,25),(26,27))))))));
Tree Score: 11904.6600792764
Score Improvement: 0.06023884738461183

Step Number: 2
Time Spent: 8.903491149 seconds
New Tree:
Tree: (((0,1),2),(((34,35),36),(((((3,4),(5,(6,(7,8)))),((9,10),(11,12))),((13,((14,(15,16)),(17,18))),19)),((((28,29),30),(31,(32,33))),((20,21),((22,23),((24,25),(26,27))))))));
Tree Score: 12790.057754577465
Score Improvement: 0.07437404087180632

Step Number: 3
Time Spent: 8.27418808 seconds
New Tree:
Tree: (((0,1),2),(((34,35),36),(((((3,4),(5,(6,(7,8)))),((9,10),(11,12))),((13,((14,(15,16)),(17,18))),19)),((((28,29),30),(31,(32,33))),(((24,25),(26,27)),((22,23),(20,21)))))));
Tree Score: 12820.221978784866
Score Improvement: 0.0023584118841530888

Step Number: 4
Time Spent: 7.67581045 seconds
New Tree:
Tree: (((0,1),2),(((34,35),36),(((((6,(7,8)),(5,(3,4))),((9,10),(11,12))),((13,((14,(15,16)),(17,18))),19)),((((28,29),30),(31,(32,33))),(((24,25),(26,27)),((22,23),(20,21)))))));
Tree Score: 12850.376978787388
Score Improvement: 0.002352143360109027

Step Number: 5
Time Spent: 7.858107306 seconds
New Tree:
Tree: (((0,1),2),(((34,35),36),(((((6,(7,8)),(3,(5,4))),((9,10),(11,12))),((13,((14,(15,16)),(17,18))),19)),((((28,29),30),(31,(32,33))),(((24,25),(26,27)),((22,23),(20,21)))))));
Tree Score: 12856.80775390894
Score Improvement: 5.004347446124768E-4

Step Number: 6
Time Spent: 7.132470896 seconds
New Tree:
Tree: (((0,1),2),(((34,35),36),(((((6,(7,8)),(3,(5,4))),((9,10),(11,12))),((13,((14,(15,16)),(17,18))),19)),((((28,29),30),(31,(32,33))),(((24,25),(26,27)),((22,23),(20,21)))))));
Tree Score: 12856.80775390894
Score Improvement: 0.0

TOTAL STEPS: 6
TOTAL TIME: 49.302545388 seconds
Final tree: Tree: (((0,1),2),(((34,35),36),(((((6,(7,8)),(3,(5,4))),((9,10),(11,12))),((13,((14,(15,16)),(17,18))),19)),((((28,29),30),(31,(32,33))),(((24,25),(26,27)),((22,23),(20,21)))))));
Tree Score: 12856.80775390894
Total Score Improvement: 0.14503790475960443

--------------ITERATION 2--------------
Input tree: ((((0,1),(2,((3,4),5))),(((((6,7),(8,9)),((10,11),12)),13),((14,15),16))),(((((17,18),19),20),((21,22),23)),((24,(25,(26,(27,(28,29))))),(((30,31),(32,33)),((34,35),36)))));
Initial Score: 11983.40629986953

Step Number: 1
Time Spent: 11.126099346 seconds
New Tree:
Tree: ((((0,1),(2,((3,4),5))),((24,(25,(26,(27,(28,29))))),(((30,31),(32,33)),((34,35),36)))),(((((17,18),19),20),((21,22),23)),(((((6,7),(8,9)),((10,11),12)),13),((14,15),16))));
Tree Score: 13409.283249068074
Score Improvement: 0.11898761616837339

Step Number: 2
Time Spent: 10.551182801 seconds
New Tree:
Tree: ((((0,1),(2,((3,4),5))),((24,(25,(26,(27,(28,29))))),(((30,31),(32,33)),((34,35),36)))),(((((17,18),19),20),((21,22),23)),(((((6,7),(8,9)),13),((10,11),12)),((14,15),16))));
Tree Score: 13740.691199648194
Score Improvement: 0.024714814686545683

Step Number: 3
Time Spent: 9.918093565 seconds
New Tree:
Tree: ((((0,1),(2,((3,4),5))),((24,(25,(26,(27,(28,29))))),(((30,31),(32,33)),((34,35),36)))),((((20,19),(17,18)),((21,22),23)),(((((6,7),(8,9)),13),((10,11),12)),((14,15),16))));
Tree Score: 13803.284424627433
Score Improvement: 0.004555318511258122

Step Number: 4
Time Spent: 9.39373757 seconds
New Tree:
Tree: ((((0,1),(2,((3,4),5))),((24,(25,((28,29),(27,26)))),(((30,31),(32,33)),((34,35),36)))),((((20,19),(17,18)),((21,22),23)),(((((6,7),(8,9)),13),((10,11),12)),((14,15),16))));
Tree Score: 13831.378249744186
Score Improvement: 0.0020353000237123275

Step Number: 5
Time Spent: 8.787247946 seconds
New Tree:
Tree: ((((0,1),(5,((3,4),2))),((24,(25,((28,29),(27,26)))),(((30,31),(32,33)),((34,35),36)))),((((20,19),(17,18)),((21,22),23)),(((((6,7),(8,9)),13),((10,11),12)),((14,15),16))));
Tree Score: 13837.738574500894
Score Improvement: 4.5984750339878033E-4

Step Number: 6
Time Spent: 8.153578608 seconds
New Tree:
Tree: ((((0,1),(5,((3,2),4))),((24,(25,((28,29),(27,26)))),(((30,31),(32,33)),((34,35),36)))),((((20,19),(17,18)),((21,22),23)),(((((6,7),(8,9)),13),((10,11),12)),((14,15),16))));
Tree Score: 13839.097224776167
Score Improvement: 9.818441560804914E-5

Step Number: 7
Time Spent: 8.344114779 seconds
New Tree:
Tree: ((((0,1),((3,2),(5,4))),((24,(25,((28,29),(27,26)))),(((30,31),(32,33)),((34,35),36)))),((((20,19),(17,18)),((21,22),23)),(((((6,7),(8,9)),13),((10,11),12)),((14,15),16))));
Tree Score: 13905.258124683052
Score Improvement: 0.004780723686834021

Step Number: 8
Time Spent: 8.226366775 seconds
New Tree:
Tree: ((((5,4),((3,2),(0,1))),((24,(25,((28,29),(27,26)))),(((30,31),(32,33)),((34,35),36)))),((((20,19),(17,18)),((21,22),23)),(((((6,7),(8,9)),13),((10,11),12)),((14,15),16))));
Tree Score: 13935.265925828367
Score Improvement: 0.0021580182745437604

Step Number: 9
Time Spent: 7.777271258 seconds
New Tree:
Tree: ((((5,4),((3,2),(0,1))),((24,(25,((28,29),(27,26)))),(((30,31),(32,33)),((34,35),36)))),((((20,19),(17,18)),((21,22),23)),(((((6,7),(8,9)),13),((10,11),12)),((14,15),16))));
Tree Score: 13935.265925828367
Score Improvement: 0.0

TOTAL STEPS: 9
TOTAL TIME: 82.277692648 seconds
Final tree: Tree: ((((5,4),((3,2),(0,1))),((24,(25,((28,29),(27,26)))),(((30,31),(32,33)),((34,35),36)))),((((20,19),(17,18)),((21,22),23)),(((((6,7),(8,9)),13),((10,11),12)),((14,15),16))));
Tree Score: 13935.265925828367
Total Score Improvement: 0.1628802009308563

--------------ITERATION 3--------------
Input tree: ((((0,1),2),((3,(4,(5,6))),(((7,8),9),10))),((11,(12,(13,(14,15)))),((((16,17),18),19),(((((20,21),((22,23),24)),(25,26)),(((27,28),29),30)),((((31,32),33),(34,35)),36)))));
Initial Score: 10226.386877391662

Step Number: 1
Time Spent: 10.71622369 seconds
New Tree:
Tree: ((((0,1),2),((3,(4,(5,6))),(((7,8),9),10))),(((13,(14,15)),(12,11)),((((16,17),18),19),(((((20,21),((22,23),24)),(25,26)),(((27,28),29),30)),((((31,32),33),(34,35)),36)))));
Tree Score: 10459.299552560027
Score Improvement: 0.02277565654036473

Step Number: 2
Time Spent: 10.089782297 seconds
New Tree:
Tree: ((((0,1),2),((3,(4,(5,6))),(((7,8),9),10))),(((13,(14,15)),(12,11)),(((19,18),(16,17)),(((((20,21),((22,23),24)),(25,26)),(((27,28),29),30)),((((31,32),33),(34,35)),36)))));
Tree Score: 10638.836177623074
Score Improvement: 0.01716526275596575

Step Number: 3
Time Spent: 9.439537808 seconds
New Tree:
Tree: ((((0,1),2),((3,(4,(5,6))),(((7,8),9),10))),(((13,(14,15)),(12,11)),(((19,18),(16,17)),((((((27,28),29),30),(25,26)),((20,21),((22,23),24))),((((31,32),33),(34,35)),36)))));
Tree Score: 10810.408925987627
Score Improvement: 0.016127022307705685

Step Number: 4
Time Spent: 9.847374097 seconds
New Tree:
Tree: ((((0,1),2),((3,(4,(5,6))),(((7,8),9),10))),(((13,(14,15)),(12,11)),(((19,18),(16,17)),((((((27,28),29),30),(25,26)),((((31,32),33),(34,35)),36)),((20,21),((22,23),24))))));
Tree Score: 10926.940798070937
Score Improvement: 0.010779598892246556

Step Number: 5
Time Spent: 9.44408678 seconds
New Tree:
Tree: ((((0,1),2),((3,(4,(5,6))),(((7,8),9),10))),(((13,(14,15)),(12,11)),((((((27,28),29),30),(25,26)),((((31,32),33),(34,35)),36)),(((19,18),(16,17)),((20,21),((22,23),24))))));
Tree Score: 13010.76542418958
Score Improvement: 0.19070521792215867

Step Number: 6
Time Spent: 9.515996971 seconds
New Tree:
Tree: ((((0,1),2),((3,(6,(5,4))),(((7,8),9),10))),(((13,(14,15)),(12,11)),((((((27,28),29),30),(25,26)),((((31,32),33),(34,35)),36)),(((19,18),(16,17)),((20,21),((22,23),24))))));
Tree Score: 13017.552774226731
Score Improvement: 5.216718475711257E-4

Step Number: 7
Time Spent: 9.385687803 seconds
New Tree:
Tree: ((((0,1),2),((3,(6,(5,4))),(((7,8),9),10))),(((15,(14,13)),(12,11)),((((((27,28),29),30),(25,26)),((((31,32),33),(34,35)),36)),(((19,18),(16,17)),((20,21),((22,23),24))))));
Tree Score: 13018.018299146062
Score Improvement: 3.576132376070795E-5

Step Number: 8
Time Spent: 8.843508871 seconds
New Tree:
Tree: ((((0,1),2),((3,(6,(5,4))),(((7,8),9),10))),(((15,(14,13)),(12,11)),((((((27,28),29),30),(25,26)),((((31,32),33),(34,35)),36)),(((19,18),(16,17)),((20,21),((22,23),24))))));
Tree Score: 13018.018299146062
Score Improvement: 0.0

TOTAL STEPS: 8
TOTAL TIME: 77.282198317 seconds
Final tree: Tree: ((((0,1),2),((3,(6,(5,4))),(((7,8),9),10))),(((15,(14,13)),(12,11)),((((((27,28),29),30),(25,26)),((((31,32),33),(34,35)),36)),(((19,18),(16,17)),((20,21),((22,23),24))))));
Tree Score: 13018.018299146062
Total Score Improvement: 0.272983161621442

--------------ITERATION 4--------------
Input tree: (((0,(((1,2),3),(4,5))),(((6,(7,(8,9))),((10,11),12)),(13,14))),((15,(16,(17,18))),((((19,(20,21)),(22,(23,(24,25)))),26),(((27,28),29),(((30,31),32),((33,34),(35,36)))))));
Initial Score: 9834.667152821086

Step Number: 1
Time Spent: 10.798094366 seconds
New Tree:
Tree: (((0,(((1,2),3),(4,5))),((((19,(20,21)),(22,(23,(24,25)))),26),(((27,28),29),(((30,31),32),((33,34),(35,36)))))),((15,(16,(17,18))),(((6,(7,(8,9))),((10,11),12)),(13,14))));
Tree Score: 10925.165253921412
Score Improvement: 0.11088307150156229

Step Number: 2
Time Spent: 11.643343543 seconds
New Tree:
Tree: (((((19,(20,21)),(22,(23,(24,25)))),26),((0,(((1,2),3),(4,5))),(((27,28),29),(((30,31),32),((33,34),(35,36)))))),((15,(16,(17,18))),(((6,(7,(8,9))),((10,11),12)),(13,14))));
Tree Score: 11462.248352343217
Score Improvement: 0.04916018073310391

Step Number: 3
Time Spent: 10.88066632 seconds
New Tree:
Tree: (((((19,(20,21)),(22,(23,(24,25)))),26),((0,(((1,2),3),(4,5))),(((27,28),29),(((30,31),32),((33,34),(35,36)))))),((15,(16,(17,18))),(((6,(7,(8,9))),(13,14)),((10,11),12))));
Tree Score: 11816.743178227916
Score Improvement: 0.03092716323950806

Step Number: 4
Time Spent: 10.113322442 seconds
New Tree:
Tree: ((((26,(22,(23,(24,25)))),(19,(20,21))),((0,(((1,2),3),(4,5))),(((27,28),29),(((30,31),32),((33,34),(35,36)))))),((15,(16,(17,18))),(((6,(7,(8,9))),(13,14)),((10,11),12))));
Tree Score: 12167.151277870988
Score Improvement: 0.029653525879168585

Step Number: 5
Time Spent: 9.470929578 seconds
New Tree:
Tree: ((((26,(22,(23,(24,25)))),(19,(20,21))),((0,(((1,2),3),(4,5))),(((27,28),29),(((30,31),32),((33,34),(35,36)))))),((15,(16,(17,18))),((((8,9),(7,6)),(13,14)),((10,11),12))));
Tree Score: 12237.386852082913
Score Improvement: 0.005772556994476208

Step Number: 6
Time Spent: 9.221868927 seconds
New Tree:
Tree: ((((26,(22,(23,(24,25)))),(19,(20,21))),((0,(((1,2),3),(4,5))),(((33,34),(35,36)),(((30,31),32),((27,28),29))))),((15,(16,(17,18))),((((8,9),(7,6)),(13,14)),((10,11),12))));
Tree Score: 12274.439202959766
Score Improvement: 0.0030277992617799843

Step Number: 7
Time Spent: 9.538178982 seconds
New Tree:
Tree: ((((26,(22,(23,(24,25)))),(19,(20,21))),((((30,31),32),((27,28),29)),(((33,34),(35,36)),(0,(((1,2),3),(4,5)))))),((15,(16,(17,18))),((((8,9),(7,6)),(13,14)),((10,11),12))));
Tree Score: 12934.040601864108
Score Improvement: 0.05373780325094524

Step Number: 8
Time Spent: 10.221222406 seconds
New Tree:
Tree: ((((26,(22,(23,(24,25)))),(19,(20,21))),((((30,31),32),((27,28),29)),((((1,2),3),(4,5)),(0,((33,34),(35,36)))))),((15,(16,(17,18))),((((8,9),(7,6)),(13,14)),((10,11),12))));
Tree Score: 13162.499626288773
Score Improvement: 0.017663391623476077

Step Number: 9
Time Spent: 9.644561574 seconds
New Tree:
Tree: ((((26,(22,(23,(24,25)))),(19,(20,21))),((((30,31),32),((27,28),29)),((((1,2),3),(4,5)),((33,34),(0,(35,36)))))),((15,(16,(17,18))),((((8,9),(7,6)),(13,14)),((10,11),12))));
Tree Score: 13265.08357685397
Score Improvement: 0.007793652685870622

Step Number: 10
Time Spent: 9.023880132 seconds
New Tree:
Tree: ((((26,(22,(23,(24,25)))),(19,(20,21))),((((30,31),32),((27,28),29)),((((1,2),3),(4,5)),((33,34),(0,(35,36)))))),((15,(18,(17,16))),((((8,9),(7,6)),(13,14)),((10,11),12))));
Tree Score: 13280.322176769027
Score Improvement: 0.0011487752660410688

Step Number: 11
Time Spent: 8.414054679 seconds
New Tree:
Tree: ((((26,(22,(23,(24,25)))),(19,(20,21))),((((30,31),32),((27,28),29)),((((3,2),1),(4,5)),((33,34),(0,(35,36)))))),((15,(18,(17,16))),((((8,9),(7,6)),(13,14)),((10,11),12))));
Tree Score: 13292.65072683955
Score Improvement: 9.283321523698707E-4

Step Number: 12
Time Spent: 7.876539468 seconds
New Tree:
Tree: ((((26,(22,(25,(24,23)))),(19,(20,21))),((((30,31),32),((27,28),29)),((((3,2),1),(4,5)),((33,34),(0,(35,36)))))),((15,(18,(17,16))),((((8,9),(7,6)),(13,14)),((10,11),12))));
Tree Score: 13298.6040269878
Score Improvement: 4.478640318312799E-4

Step Number: 13
Time Spent: 7.301613005 seconds
New Tree:
Tree: ((((26,(22,(25,(24,23)))),(19,(20,21))),((((30,31),32),((27,28),29)),((((3,2),1),(4,5)),((33,34),(0,(35,36)))))),((15,(18,(17,16))),((((8,9),(7,6)),(13,14)),((10,11),12))));
Tree Score: 13298.6040269878
Score Improvement: 0.0

TOTAL STEPS: 13
TOTAL TIME: 124.148275422 seconds
Final tree: Tree: ((((26,(22,(25,(24,23)))),(19,(20,21))),((((30,31),32),((27,28),29)),((((3,2),1),(4,5)),((33,34),(0,(35,36)))))),((15,(18,(17,16))),((((8,9),(7,6)),(13,14)),((10,11),12))));
Tree Score: 13298.6040269878
Total Score Improvement: 0.35221699121490646

--------------ITERATION 5--------------
Input tree: ((0,((1,2),3)),((((4,5),(6,(7,8))),((9,10),(((11,12),13),(14,15)))),(((((16,17),18),19),(((((20,21),(22,23)),24),25),((26,(27,28)),(29,30)))),(((31,32),33),((34,35),36)))));
Initial Score: 9975.771375836928

Step Number: 1
Time Spent: 9.021636411 seconds
New Tree:
Tree: ((0,((1,2),3)),((((31,32),33),((34,35),36)),(((((16,17),18),19),(((((20,21),(22,23)),24),25),((26,(27,28)),(29,30)))),(((4,5),(6,(7,8))),((9,10),(((11,12),13),(14,15)))))));
Tree Score: 11643.8235011875
Score Improvement: 0.16721034018390668

Step Number: 2
Time Spent: 8.525234529 seconds
New Tree:
Tree: ((0,((1,2),3)),((((31,32),33),((34,35),36)),(((((16,17),18),19),(((((20,21),(22,23)),24),25),((26,(27,28)),(29,30)))),((((11,12),13),(14,15)),((9,10),((4,5),(6,(7,8))))))));
Tree Score: 12188.315052555532
Score Improvement: 0.046762264243570995

Step Number: 3
Time Spent: 8.604547757 seconds
New Tree:
Tree: ((0,((1,2),3)),((((31,32),33),((34,35),36)),((((26,(27,28)),(29,30)),(((((20,21),(22,23)),24),25),(((16,17),18),19))),((((11,12),13),(14,15)),((9,10),((4,5),(6,(7,8))))))));
Tree Score: 12655.355379616667
Score Improvement: 0.03831869499986462

Step Number: 4
Time Spent: 8.071901671 seconds
New Tree:
Tree: ((0,((1,2),3)),((((31,32),33),((34,35),36)),((((((11,12),13),(14,15)),((9,10),((4,5),(6,(7,8))))),(((((20,21),(22,23)),24),25),(((16,17),18),19))),((26,(27,28)),(29,30)))));
Tree Score: 13459.660124710586
Score Improvement: 0.06355449696729742

Step Number: 5
Time Spent: 8.718543958 seconds
New Tree:
Tree: ((0,((1,2),3)),((((31,32),33),((34,35),36)),((((((11,12),13),(14,15)),((9,10),((4,5),(6,(7,8))))),(((25,24),((20,21),(22,23))),(((16,17),18),19))),((26,(27,28)),(29,30)))));
Tree Score: 13594.484549382527
Score Improvement: 0.01001692638764462

Step Number: 6
Time Spent: 8.02644205 seconds
New Tree:
Tree: ((0,((1,2),3)),((((31,32),33),((34,35),36)),((((((11,12),13),(14,15)),((9,10),((4,5),(6,(7,8))))),(((25,24),((20,21),(22,23))),((19,18),(16,17)))),((26,(27,28)),(29,30)))));
Tree Score: 13715.65937440825
Score Improvement: 0.00891352846704474

Step Number: 7
Time Spent: 7.465664174 seconds
New Tree:
Tree: ((0,((3,2),1)),((((31,32),33),((34,35),36)),((((((11,12),13),(14,15)),((9,10),((4,5),(6,(7,8))))),(((25,24),((20,21),(22,23))),((19,18),(16,17)))),((26,(27,28)),(29,30)))));
Tree Score: 13733.010599635367
Score Improvement: 0.0012650667936164872

Step Number: 8
Time Spent: 6.894582545 seconds
New Tree:
Tree: ((0,((3,2),1)),((((31,32),33),((34,35),36)),((((((11,12),13),(14,15)),((9,10),((4,5),(6,(7,8))))),(((25,24),((20,21),(22,23))),((19,18),(16,17)))),((26,(27,28)),(29,30)))));
Tree Score: 13733.010599635367
Score Improvement: 0.0

TOTAL STEPS: 8
TOTAL TIME: 65.328553095 seconds
Final tree: Tree: ((0,((3,2),1)),((((31,32),33),((34,35),36)),((((((11,12),13),(14,15)),((9,10),((4,5),(6,(7,8))))),(((25,24),((20,21),(22,23))),((19,18),(16,17)))),((26,(27,28)),(29,30)))));
Tree Score: 13733.010599635367
Total Score Improvement: 0.37663646070509715

--------------ITERATION 6--------------
Input tree: (((((0,1),((2,(3,4)),(((5,(6,7)),(8,9)),(10,11)))),(((((12,13),14),(15,16)),17),((18,(19,20)),((21,22),(23,24))))),(25,26)),(((((27,28),(29,30)),(31,(32,(33,34)))),35),36));
Initial Score: 10281.641874384146

Step Number: 1
Time Spent: 10.388771296 seconds
New Tree:
Tree: (((((((5,(6,7)),(8,9)),(10,11)),((2,(3,4)),(0,1))),(((((12,13),14),(15,16)),17),((18,(19,20)),((21,22),(23,24))))),(25,26)),(((((27,28),(29,30)),(31,(32,(33,34)))),35),36));
Tree Score: 11010.193975460727
Score Improvement: 0.07085950959755838

Step Number: 2
Time Spent: 10.425485741 seconds
New Tree:
Tree: (((((((5,(6,7)),(8,9)),(10,11)),(((((12,13),14),(15,16)),17),((18,(19,20)),((21,22),(23,24))))),((2,(3,4)),(0,1))),(25,26)),(((((27,28),(29,30)),(31,(32,(33,34)))),35),36));
Tree Score: 11783.04435125367
Score Improvement: 0.07019407446548676

Step Number: 3
Time Spent: 9.982381768 seconds
New Tree:
Tree: ((((((18,(19,20)),((21,22),(23,24))),(((((12,13),14),(15,16)),17),(((5,(6,7)),(8,9)),(10,11)))),((2,(3,4)),(0,1))),(25,26)),(((((27,28),(29,30)),(31,(32,(33,34)))),35),36));
Tree Score: 12500.29809841439
Score Improvement: 0.060871683563204826

Step Number: 4
Time Spent: 10.546849429 seconds
New Tree:
Tree: ((((((18,(19,20)),((21,22),(23,24))),(((((12,13),14),(15,16)),17),(((5,(6,7)),(8,9)),(10,11)))),((2,(3,4)),(0,1))),(25,26)),((36,35),(((27,28),(29,30)),(31,(32,(33,34))))));
Tree Score: 12889.396772894263
Score Improvement: 0.03112715164202573

Step Number: 5
Time Spent: 9.846543335 seconds
New Tree:
Tree: ((((((18,(19,20)),((21,22),(23,24))),(((17,(15,16)),((12,13),14)),(((5,(6,7)),(8,9)),(10,11)))),((2,(3,4)),(0,1))),(25,26)),((36,35),(((27,28),(29,30)),(31,(32,(33,34))))));
Tree Score: 12950.456398189253
Score Improvement: 0.0047371980528518876

Step Number: 6
Time Spent: 9.885475311 seconds
New Tree:
Tree: ((((((18,(19,20)),((21,22),(23,24))),(((17,(15,16)),((12,13),14)),(((5,(6,7)),(8,9)),(10,11)))),((2,(3,4)),(0,1))),(25,26)),((36,35),(((27,28),(29,30)),(31,(34,(33,32))))));
Tree Score: 12972.489023324753
Score Improvement: 0.0017013010551953922

Step Number: 7
Time Spent: 9.26927237 seconds
New Tree:
Tree: ((((((18,(19,20)),((21,22),(23,24))),(((17,(15,16)),((14,13),12)),(((5,(6,7)),(8,9)),(10,11)))),((2,(3,4)),(0,1))),(25,26)),((36,35),(((27,28),(29,30)),(31,(34,(33,32))))));
Tree Score: 12973.313273315038
Score Improvement: 6.35383070128892E-5

Step Number: 8
Time Spent: 8.668851047 seconds
New Tree:
Tree: ((((((18,(19,20)),((21,22),(23,24))),(((17,(15,16)),((14,13),12)),(((5,(6,7)),(8,9)),(10,11)))),((2,(3,4)),(0,1))),(25,26)),((36,35),(((27,28),(29,30)),(31,(34,(33,32))))));
Tree Score: 12973.313273315038
Score Improvement: 0.0

TOTAL STEPS: 8
TOTAL TIME: 79.013630297 seconds
Final tree: Tree: ((((((18,(19,20)),((21,22),(23,24))),(((17,(15,16)),((14,13),12)),(((5,(6,7)),(8,9)),(10,11)))),((2,(3,4)),(0,1))),(25,26)),((36,35),(((27,28),(29,30)),(31,(34,(33,32))))));
Tree Score: 12973.313273315038
Total Score Improvement: 0.2617939266720588

--------------ITERATION 7--------------
Input tree: (((0,(1,2)),(((3,4),((5,(6,7)),((8,(9,10)),11))),((12,(13,(14,15))),(((16,(17,(18,19))),(20,21)),22)))),(((23,((((24,25),26),(27,28)),29)),30),((((31,32),33),34),(35,36))));
Initial Score: 9611.110501292958

Step Number: 1
Time Spent: 9.584785328 seconds
New Tree:
Tree: (((0,(1,2)),((((16,(17,(18,19))),(20,21)),22),((12,(13,(14,15))),((3,4),((5,(6,7)),((8,(9,10)),11)))))),(((23,((((24,25),26),(27,28)),29)),30),((((31,32),33),34),(35,36))));
Tree Score: 10359.970575322437
Score Improvement: 0.07791608201037081

Step Number: 2
Time Spent: 8.993375066 seconds
New Tree:
Tree: (((0,(1,2)),(((22,(20,21)),(16,(17,(18,19)))),((12,(13,(14,15))),((3,4),((5,(6,7)),((8,(9,10)),11)))))),(((23,((((24,25),26),(27,28)),29)),30),((((31,32),33),34),(35,36))));
Tree Score: 11341.973874767351
Score Improvement: 0.0947882324863023

Step Number: 3
Time Spent: 8.387434324 seconds
New Tree:
Tree: (((0,(1,2)),(((22,(20,21)),(16,(17,(18,19)))),(((14,15),(13,12)),((3,4),((5,(6,7)),((8,(9,10)),11)))))),(((23,((((24,25),26),(27,28)),29)),30),((((31,32),33),34),(35,36))));
Tree Score: 11430.340699945617
Score Improvement: 0.007791132844597426

Step Number: 4
Time Spent: 8.435970873 seconds
New Tree:
Tree: (((0,(1,2)),(((22,(20,21)),(16,(17,(18,19)))),(((14,15),(13,12)),((3,4),((5,(6,7)),((8,(9,10)),11)))))),(((23,((((27,28),26),(24,25)),29)),30),((((31,32),33),34),(35,36))));
Tree Score: 11456.927875292527
Score Improvement: 0.002326017749150422

Step Number: 5
Time Spent: 8.38812261 seconds
New Tree:
Tree: (((0,(1,2)),(((22,(20,21)),((18,19),(17,16))),(((14,15),(13,12)),((3,4),((5,(6,7)),((8,(9,10)),11)))))),(((23,((((27,28),26),(24,25)),29)),30),((((31,32),33),34),(35,36))));
Tree Score: 11482.157650305231
Score Improvement: 0.0022021413844379722

Step Number: 6
Time Spent: 7.854509572 seconds
New Tree:
Tree: (((0,(1,2)),(((22,(20,21)),((18,19),(17,16))),(((14,15),(13,12)),((3,4),((5,(6,7)),((10,(9,8)),11)))))),(((23,((((27,28),26),(24,25)),29)),30),((((31,32),33),34),(35,36))));
Tree Score: 11499.081450423499
Score Improvement: 0.0014739215950250184

Step Number: 7
Time Spent: 7.331268243 seconds
New Tree:
Tree: (((0,(1,2)),(((22,(20,21)),((18,19),(17,16))),(((14,15),(13,12)),((3,4),((5,(6,7)),((10,(9,8)),11)))))),(((23,((((27,28),26),(24,25)),29)),30),((((31,32),33),34),(35,36))));
Tree Score: 11499.081450423499
Score Improvement: 0.0

TOTAL STEPS: 7
TOTAL TIME: 58.975466016 seconds
Final tree: Tree: (((0,(1,2)),(((22,(20,21)),((18,19),(17,16))),(((14,15),(13,12)),((3,4),((5,(6,7)),((10,(9,8)),11)))))),(((23,((((27,28),26),(24,25)),29)),30),((((31,32),33),34),(35,36))));
Tree Score: 11499.081450423499
Total Score Improvement: 0.19643629618830794

--------------ITERATION 8--------------
Input tree: (((((0,((((1,2),3),((4,5),(6,((7,8),((9,10),11))))),(12,13))),(((14,15),(16,(17,18))),19)),((20,((21,(22,23)),(24,25))),26)),(27,28)),(((((29,30),31),((32,33),34)),35),36));
Initial Score: 8433.034775295026

Step Number: 1
Time Spent: 12.296396909 seconds
New Tree:
Tree: (((((0,(((12,13),((4,5),(6,((7,8),((9,10),11))))),((1,2),3))),(((14,15),(16,(17,18))),19)),((20,((21,(22,23)),(24,25))),26)),(27,28)),(((((29,30),31),((32,33),34)),35),36));
Tree Score: 8814.06194981347
Score Improvement: 0.0451826874513408

Step Number: 2
Time Spent: 13.02725619 seconds
New Tree:
Tree: (((((((12,13),((4,5),(6,((7,8),((9,10),11))))),(0,((1,2),3))),(((14,15),(16,(17,18))),19)),((20,((21,(22,23)),(24,25))),26)),(27,28)),(((((29,30),31),((32,33),34)),35),36));
Tree Score: 9499.979300618834
Score Improvement: 0.07782079984358181

Step Number: 3
Time Spent: 11.816923298 seconds
New Tree:
Tree: (((((((12,13),((4,5),(6,((7,8),((9,10),11))))),(((14,15),(16,(17,18))),19)),(0,((1,2),3))),((20,((21,(22,23)),(24,25))),26)),(27,28)),(((((29,30),31),((32,33),34)),35),36));
Tree Score: 9828.465277151634
Score Improvement: 0.03457754655438072

Step Number: 4
Time Spent: 12.065043816 seconds
New Tree:
Tree: (((((((12,13),((4,5),(6,((7,8),((9,10),11))))),(((14,15),(16,(17,18))),19)),((20,((21,(22,23)),(24,25))),26)),(0,((1,2),3))),(27,28)),(((((29,30),31),((32,33),34)),35),36));
Tree Score: 10414.48297550351
Score Improvement: 0.05962453768994824

Step Number: 5
Time Spent: 11.354678483 seconds
New Tree:
Tree: (((((((12,13),((4,5),(((9,10),11),((7,8),6)))),(((14,15),(16,(17,18))),19)),((20,((21,(22,23)),(24,25))),26)),(0,((1,2),3))),(27,28)),(((((29,30),31),((32,33),34)),35),36));
Tree Score: 10710.260649977332
Score Improvement: 0.028400610493054534

Step Number: 6
Time Spent: 11.070256211 seconds
New Tree:
Tree: (((((((12,13),((4,5),(((9,10),11),((7,8),6)))),(((14,15),(16,(17,18))),19)),((20,((21,(22,23)),(24,25))),26)),(0,((1,2),3))),(27,28)),((36,35),(((29,30),31),((32,33),34))));
Tree Score: 10959.563525156664
Score Improvement: 0.02327701288762385

Step Number: 7
Time Spent: 10.131371245 seconds
New Tree:
Tree: (((((((12,13),((4,5),(((9,10),11),((7,8),6)))),((19,(16,(17,18))),(14,15))),((20,((21,(22,23)),(24,25))),26)),(0,((1,2),3))),(27,28)),((36,35),(((29,30),31),((32,33),34))));
Tree Score: 10979.47415116577
Score Improvement: 0.0018167353073326176

Step Number: 8
Time Spent: 10.045275939 seconds
New Tree:
Tree: (((((((12,13),((4,5),(((9,10),11),((7,8),6)))),((19,(16,(17,18))),(14,15))),(((24,25),((21,(22,23)),20)),26)),(0,((1,2),3))),(27,28)),((36,35),(((29,30),31),((32,33),34))));
Tree Score: 10997.6396765623
Score Improvement: 0.0016544986714688292

Step Number: 9
Time Spent: 10.073427913 seconds
New Tree:
Tree: (((((((12,13),((4,5),(((9,10),11),((7,8),6)))),((19,(16,(17,18))),(14,15))),(((24,25),26),((21,(22,23)),20))),(0,((1,2),3))),(27,28)),((36,35),(((29,30),31),((32,33),34))));
Tree Score: 11250.295400895331
Score Improvement: 0.022973631775869308

Step Number: 10
Time Spent: 10.133293906 seconds
New Tree:
Tree: (((((((12,13),((4,5),(((9,10),11),((7,8),6)))),((19,(16,(17,18))),(14,15))),(((24,25),26),((21,20),(22,23)))),(0,((1,2),3))),(27,28)),((36,35),(((29,30),31),((32,33),34))));
Tree Score: 11293.613800972853
Score Improvement: 0.0038504233474683236

Step Number: 11
Time Spent: 10.512098431 seconds
New Tree:
Tree: (((((((12,13),((4,5),(((9,10),11),((7,8),6)))),((19,(16,(17,18))),(14,15))),(((24,25),26),((21,20),(22,23)))),(0,((3,2),1))),(27,28)),((36,35),(((29,30),31),((32,33),34))));
Tree Score: 11310.96502619997
Score Improvement: 0.0015363749401120508

Step Number: 12
Time Spent: 9.384787829 seconds
New Tree:
Tree: (((((((12,13),((4,5),(((9,10),11),((7,8),6)))),((19,(16,(17,18))),(14,15))),(((24,25),26),((21,20),(22,23)))),(0,((3,2),1))),(27,28)),((36,35),((((32,33),34),31),(29,30))));
Tree Score: 11327.16822612138
Score Improvement: 0.001432521441263157

Step Number: 13
Time Spent: 8.089280697 seconds
New Tree:
Tree: (((((((12,13),((4,5),(((9,10),11),((7,8),6)))),((19,(18,(17,16))),(14,15))),(((24,25),26),((21,20),(22,23)))),(0,((3,2),1))),(27,28)),((36,35),((((32,33),34),31),(29,30))));
Tree Score: 11333.49730107413
Score Improvement: 5.587517397469544E-4

Step Number: 14
Time Spent: 8.042535018 seconds
New Tree:
Tree: (((((((12,13),((4,5),(((9,10),11),((7,8),6)))),(((17,16),(18,19)),(14,15))),(((24,25),26),((21,20),(22,23)))),(0,((3,2),1))),(27,28)),((36,35),((((32,33),34),31),(29,30))));
Tree Score: 11409.771126129119
Score Improvement: 0.006729946020083366

Step Number: 15
Time Spent: 7.395384497 seconds
New Tree:
Tree: (((((((12,13),((4,5),(((9,10),11),((7,8),6)))),(((17,16),(18,19)),(14,15))),(((24,25),26),((21,20),(22,23)))),(0,((3,2),1))),(27,28)),((36,35),((((32,33),34),31),(29,30))));
Tree Score: 11409.771126129119
Score Improvement: 0.0

TOTAL STEPS: 15
TOTAL TIME: 155.438010382 seconds
Final tree: Tree: (((((((12,13),((4,5),(((9,10),11),((7,8),6)))),(((17,16),(18,19)),(14,15))),(((24,25),26),((21,20),(22,23)))),(0,((3,2),1))),(27,28)),((36,35),((((32,33),34),31),(29,30))));
Tree Score: 11409.771126129119
Total Score Improvement: 0.3529851862528284

--------------ITERATION 9--------------
Input tree: (((((0,1),2),((3,4),(5,6))),(((7,8),9),10)),(((11,((12,13),14)),15),(((16,((17,18),(((19,20),21),(22,(((23,(24,25)),26),(27,(28,29))))))),(30,(31,32))),((33,34),(35,36)))));
Initial Score: 8415.051554335456

Step Number: 1
Time Spent: 11.264144554 seconds
New Tree:
Tree: (((((0,1),2),((3,4),(5,6))),(((16,((17,18),(((19,20),21),(22,(((23,(24,25)),26),(27,(28,29))))))),(30,(31,32))),((33,34),(35,36)))),(((11,((12,13),14)),15),(((7,8),9),10)));
Tree Score: 9581.43557712785
Score Improvement: 0.1386068778380174

Step Number: 2
Time Spent: 11.279847528 seconds
New Tree:
Tree: ((((16,((17,18),(((19,20),21),(22,(((23,(24,25)),26),(27,(28,29))))))),(30,(31,32))),((((0,1),2),((3,4),(5,6))),((33,34),(35,36)))),(((11,((12,13),14)),15),(((7,8),9),10)));
Tree Score: 11005.128730346863
Score Improvement: 0.14858871009032892

Step Number: 3
Time Spent: 10.752455952 seconds
New Tree:
Tree: ((((16,((17,18),((((23,(24,25)),26),(27,(28,29))),(22,((19,20),21))))),(30,(31,32))),((((0,1),2),((3,4),(5,6))),((33,34),(35,36)))),(((11,((12,13),14)),15),(((7,8),9),10)));
Tree Score: 11801.969029580308
Score Improvement: 0.07240626790999194

Step Number: 4
Time Spent: 10.175848339 seconds
New Tree:
Tree: ((((16,((((23,(24,25)),26),(27,(28,29))),((17,18),(22,((19,20),21))))),(30,(31,32))),((((0,1),2),((3,4),(5,6))),((33,34),(35,36)))),(((11,((12,13),14)),15),(((7,8),9),10)));
Tree Score: 12613.861155202561
Score Improvement: 0.06879293816034737

Step Number: 5
Time Spent: 10.137966288 seconds
New Tree:
Tree: ((((16,((((27,(28,29)),26),(23,(24,25))),((17,18),(22,((19,20),21))))),(30,(31,32))),((((0,1),2),((3,4),(5,6))),((33,34),(35,36)))),(((11,((12,13),14)),15),(((7,8),9),10)));
Tree Score: 12659.504005458155
Score Improvement: 0.003618467786667301

Step Number: 6
Time Spent: 10.168856389 seconds
New Tree:
Tree: ((((16,((((27,26),(28,29)),(23,(24,25))),((17,18),(22,((19,20),21))))),(30,(31,32))),((((0,1),2),((3,4),(5,6))),((33,34),(35,36)))),(((11,((12,13),14)),15),(((7,8),9),10)));
Tree Score: 12717.461805228093
Score Improvement: 0.004578204623573612

Step Number: 7
Time Spent: 9.864080482 seconds
New Tree:
Tree: ((((16,((((27,26),(28,29)),(23,(24,25))),((17,18),(22,((19,20),21))))),(30,(31,32))),((((0,1),2),((3,4),(5,6))),((33,34),(35,36)))),(((14,((12,13),11)),15),(((7,8),9),10)));
Tree Score: 12722.563979938575
Score Improvement: 4.011944198161199E-4

Step Number: 8
Time Spent: 9.244358029 seconds
New Tree:
Tree: ((((16,((((27,26),(28,29)),(23,(24,25))),((17,18),(22,((19,20),21))))),(30,(31,32))),((((0,1),2),((3,4),(5,6))),((33,34),(35,36)))),(((14,((12,11),13)),15),(((7,8),9),10)));
Tree Score: 12729.272155228951
Score Improvement: 5.272659898549747E-4

Step Number: 9
Time Spent: 9.063442495 seconds
New Tree:
Tree: ((((16,((((27,26),(28,29)),(23,(24,25))),((17,18),(22,((19,20),21))))),(30,(31,32))),((((0,1),2),((3,4),(5,6))),((33,34),(35,36)))),((((12,11),(14,13)),15),(((7,8),9),10)));
Tree Score: 12782.622104991176
Score Improvement: 0.004191123350309578

Step Number: 10
Time Spent: 8.373085642 seconds
New Tree:
Tree: ((((16,((((27,26),(28,29)),(23,(24,25))),((17,18),(22,((19,20),21))))),(30,(31,32))),((((0,1),2),((3,4),(5,6))),((33,34),(35,36)))),((((12,11),(14,13)),15),(((7,8),9),10)));
Tree Score: 12782.622104991176
Score Improvement: 0.0

TOTAL STEPS: 10
TOTAL TIME: 100.324085698 seconds
Final tree: Tree: ((((16,((((27,26),(28,29)),(23,(24,25))),((17,18),(22,((19,20),21))))),(30,(31,32))),((((0,1),2),((3,4),(5,6))),((33,34),(35,36)))),((((12,11),(14,13)),15),(((7,8),9),10)));
Tree Score: 12782.622104991176
Total Score Improvement: 0.5190188702296823

--------------ITERATION 10--------------
Input tree: (((((((0,(1,(2,3))),4),5),((6,7),8)),(((9,10),11),((12,13),(14,15)))),((16,((17,18),(19,20))),(21,22))),((23,24),((((25,26),27),((28,(29,30)),(31,(32,33)))),(34,(35,36)))));
Initial Score: 11106.865648974199

Step Number: 1
Time Spent: 11.38011377 seconds
New Tree:
Tree: (((((16,((17,18),(19,20))),(21,22)),(((9,10),11),((12,13),(14,15)))),((((0,(1,(2,3))),4),5),((6,7),8))),((23,24),((((25,26),27),((28,(29,30)),(31,(32,33)))),(34,(35,36)))));
Tree Score: 11899.169198931195
Score Improvement: 0.07133457583779923

Step Number: 2
Time Spent: 11.068867627 seconds
New Tree:
Tree: (((((16,((17,18),(19,20))),(21,22)),(((9,10),11),((12,13),(14,15)))),(((5,4),(0,(1,(2,3)))),((6,7),8))),((23,24),((((25,26),27),((28,(29,30)),(31,(32,33)))),(34,(35,36)))));
Tree Score: 12201.825448964722
Score Improvement: 0.025435074077332365

Step Number: 3
Time Spent: 10.098805442 seconds
New Tree:
Tree: (((((16,((17,18),(19,20))),(21,22)),(((9,10),11),((12,13),(14,15)))),(((5,4),(0,(1,(2,3)))),((6,7),8))),((23,24),(((31,(32,33)),((28,(29,30)),((25,26),27))),(34,(35,36)))));
Tree Score: 12354.374050131999
Score Improvement: 0.012502113049012609

Step Number: 4
Time Spent: 10.708143473 seconds
New Tree:
Tree: ((((((19,20),((17,18),16)),(21,22)),(((9,10),11),((12,13),(14,15)))),(((5,4),(0,(1,(2,3)))),((6,7),8))),((23,24),(((31,(32,33)),((28,(29,30)),((25,26),27))),(34,(35,36)))));
Tree Score: 12395.914050080813
Score Improvement: 0.0033623718838569072

Step Number: 5
Time Spent: 10.077699685 seconds
New Tree:
Tree: ((((((19,20),(21,22)),((17,18),16)),(((9,10),11),((12,13),(14,15)))),(((5,4),(0,(1,(2,3)))),((6,7),8))),((23,24),(((31,(32,33)),((28,(29,30)),((25,26),27))),(34,(35,36)))));
Tree Score: 12637.297025048174
Score Improvement: 0.019472785467223197

Step Number: 6
Time Spent: 10.132101366 seconds
New Tree:
Tree: ((((((19,20),(21,22)),((17,18),16)),(((9,10),11),((12,13),(14,15)))),(((5,4),(0,(1,(2,3)))),((8,7),6))),((23,24),(((31,(32,33)),((28,(29,30)),((25,26),27))),(34,(35,36)))));
Tree Score: 12649.338575833477
Score Improvement: 9.528580962714361E-4

Step Number: 7
Time Spent: 9.601776385 seconds
New Tree:
Tree: ((((((19,20),(21,22)),((17,18),16)),(((9,10),11),((12,13),(14,15)))),(((5,4),(0,(1,(2,3)))),((8,7),6))),((23,24),(((31,(32,33)),((29,(28,30)),((25,26),27))),(34,(35,36)))));
Tree Score: 12650.144876078703
Score Improvement: 6.37424826912536E-5

Step Number: 8
Time Spent: 9.030134419 seconds
New Tree:
Tree: ((((((19,20),(21,22)),((17,18),16)),(((9,10),11),((12,13),(14,15)))),(((5,4),(0,(1,(2,3)))),((8,7),6))),((23,24),(((31,(32,33)),((29,(28,30)),((25,26),27))),(34,(35,36)))));
Tree Score: 12650.144876078703
Score Improvement: 0.0

TOTAL STEPS: 8
TOTAL TIME: 82.097642167 seconds
Final tree: Tree: ((((((19,20),(21,22)),((17,18),16)),(((9,10),11),((12,13),(14,15)))),(((5,4),(0,(1,(2,3)))),((8,7),6))),((23,24),(((31,(32,33)),((29,(28,30)),((25,26),27))),(34,(35,36)))));
Tree Score: 12650.144876078703
Total Score Improvement: 0.13894822138656515

===========================================================
RESULTS FROM 10 ITERATION(S):
AVERAGE TIME PER RUN: 87.418809943 seconds
AVERAGE IMPROVEMENT: 0.2778937219961349
BEST Tree: ((((5,4),((3,2),(0,1))),((24,(25,((28,29),(27,26)))),(((30,31),(32,33)),((34,35),36)))),((((20,19),(17,18)),((21,22),23)),(((((6,7),(8,9)),13),((10,11),12)),((14,15),16))));
Tree Score: 13935.265925828367
BEST'S IMPROVEMENT :0.1628802009308563
