--------------ITERATION 1--------------
Input tree: (((((0,1),((2,3),(4,(5,6)))),7),((8,(9,10)),((11,(12,13)),(14,(15,(16,(17,18))))))),(((19,(20,21)),(22,23)),((((((24,25),26),27),28),(29,(30,31))),((32,((33,34),35)),36))));
Initial Score: 10651.736149965653

Step Number: 1
Time Spent: 13.847918022 seconds
New Tree:
Tree: (((((0,1),((2,3),(4,(5,6)))),7),((((((24,25),26),27),28),(29,(30,31))),((32,((33,34),35)),36))),(((19,(20,21)),(22,23)),((8,(9,10)),((11,(12,13)),(14,(15,(16,(17,18))))))));
Tree Score: 11667.149977395076
Score Improvement: 0.09532848102257008

Step Number: 2
Time Spent: 13.21175947 seconds
New Tree:
Tree: (((((0,1),((2,3),(4,(5,6)))),7),((((((24,25),26),27),28),(29,(30,31))),((32,((33,34),35)),36))),(((19,(20,21)),(22,23)),((14,(15,(16,(17,18)))),((11,(12,13)),(8,(9,10))))));
Tree Score: 11888.99147667433
Score Improvement: 0.01901419795829029

Step Number: 3
Time Spent: 13.064908953 seconds
New Tree:
Tree: (((((0,1),((2,3),(4,(5,6)))),7),((((((24,25),26),27),28),(29,(30,31))),((32,((33,34),35)),36))),(((11,(12,13)),(8,(9,10))),((14,(15,(16,(17,18)))),((19,(20,21)),(22,23)))));
Tree Score: 12652.679576695691
Score Improvement: 0.06423489339021593

Step Number: 4
Time Spent: 12.437360645 seconds
New Tree:
Tree: (((((4,(5,6)),((2,3),(0,1))),7),((((((24,25),26),27),28),(29,(30,31))),((32,((33,34),35)),36))),(((11,(12,13)),(8,(9,10))),((14,(15,(16,(17,18)))),((19,(20,21)),(22,23)))));
Tree Score: 12791.79892639852
Score Improvement: 0.010995247991505641

Step Number: 5
Time Spent: 11.877408364 seconds
New Tree:
Tree: (((((4,(5,6)),((2,3),(0,1))),7),((((28,27),((24,25),26)),(29,(30,31))),((32,((33,34),35)),36))),(((11,(12,13)),(8,(9,10))),((14,(15,(16,(17,18)))),((19,(20,21)),(22,23)))));
Tree Score: 12893.76150151192
Score Improvement: 0.007970933228396815

Step Number: 6
Time Spent: 11.880994154 seconds
New Tree:
Tree: (((((4,(5,6)),((2,3),(0,1))),7),((((28,27),((26,25),24)),(29,(30,31))),((32,((33,34),35)),36))),(((11,(12,13)),(8,(9,10))),((14,(15,(16,(17,18)))),((19,(20,21)),(22,23)))));
Tree Score: 12912.397051385035
Score Improvement: 0.0014453152302320582

Step Number: 7
Time Spent: 11.270589787 seconds
New Tree:
Tree: (((((4,(5,6)),((2,3),(0,1))),7),((((28,27),((26,25),24)),(29,(30,31))),((32,((33,34),35)),36))),(((11,(12,13)),(8,(9,10))),((14,(15,(18,(17,16)))),((19,(20,21)),(22,23)))));
Tree Score: 12927.635651300092
Score Improvement: 0.0011801526745511826

Step Number: 8
Time Spent: 10.604304151 seconds
New Tree:
Tree: (((((4,(5,6)),((2,3),(0,1))),7),((((28,27),((26,25),24)),(29,(30,31))),((32,((33,34),35)),36))),(((11,(12,13)),(8,(9,10))),((14,(15,(18,(17,16)))),((21,(20,19)),(22,23)))));
Tree Score: 12935.996251264949
Score Improvement: 6.467230505537991E-4

Step Number: 9
Time Spent: 10.061034717 seconds
New Tree:
Tree: (((((4,(5,6)),((2,3),(0,1))),7),((((28,27),((26,25),24)),(29,(30,31))),((32,((35,34),33)),36))),(((11,(12,13)),(8,(9,10))),((14,(15,(18,(17,16)))),((21,(20,19)),(22,23)))));
Tree Score: 12941.198551218387
Score Improvement: 4.021568847416557E-4

Step Number: 10
Time Spent: 9.896229961 seconds
New Tree:
Tree: (((((4,(5,6)),((2,3),(0,1))),7),((((28,27),((26,25),24)),(29,(30,31))),(((35,34),(32,33)),36))),(((11,(12,13)),(8,(9,10))),((14,(15,(18,(17,16)))),((21,(20,19)),(22,23)))));
Tree Score: 12995.324925966923
Score Improvement: 0.004182485457920659

Step Number: 11
Time Spent: 9.339948327 seconds
New Tree:
Tree: (((((4,(5,6)),((2,3),(0,1))),7),((((28,27),((26,25),24)),(29,(30,31))),(((35,34),(32,33)),36))),(((11,(12,13)),(8,(9,10))),((14,(15,(18,(17,16)))),((21,(20,19)),(22,23)))));
Tree Score: 12995.324925966923
Score Improvement: 0.0

TOTAL STEPS: 11
TOTAL TIME: 127.492456551 seconds
Final tree: Tree: (((((4,(5,6)),((2,3),(0,1))),7),((((28,27),((26,25),24)),(29,(30,31))),(((35,34),(32,33)),36))),(((11,(12,13)),(8,(9,10))),((14,(15,(18,(17,16)))),((21,(20,19)),(22,23)))));
Tree Score: 12995.324925966923
Total Score Improvement: 0.22001941683552007

--------------ITERATION 2--------------
Input tree: ((((((0,1),(2,3)),4),((5,6),7)),((((((8,(9,10)),(11,((12,13),14))),15),((16,17),18)),(((19,20),21),(((22,(23,24)),25),(26,27)))),(((28,29),((30,31),32)),33))),((34,35),36));
Initial Score: 10460.184077713639

Step Number: 1
Time Spent: 9.756275082 seconds
New Tree:
Tree: ((((((0,1),(2,3)),4),((5,6),7)),(((((28,29),((30,31),32)),33),(((19,20),21),(((22,(23,24)),25),(26,27)))),((((8,(9,10)),(11,((12,13),14))),15),((16,17),18)))),((34,35),36));
Tree Score: 12086.462900932265
Score Improvement: 0.15547325086597286

Step Number: 2
Time Spent: 9.053435776 seconds
New Tree:
Tree: ((((((0,1),(2,3)),4),((5,6),7)),(((((28,29),33),((30,31),32)),(((19,20),21),(((22,(23,24)),25),(26,27)))),((((8,(9,10)),(11,((12,13),14))),15),((16,17),18)))),((34,35),36));
Tree Score: 12593.765276323391
Score Improvement: 0.041972773966153065

Step Number: 3
Time Spent: 8.399090136 seconds
New Tree:
Tree: ((((((0,1),(2,3)),4),((5,6),7)),(((((28,29),33),((30,31),32)),(((19,20),21),(((25,(23,24)),22),(26,27)))),((((8,(9,10)),(11,((12,13),14))),15),((16,17),18)))),((34,35),36));
Tree Score: 12605.186176636575
Score Improvement: 9.068693962921426E-4

Step Number: 4
Time Spent: 7.950489794 seconds
New Tree:
Tree: ((((((0,1),(2,3)),4),((5,6),7)),(((((28,29),33),((30,31),32)),(((19,20),21),(((25,(23,24)),22),(26,27)))),((((8,(9,10)),(11,((12,13),14))),15),((16,17),18)))),((34,35),36));
Tree Score: 12605.186176636575
Score Improvement: 0.0

TOTAL STEPS: 4
TOTAL TIME: 35.159290788 seconds
Final tree: Tree: ((((((0,1),(2,3)),4),((5,6),7)),(((((28,29),33),((30,31),32)),(((19,20),21),(((25,(23,24)),22),(26,27)))),((((8,(9,10)),(11,((12,13),14))),15),((16,17),18)))),((34,35),36));
Tree Score: 12605.186176636575
Total Score Improvement: 0.20506351350862517

--------------ITERATION 3--------------
Input tree: (((0,1),((2,((3,4),5)),((6,7),8))),((((((9,10),(11,12)),(13,14)),15),(((((16,(((17,18),19),20)),21),22),((23,24),25)),(((26,(27,28)),29),(((30,31),32),(33,34))))),(35,36)));
Initial Score: 10477.085800185694

Step Number: 1
Time Spent: 12.141726333 seconds
New Tree:
Tree: (((0,1),(35,36)),((((((9,10),(11,12)),(13,14)),15),(((((16,(((17,18),19),20)),21),22),((23,24),25)),(((26,(27,28)),29),(((30,31),32),(33,34))))),((2,((3,4),5)),((6,7),8))));
Tree Score: 10978.514075094263
Score Improvement: 0.04785951785368425

Step Number: 2
Time Spent: 11.986289738 seconds
New Tree:
Tree: (((0,1),(35,36)),((((((9,10),(11,12)),(13,14)),15),((((22,21),(16,(((17,18),19),20))),((23,24),25)),(((26,(27,28)),29),(((30,31),32),(33,34))))),((2,((3,4),5)),((6,7),8))));
Tree Score: 11304.107350328366
Score Improvement: 0.02965731728419785

Step Number: 3
Time Spent: 11.38014464 seconds
New Tree:
Tree: (((0,1),(35,36)),((((((9,10),(11,12)),(13,14)),15),(((((26,(27,28)),29),(((30,31),32),(33,34))),((23,24),25)),((22,21),(16,(((17,18),19),20))))),((2,((3,4),5)),((6,7),8))));
Tree Score: 11548.771248760993
Score Improvement: 0.021643805286891693

Step Number: 4
Time Spent: 12.191049295 seconds
New Tree:
Tree: (((0,1),(35,36)),((((((26,(27,28)),29),(((30,31),32),(33,34))),((23,24),25)),(((((9,10),(11,12)),(13,14)),15),((22,21),(16,(((17,18),19),20))))),((2,((3,4),5)),((6,7),8))));
Tree Score: 13259.582023131556
Score Improvement: 0.1481379046757123

Step Number: 5
Time Spent: 12.069782966 seconds
New Tree:
Tree: (((0,1),(35,36)),((((((26,(27,28)),29),(((30,31),32),(33,34))),((23,24),25)),(((((9,10),(13,14)),(11,12)),15),((22,21),(16,(((17,18),19),20))))),((2,((3,4),5)),((6,7),8))));
Tree Score: 13335.674273035384
Score Improvement: 0.005738661276885271

Step Number: 6
Time Spent: 11.601735249 seconds
New Tree:
Tree: (((0,1),(35,36)),((((((26,(27,28)),29),(((30,31),32),(33,34))),((23,24),25)),(((((9,10),(13,14)),(11,12)),15),((22,21),(16,((20,19),(17,18)))))),((2,((3,4),5)),((6,7),8))));
Tree Score: 13393.265998041385
Score Improvement: 0.004318621153071467

Step Number: 7
Time Spent: 11.262899843 seconds
New Tree:
Tree: (((0,1),(35,36)),((((((26,(27,28)),29),(((30,31),32),(33,34))),((23,24),25)),(((((9,10),(13,14)),(11,12)),15),((22,21),((20,19),(16,(17,18)))))),((2,((3,4),5)),((6,7),8))));
Tree Score: 13434.8059979902
Score Improvement: 0.0031015586455827027

Step Number: 8
Time Spent: 10.632897521 seconds
New Tree:
Tree: (((0,1),(35,36)),((((((26,(27,28)),29),(((30,31),32),(33,34))),((23,24),25)),(((((9,10),(13,14)),(11,12)),15),((16,(17,18)),((20,19),(22,21))))),((2,((3,4),5)),((6,7),8))));
Tree Score: 13676.18897295756
Score Improvement: 0.017966986274567054

Step Number: 9
Time Spent: 10.609107136 seconds
New Tree:
Tree: (((0,1),(35,36)),((((((26,(27,28)),29),(((30,31),32),(33,34))),((23,24),25)),(((((9,10),(13,14)),(11,12)),15),((16,(17,18)),((20,19),(22,21))))),((2,((3,4),5)),((8,7),6))));
Tree Score: 13688.636448599525
Score Improvement: 9.101567451705872E-4

Step Number: 10
Time Spent: 10.074983768 seconds
New Tree:
Tree: (((0,1),(35,36)),((((((26,(27,28)),29),(((32,31),30),(33,34))),((23,24),25)),(((((9,10),(13,14)),(11,12)),15),((16,(17,18)),((20,19),(22,21))))),((2,((3,4),5)),((8,7),6))));
Tree Score: 13694.382098650687
Score Improvement: 4.1973866956990236E-4

Step Number: 11
Time Spent: 9.556293297 seconds
New Tree:
Tree: (((0,1),(35,36)),((((((26,(27,28)),29),(((32,31),30),(33,34))),((23,24),25)),(((((9,10),(13,14)),(11,12)),15),((16,(17,18)),((20,19),(22,21))))),((5,((3,4),2)),((8,7),6))));
Tree Score: 13695.229048773308
Score Improvement: 6.184653798313455E-5

Step Number: 12
Time Spent: 8.828902684 seconds
New Tree:
Tree: (((0,1),(35,36)),((((((26,(27,28)),29),(((32,31),30),(33,34))),((23,24),25)),(((((9,10),(13,14)),(11,12)),15),((16,(17,18)),((20,19),(22,21))))),((5,((3,2),4)),((8,7),6))));
Tree Score: 13696.587699048581
Score Improvement: 9.920610093017146E-5

Step Number: 13
Time Spent: 8.778983068 seconds
New Tree:
Tree: (((0,1),(35,36)),((((((26,(27,28)),29),(((32,31),30),(33,34))),((23,24),25)),(((((9,10),(13,14)),(11,12)),15),((16,(17,18)),((20,19),(22,21))))),(((3,2),(5,4)),((8,7),6))));
Tree Score: 13832.42247384031
Score Improvement: 0.009917417226566805

Step Number: 14
Time Spent: 8.266554217 seconds
New Tree:
Tree: (((0,1),(35,36)),((((((26,(27,28)),29),(((32,31),30),(33,34))),((23,24),25)),(((((9,10),(13,14)),(11,12)),15),((16,(17,18)),((20,19),(22,21))))),(((3,2),(5,4)),((8,7),6))));
Tree Score: 13832.42247384031
Score Improvement: 0.0

TOTAL STEPS: 14
TOTAL TIME: 149.381349755 seconds
Final tree: Tree: (((0,1),(35,36)),((((((26,(27,28)),29),(((32,31),30),(33,34))),((23,24),25)),(((((9,10),(13,14)),(11,12)),15),((16,(17,18)),((20,19),(22,21))))),(((3,2),(5,4)),((8,7),6))));
Tree Score: 13832.42247384031
Total Score Improvement: 0.320254767179166

--------------ITERATION 4--------------
Input tree: (((0,(1,2)),(((3,4),5),6)),(((7,(8,9)),((((10,(11,12)),13),((14,15),16)),((17,18),((19,(20,21)),22)))),((((23,24),(((25,(26,27)),28),(29,30))),(31,(32,33))),(34,(35,36)))));
Initial Score: 11310.941149925451

Step Number: 1
Time Spent: 12.044275114 seconds
New Tree:
Tree: (((0,(1,2)),(((3,4),5),6)),((34,(35,36)),((((23,24),(((25,(26,27)),28),(29,30))),(31,(32,33))),((7,(8,9)),((((10,(11,12)),13),((14,15),16)),((17,18),((19,(20,21)),22)))))));
Tree Score: 13596.545901941996
Score Improvement: 0.20207025407709844

Step Number: 2
Time Spent: 11.973381881 seconds
New Tree:
Tree: (((0,(1,2)),(((3,4),5),6)),((34,(35,36)),((((23,24),(((25,(26,27)),28),(29,30))),(31,(32,33))),(((17,18),((19,(20,21)),22)),((((10,(11,12)),13),((14,15),16)),(7,(8,9)))))));
Tree Score: 15639.220823975034
Score Improvement: 0.15023484175795576

Step Number: 3
Time Spent: 11.280109643 seconds
New Tree:
Tree: (((0,(1,2)),(((3,4),5),6)),((34,(35,36)),((((23,24),(((25,(26,27)),28),(29,30))),(31,(32,33))),(((17,18),((19,(20,21)),22)),((((10,13),(11,12)),((14,15),16)),(7,(8,9)))))));
Tree Score: 15726.929324464627
Score Improvement: 0.0056082397887198265

Step Number: 4
Time Spent: 10.968506121 seconds
New Tree:
Tree: (((0,(1,2)),(((5,4),3),6)),((34,(35,36)),((((23,24),(((25,(26,27)),28),(29,30))),(31,(32,33))),(((17,18),((19,(20,21)),22)),((((10,13),(11,12)),((14,15),16)),(7,(8,9)))))));
Tree Score: 15750.06084956274
Score Improvement: 0.001470822728384169

Step Number: 5
Time Spent: 10.493472459 seconds
New Tree:
Tree: (((0,(1,2)),(((5,4),3),6)),((34,(35,36)),((((23,24),(((25,(26,27)),28),(29,30))),(31,(32,33))),(((17,18),((19,(20,21)),22)),((((10,13),(11,12)),((14,15),16)),(9,(8,7)))))));
Tree Score: 15766.38897590757
Score Improvement: 0.0010367024293296279

Step Number: 6
Time Spent: 9.797699554 seconds
New Tree:
Tree: (((0,(1,2)),(((5,4),3),6)),((34,(35,36)),((((23,24),(((25,(26,27)),28),(29,30))),(31,(32,33))),(((17,18),((21,(20,19)),22)),((((10,13),(11,12)),((14,15),16)),(9,(8,7)))))));
Tree Score: 15778.44417567969
Score Improvement: 7.646138751582487E-4

Step Number: 7
Time Spent: 9.114816347 seconds
New Tree:
Tree: (((0,(1,2)),(((5,4),3),6)),((34,(35,36)),((((23,24),(((25,(26,27)),28),(29,30))),(31,(32,33))),(((17,18),((21,(20,19)),22)),((((10,13),(11,12)),((14,15),16)),(9,(8,7)))))));
Tree Score: 15778.44417567969
Score Improvement: 0.0

TOTAL STEPS: 7
TOTAL TIME: 75.672261119 seconds
Final tree: Tree: (((0,(1,2)),(((5,4),3),6)),((34,(35,36)),((((23,24),(((25,(26,27)),28),(29,30))),(31,(32,33))),(((17,18),((21,(20,19)),22)),((((10,13),(11,12)),((14,15),16)),(9,(8,7)))))));
Tree Score: 15778.44417567969
Total Score Improvement: 0.3949718212249458

--------------ITERATION 5--------------
Input tree: (((0,((1,2),(((3,((4,5),6)),7),(8,9)))),((10,(11,(12,13))),((((((14,15),16),17),18),(19,(20,(21,(22,23))))),(((24,(25,(26,27))),(28,(29,30))),(31,32))))),(33,(34,(35,36))));
Initial Score: 10494.264175002592

Step Number: 1
Time Spent: 13.538130164 seconds
New Tree:
Tree: (((((10,(11,(12,13))),((((((14,15),16),17),18),(19,(20,(21,(22,23))))),(((24,(25,(26,27))),(28,(29,30))),(31,32)))),((1,2),(((3,((4,5),6)),7),(8,9)))),0),(33,(34,(35,36))));
Tree Score: 11082.320025662555
Score Improvement: 0.05603592980446548

Step Number: 2
Time Spent: 13.688770548 seconds
New Tree:
Tree: (((((((24,(25,(26,27))),(28,(29,30))),(31,32)),((((((14,15),16),17),18),(19,(20,(21,(22,23))))),(10,(11,(12,13))))),((1,2),(((3,((4,5),6)),7),(8,9)))),0),(33,(34,(35,36))));
Tree Score: 11548.56507479389
Score Improvement: 0.04207106887832923

Step Number: 3
Time Spent: 12.822737934 seconds
New Tree:
Tree: ((((1,2),(((((24,(25,(26,27))),(28,(29,30))),(31,32)),((((((14,15),16),17),18),(19,(20,(21,(22,23))))),(10,(11,(12,13))))),(((3,((4,5),6)),7),(8,9)))),0),(33,(34,(35,36))));
Tree Score: 11944.533773571731
Score Improvement: 0.03428726393394865

Step Number: 4
Time Spent: 11.344699001 seconds
New Tree:
Tree: ((((1,2),(((((24,(25,(26,27))),(28,(29,30))),(31,32)),((((((14,15),16),17),18),((21,(22,23)),(20,19))),(10,(11,(12,13))))),(((3,((4,5),6)),7),(8,9)))),0),(33,(34,(35,36))));
Tree Score: 12106.656172802568
Score Improvement: 0.013572936566979887

Step Number: 5
Time Spent: 10.798340209 seconds
New Tree:
Tree: ((((1,2),(((((3,((4,5),6)),7),(8,9)),((((((14,15),16),17),18),((21,(22,23)),(20,19))),(10,(11,(12,13))))),(((24,(25,(26,27))),(28,(29,30))),(31,32)))),0),(33,(34,(35,36))));
Tree Score: 12228.757598736569
Score Improvement: 0.010085478945730753

Step Number: 6
Time Spent: 11.605654043 seconds
New Tree:
Tree: ((((1,2),(((((((14,15),16),17),18),((21,(22,23)),(20,19))),((((3,((4,5),6)),7),(8,9)),(10,(11,(12,13))))),(((24,(25,(26,27))),(28,(29,30))),(31,32)))),0),(33,(34,(35,36))));
Tree Score: 13859.4078509292
Score Improvement: 0.13334553727363962

Step Number: 7
Time Spent: 10.592053431 seconds
New Tree:
Tree: ((((1,2),(((((((14,15),16),17),18),((21,(22,23)),(20,19))),((((8,9),7),(3,((4,5),6))),(10,(11,(12,13))))),(((24,(25,(26,27))),(28,(29,30))),(31,32)))),0),(33,(34,(35,36))));
Tree Score: 13933.407526205943
Score Improvement: 0.00533931002483512

Step Number: 8
Time Spent: 10.454318248 seconds
New Tree:
Tree: ((((1,2),((((((17,16),(14,15)),18),((21,(22,23)),(20,19))),((((8,9),7),(3,((4,5),6))),(10,(11,(12,13))))),(((24,(25,(26,27))),(28,(29,30))),(31,32)))),0),(33,(34,(35,36))));
Tree Score: 13988.389876331852
Score Improvement: 0.003946080671400676

Step Number: 9
Time Spent: 10.631441192 seconds
New Tree:
Tree: ((((1,2),((((((17,16),18),(14,15)),((21,(22,23)),(20,19))),((((8,9),7),(3,((4,5),6))),(10,(11,(12,13))))),(((24,(25,(26,27))),(28,(29,30))),(31,32)))),0),(33,(34,(35,36))));
Tree Score: 14071.827026728259
Score Improvement: 0.005964742985722804

Step Number: 10
Time Spent: 10.195316388 seconds
New Tree:
Tree: ((((1,2),((((((17,16),18),(14,15)),((21,(22,23)),(20,19))),((((8,9),7),(3,((4,5),6))),(10,(11,(12,13))))),(((24,(25,(26,27))),(28,(29,30))),(31,32)))),0),(33,(36,(35,34))));
Tree Score: 14090.826751690076
Score Improvement: 0.0013501960282575887

Step Number: 11
Time Spent: 9.297400388 seconds
New Tree:
Tree: ((((1,2),((((((17,16),18),(14,15)),((21,(22,23)),(20,19))),((((8,7),9),(3,((4,5),6))),(10,(11,(12,13))))),(((24,(25,(26,27))),(28,(29,30))),(31,32)))),0),(33,(36,(35,34))));
Tree Score: 14103.154076903777
Score Improvement: 8.748475466298089E-4

Step Number: 12
Time Spent: 8.514967372 seconds
New Tree:
Tree: ((((1,2),((((((17,16),18),(14,15)),((23,(22,21)),(20,19))),((((8,7),9),(3,((4,5),6))),(10,(11,(12,13))))),(((24,(25,(26,27))),(28,(29,30))),(31,32)))),0),(33,(36,(35,34))));
Tree Score: 14114.014826981069
Score Improvement: 7.700936980528095E-4

Step Number: 13
Time Spent: 7.892551211 seconds
New Tree:
Tree: ((((1,2),((((((17,16),18),(14,15)),((23,(22,21)),(20,19))),((((8,7),9),(3,((4,5),6))),(10,(13,(12,11))))),(((24,(25,(26,27))),(28,(29,30))),(31,32)))),0),(33,(36,(35,34))));
Tree Score: 14116.971402169855
Score Improvement: 2.0947797101178445E-4

Step Number: 14
Time Spent: 7.845275366 seconds
New Tree:
Tree: ((((1,2),((((((17,16),18),(14,15)),((23,(22,21)),(20,19))),((((8,7),9),(3,((4,5),6))),((12,11),(13,10)))),(((24,(25,(26,27))),(28,(29,30))),(31,32)))),0),(33,(36,(35,34))));
Tree Score: 14230.236852096112
Score Improvement: 0.008023353359549068

Step Number: 15
Time Spent: 7.856024848 seconds
New Tree:
Tree: ((((1,2),((((((17,16),18),(14,15)),((23,(22,21)),(20,19))),((((8,7),9),(3,((4,5),6))),((12,11),(13,10)))),(((24,(25,(26,27))),(28,(29,30))),(31,32)))),0),(33,(36,(35,34))));
Tree Score: 14230.236852096112
Score Improvement: 0.0

TOTAL STEPS: 15
TOTAL TIME: 157.077680343 seconds
Final tree: Tree: ((((1,2),((((((17,16),18),(14,15)),((23,(22,21)),(20,19))),((((8,7),9),(3,((4,5),6))),((12,11),(13,10)))),(((24,(25,(26,27))),(28,(29,30))),(31,32)))),0),(33,(36,(35,34))));
Tree Score: 14230.236852096112
Total Score Improvement: 0.35600139417041077

--------------ITERATION 6--------------
Input tree: (((((0,1),2),(((3,((4,5),(6,7))),(((8,9),10),11)),((12,13),(14,15)))),((((16,17),18),(19,(((20,21),22),(23,24)))),((25,(26,27)),((28,29),((30,(31,(32,33))),34))))),(35,36));
Initial Score: 10548.718126808384

Step Number: 1
Time Spent: 10.811847372 seconds
New Tree:
Tree: (((((((16,17),18),(19,(((20,21),22),(23,24)))),((25,(26,27)),((28,29),((30,(31,(32,33))),34)))),(((3,((4,5),(6,7))),(((8,9),10),11)),((12,13),(14,15)))),((0,1),2)),(35,36));
Tree Score: 12206.894503650812
Score Improvement: 0.15719221586065113

Step Number: 2
Time Spent: 10.515863575 seconds
New Tree:
Tree: (((((((16,17),18),(19,(((20,21),22),(23,24)))),(((3,((4,5),(6,7))),(((8,9),10),11)),((12,13),(14,15)))),((25,(26,27)),((28,29),((30,(31,(32,33))),34)))),((0,1),2)),(35,36));
Tree Score: 12974.118651134053
Score Improvement: 0.06285170624304004

Step Number: 3
Time Spent: 9.810561106 seconds
New Tree:
Tree: (((((((16,17),18),(19,(((20,21),22),(23,24)))),(((3,((4,5),(6,7))),(((8,9),10),11)),((12,13),(14,15)))),(((30,(31,(32,33))),34),((28,29),(25,(26,27))))),((0,1),2)),(35,36));
Tree Score: 13301.731927622739
Score Improvement: 0.02525129338631804

Step Number: 4
Time Spent: 9.225190159 seconds
New Tree:
Tree: (((((((16,17),18),(19,(((20,21),22),(23,24)))),(((3,((4,5),(6,7))),(((8,9),10),11)),((12,13),(14,15)))),(((30,(33,(32,31))),34),((28,29),(25,(26,27))))),((0,1),2)),(35,36));
Tree Score: 13311.612452723715
Score Improvement: 7.427998966402782E-4

Step Number: 5
Time Spent: 9.507336443 seconds
New Tree:
Tree: (((((((16,17),18),(19,(((20,21),22),(23,24)))),(((3,((4,5),(6,7))),(((8,9),10),11)),((12,13),(14,15)))),(((33,(30,(32,31))),34),((28,29),(25,(26,27))))),((0,1),2)),(35,36));
Tree Score: 13313.170652673278
Score Improvement: 1.1705568766351426E-4

Step Number: 6
Time Spent: 8.68306717 seconds
New Tree:
Tree: (((((((16,17),18),(19,(((20,21),22),(23,24)))),(((3,((4,5),(6,7))),(((8,9),10),11)),((12,13),(14,15)))),(((33,(30,(32,31))),34),((28,29),(25,(26,27))))),((0,1),2)),(35,36));
Tree Score: 13313.170652673278
Score Improvement: 0.0

TOTAL STEPS: 6
TOTAL TIME: 58.553865825 seconds
Final tree: Tree: (((((((16,17),18),(19,(((20,21),22),(23,24)))),(((3,((4,5),(6,7))),(((8,9),10),11)),((12,13),(14,15)))),(((33,(30,(32,31))),34),((28,29),(25,(26,27))))),((0,1),2)),(35,36));
Tree Score: 13313.170652673278
Total Score Improvement: 0.2620652568997315

--------------ITERATION 7--------------
Input tree: ((((((0,1),2),(3,4)),((5,6),7)),(((8,9),((10,11),12)),((((13,14),(((15,(16,17)),18),(19,20))),21),22))),(((23,24),((((25,26),(27,28)),((29,30),(31,32))),(33,34))),(35,36)));
Initial Score: 10552.559222597656

Step Number: 1
Time Spent: 11.458496223 seconds
New Tree:
Tree: ((((((0,1),2),(3,4)),((5,6),7)),(35,36)),(((23,24),((((25,26),(27,28)),((29,30),(31,32))),(33,34))),(((8,9),((10,11),12)),((((13,14),(((15,(16,17)),18),(19,20))),21),22))));
Tree Score: 12115.760072539882
Score Improvement: 0.14813476209588372

Step Number: 2
Time Spent: 10.674123086 seconds
New Tree:
Tree: ((((((0,1),2),(3,4)),((5,6),7)),(35,36)),(((23,24),((((25,26),(27,28)),((29,30),(31,32))),(33,34))),(((8,9),((10,11),12)),((22,21),((13,14),(((15,(16,17)),18),(19,20)))))));
Tree Score: 12608.136222598465
Score Improvement: 0.04063931169902757

Step Number: 3
Time Spent: 9.947025736 seconds
New Tree:
Tree: ((((((0,1),2),(3,4)),((5,6),7)),(35,36)),(((23,24),((((25,26),(27,28)),((29,30),(31,32))),(33,34))),(((8,9),((10,11),12)),((22,21),((13,14),(((19,20),18),(15,(16,17))))))));
Tree Score: 12637.230772701414
Score Improvement: 0.002307601186192887

Step Number: 4
Time Spent: 9.25281064 seconds
New Tree:
Tree: ((((((3,4),2),(0,1)),((5,6),7)),(35,36)),(((23,24),((((25,26),(27,28)),((29,30),(31,32))),(33,34))),(((8,9),((10,11),12)),((22,21),((13,14),(((19,20),18),(15,(16,17))))))));
Tree Score: 12655.684848348466
Score Improvement: 0.0014602942669146302

Step Number: 5
Time Spent: 8.63724158 seconds
New Tree:
Tree: ((((((3,4),2),(0,1)),((5,6),7)),(35,36)),(((23,24),((((25,26),(27,28)),((29,30),(31,32))),(33,34))),(((8,9),((10,11),12)),((22,21),((13,14),(((19,20),18),(15,(16,17))))))));
Tree Score: 12655.684848348466
Score Improvement: 0.0

TOTAL STEPS: 5
TOTAL TIME: 49.969697265 seconds
Final tree: Tree: ((((((3,4),2),(0,1)),((5,6),7)),(35,36)),(((23,24),((((25,26),(27,28)),((29,30),(31,32))),(33,34))),(((8,9),((10,11),12)),((22,21),((13,14),(((19,20),18),(15,(16,17))))))));
Tree Score: 12655.684848348466
Total Score Improvement: 0.19930005426997233

--------------ITERATION 8--------------
Input tree: (((0,(((1,(2,(((3,4),5),6))),((7,((8,9),10)),(((11,12),13),(14,(15,(16,17)))))),((18,19),(20,21)))),((22,23),24)),((25,26),((27,(28,(29,(30,31)))),((32,33),(34,(35,36))))));
Initial Score: 8874.96204669391

Step Number: 1
Time Spent: 11.321476985 seconds
New Tree:
Tree: (((0,((((18,19),(20,21)),((7,((8,9),10)),(((11,12),13),(14,(15,(16,17)))))),(1,(2,(((3,4),5),6))))),((22,23),24)),((25,26),((27,(28,(29,(30,31)))),((32,33),(34,(35,36))))));
Tree Score: 9574.819822868873
Score Improvement: 0.07885755144560558

Step Number: 2
Time Spent: 11.30319065 seconds
New Tree:
Tree: ((((((18,19),(20,21)),((7,((8,9),10)),(((11,12),13),(14,(15,(16,17)))))),(0,(1,(2,(((3,4),5),6))))),((22,23),24)),((25,26),((27,(28,(29,(30,31)))),((32,33),(34,(35,36))))));
Tree Score: 10791.67947117369
Score Improvement: 0.1270895610378402

Step Number: 3
Time Spent: 10.588759507 seconds
New Tree:
Tree: ((((((18,19),(20,21)),((7,((8,9),10)),(((11,12),13),(14,(15,(16,17)))))),(0,(1,(2,(((3,4),5),6))))),((22,23),24)),(((32,33),(34,(35,36))),((27,(28,(29,(30,31)))),(25,26))));
Tree Score: 11356.28734496319
Score Improvement: 0.0523188142584905

Step Number: 4
Time Spent: 10.659373165 seconds
New Tree:
Tree: ((((((18,19),(20,21)),((7,((8,9),10)),(((11,12),13),(14,(15,(16,17)))))),(0,((((3,4),5),6),(2,1)))),((22,23),24)),(((32,33),(34,(35,36))),((27,(28,(29,(30,31)))),(25,26))));
Tree Score: 11454.999569764552
Score Improvement: 0.008692297209716537

Step Number: 5
Time Spent: 10.084100848 seconds
New Tree:
Tree: ((((((18,19),(20,21)),((7,((8,9),10)),(((11,12),13),(14,(15,(16,17)))))),(0,((((3,4),5),6),(2,1)))),((22,23),24)),(((32,33),(34,(35,36))),(((29,(30,31)),(28,27)),(25,26))));
Tree Score: 11550.732919649412
Score Improvement: 0.008357342075991703

Step Number: 6
Time Spent: 10.112833134 seconds
New Tree:
Tree: ((((((18,19),(20,21)),((7,((8,9),10)),(((11,12),13),(14,(15,(16,17)))))),(0,((((3,4),5),6),(2,1)))),((22,23),24)),(((32,33),(34,(35,36))),(((25,26),(28,27)),(29,(30,31)))));
Tree Score: 11731.85769464374
Score Improvement: 0.01568080365586244

Step Number: 7
Time Spent: 9.426696509 seconds
New Tree:
Tree: ((((((18,19),(20,21)),((7,((8,9),10)),((15,(16,17)),(14,((11,12),13))))),(0,((((3,4),5),6),(2,1)))),((22,23),24)),(((32,33),(34,(35,36))),(((25,26),(28,27)),(29,(30,31)))));
Tree Score: 11773.122519727056
Score Improvement: 0.0035173308573419604

Step Number: 8
Time Spent: 9.361282396 seconds
New Tree:
Tree: ((((((18,19),(20,21)),((7,((8,9),10)),((15,(16,17)),((11,12),(14,13))))),(0,((((3,4),5),6),(2,1)))),((22,23),24)),(((32,33),(34,(35,36))),(((25,26),(28,27)),(29,(30,31)))));
Tree Score: 11862.401319536571
Score Improvement: 0.007583272802939023

Step Number: 9
Time Spent: 8.860633115 seconds
New Tree:
Tree: ((((((18,19),(20,21)),((7,((8,9),10)),((15,(16,17)),((11,12),(14,13))))),(0,((((3,4),5),(2,1)),6))),((22,23),24)),(((32,33),(34,(35,36))),(((25,26),(28,27)),(29,(30,31)))));
Tree Score: 11888.684743699676
Score Improvement: 0.0022156917014615196

Step Number: 10
Time Spent: 8.774972781 seconds
New Tree:
Tree: ((((((18,19),(20,21)),((7,((8,9),10)),((15,(16,17)),((11,12),(14,13))))),(0,((((3,4),5),(2,1)),6))),((22,23),24)),(((32,33),(36,(35,34))),(((25,26),(28,27)),(29,(30,31)))));
Tree Score: 11901.13794368977
Score Improvement: 0.0010474834061600102

Step Number: 11
Time Spent: 8.203272707 seconds
New Tree:
Tree: ((((((18,19),(20,21)),((7,((8,9),10)),((15,(16,17)),((11,12),(14,13))))),(0,((((3,4),5),(2,1)),6))),((22,23),24)),(((32,33),(36,(35,34))),(((25,26),(28,27)),(29,(30,31)))));
Tree Score: 11901.13794368977
Score Improvement: 0.0

TOTAL STEPS: 11
TOTAL TIME: 108.696591797 seconds
Final tree: Tree: ((((((18,19),(20,21)),((7,((8,9),10)),((15,(16,17)),((11,12),(14,13))))),(0,((((3,4),5),(2,1)),6))),((22,23),24)),(((32,33),(36,(35,34))),(((25,26),(28,27)),(29,(30,31)))));
Tree Score: 11901.13794368977
Total Score Improvement: 0.3409790240312258

--------------ITERATION 9--------------
Input tree: ((((((((((0,1),2),3),(4,5)),(6,(7,(8,9)))),(10,11)),(12,(13,14))),(((15,(16,17)),(18,19)),(20,21))),((((22,(23,24)),25),(((26,(27,28)),(29,30)),31)),(32,33))),((34,35),36));
Initial Score: 10103.266551717417

Step Number: 1
Time Spent: 9.899012927 seconds
New Tree:
Tree: ((((((12,(13,14)),(10,11)),(((((0,1),2),3),(4,5)),(6,(7,(8,9))))),(((15,(16,17)),(18,19)),(20,21))),((((22,(23,24)),25),(((26,(27,28)),(29,30)),31)),(32,33))),((34,35),36));
Tree Score: 10789.018177054124
Score Improvement: 0.06787424857360991

Step Number: 2
Time Spent: 10.999502241 seconds
New Tree:
Tree: ((((((12,(13,14)),(10,11)),(((((0,1),2),3),(4,5)),(6,(7,(8,9))))),(((15,(16,17)),(18,19)),(20,21))),(((32,33),(((26,(27,28)),(29,30)),31)),((22,(23,24)),25))),((34,35),36));
Tree Score: 11390.542226286605
Score Improvement: 0.05575336322185365

Step Number: 3
Time Spent: 10.956145541 seconds
New Tree:
Tree: ((((((((0,1),2),3),(4,5)),(((12,(13,14)),(10,11)),(6,(7,(8,9))))),(((15,(16,17)),(18,19)),(20,21))),(((32,33),(((26,(27,28)),(29,30)),31)),((22,(23,24)),25))),((34,35),36));
Tree Score: 11988.0198521032
Score Improvement: 0.05245383529133152

Step Number: 4
Time Spent: 10.871812471 seconds
New Tree:
Tree: (((((((15,(16,17)),(18,19)),(20,21)),(((12,(13,14)),(10,11)),(6,(7,(8,9))))),((((0,1),2),3),(4,5))),(((32,33),(((26,(27,28)),(29,30)),31)),((22,(23,24)),25))),((34,35),36));
Tree Score: 13743.394150318112
Score Improvement: 0.1464273766536135

Step Number: 5
Time Spent: 11.065020489 seconds
New Tree:
Tree: (((((((15,(16,17)),(18,19)),(20,21)),(((12,(13,14)),(10,11)),(6,(7,(8,9))))),(((32,33),(((26,(27,28)),(29,30)),31)),((22,(23,24)),25))),((((0,1),2),3),(4,5))),((34,35),36));
Tree Score: 16456.210653308313
Score Improvement: 0.19739057712518626

Step Number: 6
Time Spent: 10.469084232 seconds
New Tree:
Tree: (((((((15,(16,17)),(18,19)),(20,21)),(((12,(13,14)),(10,11)),(6,(7,(8,9))))),((((26,(27,28)),(29,30)),((32,33),31)),((22,(23,24)),25))),((((0,1),2),3),(4,5))),((34,35),36));
Tree Score: 16848.658103327733
Score Improvement: 0.02384798410079436

Step Number: 7
Time Spent: 9.686533462 seconds
New Tree:
Tree: (((((((15,(16,17)),(18,19)),(20,21)),(((12,(13,14)),(10,11)),((8,9),(7,6)))),((((26,(27,28)),(29,30)),((32,33),31)),((22,(23,24)),25))),((((0,1),2),3),(4,5))),((34,35),36));
Tree Score: 16993.391826934647
Score Improvement: 0.008590222599289765

Step Number: 8
Time Spent: 9.035981043 seconds
New Tree:
Tree: (((((((20,21),(18,19)),(15,(16,17))),(((12,(13,14)),(10,11)),((8,9),(7,6)))),((((26,(27,28)),(29,30)),((32,33),31)),((22,(23,24)),25))),((((0,1),2),3),(4,5))),((34,35),36));
Tree Score: 17059.21245297417
Score Improvement: 0.0038733071484409187

Step Number: 9
Time Spent: 9.593899406 seconds
New Tree:
Tree: (((((((20,21),(18,19)),(15,(16,17))),(((12,(13,14)),(10,11)),((8,9),(7,6)))),((((26,(27,28)),(29,30)),((32,33),31)),((22,(23,24)),25))),(((3,2),(0,1)),(4,5))),((34,35),36));
Tree Score: 17119.970853004605
Score Improvement: 0.0035616181109134892

Step Number: 10
Time Spent: 8.953574403 seconds
New Tree:
Tree: (((((((20,21),(18,19)),(15,(16,17))),(((12,(13,14)),(10,11)),((8,9),(7,6)))),((((26,(27,28)),(29,30)),((32,33),31)),((22,(23,24)),25))),(((3,2),(0,1)),(4,5))),((34,35),36));
Tree Score: 17119.970853004605
Score Improvement: 0.0

TOTAL STEPS: 10
TOTAL TIME: 101.530566215 seconds
Final tree: Tree: (((((((20,21),(18,19)),(15,(16,17))),(((12,(13,14)),(10,11)),((8,9),(7,6)))),((((26,(27,28)),(29,30)),((32,33),31)),((22,(23,24)),25))),(((3,2),(0,1)),(4,5))),((34,35),36));
Tree Score: 17119.970853004605
Total Score Improvement: 0.6944985827474228

--------------ITERATION 10--------------
Input tree: ((((((0,1),((2,((3,4),5)),6)),((7,(8,9)),10)),11),((12,((13,14),15)),(16,17))),(18,(((19,20),((((21,22),(((23,(24,25)),26),(27,28))),((29,30),31)),((32,33),(34,35)))),36)));
Initial Score: 7249.051473278421

Step Number: 1
Time Spent: 11.808125182 seconds
New Tree:
Tree: ((((11,((7,(8,9)),10)),((0,1),((2,((3,4),5)),6))),((12,((13,14),15)),(16,17))),(18,(((19,20),((((21,22),(((23,(24,25)),26),(27,28))),((29,30),31)),((32,33),(34,35)))),36)));
Tree Score: 7905.198423735666
Score Improvement: 0.09051486982482393

Step Number: 2
Time Spent: 10.887707368 seconds
New Tree:
Tree: ((((11,((7,(8,9)),10)),((12,((13,14),15)),(16,17))),((0,1),((2,((3,4),5)),6))),(18,(((19,20),((((21,22),(((23,(24,25)),26),(27,28))),((29,30),31)),((32,33),(34,35)))),36)));
Tree Score: 9295.265797277549
Score Improvement: 0.17584218624647674

Step Number: 3
Time Spent: 10.056790602 seconds
New Tree:
Tree: ((((11,((7,(8,9)),10)),((12,((13,14),15)),(16,17))),((0,1),((2,((3,4),5)),6))),(18,(((19,20),((((21,22),(((27,28),26),(23,(24,25)))),((29,30),31)),((32,33),(34,35)))),36)));
Tree Score: 9432.642297904575
Score Improvement: 0.014779190140776999

Step Number: 4
Time Spent: 9.500815642 seconds
New Tree:
Tree: ((((11,((9,(8,7)),10)),((12,((13,14),15)),(16,17))),((0,1),((2,((3,4),5)),6))),(18,(((19,20),((((21,22),(((27,28),26),(23,(24,25)))),((29,30),31)),((32,33),(34,35)))),36)));
Tree Score: 9458.549848086768
Score Improvement: 0.0027465846116043746

Step Number: 5
Time Spent: 9.035934528 seconds
New Tree:
Tree: ((((11,((9,(8,7)),10)),((12,((13,14),15)),(16,17))),((0,1),((5,((3,4),2)),6))),(18,(((19,20),((((21,22),(((27,28),26),(23,(24,25)))),((29,30),31)),((32,33),(34,35)))),36)));
Tree Score: 9459.206148051759
Score Improvement: 6.938695418767793E-5

Step Number: 6
Time Spent: 8.407341953 seconds
New Tree:
Tree: ((((11,((9,(8,7)),10)),((12,((13,14),15)),(16,17))),((0,1),((5,((3,2),4)),6))),(18,(((19,20),((((21,22),(((27,28),26),(23,(24,25)))),((29,30),31)),((32,33),(34,35)))),36)));
Tree Score: 9460.564798327032
Score Improvement: 1.436325896706503E-4

Step Number: 7
Time Spent: 8.218961643 seconds
New Tree:
Tree: ((((11,((9,(8,7)),10)),((12,((13,14),15)),(16,17))),((0,1),(((3,2),(5,4)),6))),(18,(((19,20),((((21,22),(((27,28),26),(23,(24,25)))),((29,30),31)),((32,33),(34,35)))),36)));
Tree Score: 9569.131148272529
Score Improvement: 0.011475673203432235

Step Number: 8
Time Spent: 7.782839075 seconds
New Tree:
Tree: ((((11,((9,(8,7)),10)),((12,((13,14),15)),(16,17))),((0,1),(((3,2),(5,4)),6))),(18,(((19,20),((((21,22),(((27,28),26),(23,(24,25)))),((29,30),31)),((32,33),(34,35)))),36)));
Tree Score: 9569.131148272529
Score Improvement: 0.0

TOTAL STEPS: 8
TOTAL TIME: 75.698515993 seconds
Final tree: Tree: ((((11,((9,(8,7)),10)),((12,((13,14),15)),(16,17))),((0,1),(((3,2),(5,4)),6))),(18,(((19,20),((((21,22),(((27,28),26),(23,(24,25)))),((29,30),31)),((32,33),(34,35)))),36)));
Tree Score: 9569.131148272529
Total Score Improvement: 0.32005286257745924

--------------ITERATION 11--------------
Input tree: ((((0,1),((2,(3,(4,(5,6)))),((7,8),(9,10)))),((((11,((12,13),(14,15))),(16,17)),(((18,19),(20,21)),22)),(23,(24,25)))),((26,(27,(28,(29,(30,31))))),(((32,33),(34,35)),36)));
Initial Score: 10063.54104891108

Step Number: 1
Time Spent: 12.23167136 seconds
New Tree:
Tree: (((23,(24,25)),((((11,((12,13),(14,15))),(16,17)),(((18,19),(20,21)),22)),((0,1),((2,(3,(4,(5,6)))),((7,8),(9,10)))))),((26,(27,(28,(29,(30,31))))),(((32,33),(34,35)),36)));
Tree Score: 11447.910171032447
Score Improvement: 0.13756282360185357

Step Number: 2
Time Spent: 12.076656326 seconds
New Tree:
Tree: (((((32,33),(34,35)),36),((((11,((12,13),(14,15))),(16,17)),(((18,19),(20,21)),22)),((0,1),((2,(3,(4,(5,6)))),((7,8),(9,10)))))),((26,(27,(28,(29,(30,31))))),(23,(24,25))));
Tree Score: 12417.757724551979
Score Improvement: 0.08471830570208483

Step Number: 3
Time Spent: 11.064512953 seconds
New Tree:
Tree: (((((32,33),(34,35)),36),((((11,((12,13),(14,15))),(16,17)),(((18,19),(20,21)),22)),(((7,8),(9,10)),((2,(3,(4,(5,6)))),(0,1))))),((26,(27,(28,(29,(30,31))))),(23,(24,25))));
Tree Score: 12642.543176213396
Score Improvement: 0.01810193568336249

Step Number: 4
Time Spent: 12.032637111 seconds
New Tree:
Tree: (((((32,33),(34,35)),36),((((11,((12,13),(14,15))),(16,17)),(((18,19),(20,21)),22)),(((7,8),(9,10)),((2,(3,(4,(5,6)))),(0,1))))),(((28,(29,(30,31))),(27,26)),(23,(24,25))));
Tree Score: 12849.970776569215
Score Improvement: 0.016407110299301753

Step Number: 5
Time Spent: 11.143830372 seconds
New Tree:
Tree: (((((32,33),(34,35)),36),((((11,((12,13),(14,15))),(16,17)),(((18,19),(20,21)),22)),(((7,8),(9,10)),((2,(0,1)),(3,(4,(5,6))))))),(((28,(29,(30,31))),(27,26)),(23,(24,25))));
Tree Score: 12977.460776419815
Score Improvement: 0.00992142332985435

Step Number: 6
Time Spent: 10.455191334 seconds
New Tree:
Tree: (((((32,33),(34,35)),36),((((11,((12,13),(14,15))),(16,17)),(((18,19),(20,21)),22)),(((7,8),(9,10)),((2,(0,1)),(3,(4,(5,6))))))),(((28,(27,26)),(29,(30,31))),(23,(24,25))));
Tree Score: 13053.749550875713
Score Improvement: 0.005878559432405783

Step Number: 7
Time Spent: 10.521813005 seconds
New Tree:
Tree: (((((32,33),(34,35)),36),(((((14,15),((12,13),11)),(16,17)),(((18,19),(20,21)),22)),(((7,8),(9,10)),((2,(0,1)),(3,(4,(5,6))))))),(((28,(27,26)),(29,(30,31))),(23,(24,25))));
Tree Score: 13121.560525834997
Score Improvement: 0.0051947507262184445

Step Number: 8
Time Spent: 10.379060913 seconds
New Tree:
Tree: (((((32,33),(34,35)),36),((((((18,19),(20,21)),22),(16,17)),((14,15),((12,13),11))),(((7,8),(9,10)),((2,(0,1)),(3,(4,(5,6))))))),(((28,(27,26)),(29,(30,31))),(23,(24,25))));
Tree Score: 13218.920352722023
Score Improvement: 0.00741983597875695

Step Number: 9
Time Spent: 9.864839097 seconds
New Tree:
Tree: (((((32,33),(34,35)),36),((((((18,19),(20,21)),22),(16,17)),((14,15),((12,13),11))),(((7,8),(9,10)),((4,(5,6)),(3,(2,(0,1))))))),(((28,(27,26)),(29,(30,31))),(23,(24,25))));
Tree Score: 13251.861327051256
Score Improvement: 0.0024919564873882027

Step Number: 10
Time Spent: 9.595453235 seconds
New Tree:
Tree: (((((32,33),(34,35)),36),((((((18,19),(20,21)),22),(16,17)),((14,15),((12,13),11))),(((7,8),(9,10)),((4,(5,6)),((0,1),(2,3)))))),(((28,(27,26)),(29,(30,31))),(23,(24,25))));
Tree Score: 13331.53935214046
Score Improvement: 0.006012591221925545

Step Number: 11
Time Spent: 9.180806233 seconds
New Tree:
Tree: (((((32,33),(34,35)),36),((((((18,19),(20,21)),22),(16,17)),((14,15),((12,13),11))),(((7,8),(9,10)),((4,(5,6)),((0,1),(2,3)))))),(((26,(27,28)),(29,(30,31))),(23,(24,25))));
Tree Score: 13334.485752142105
Score Improvement: 2.2100973667171786E-4

Step Number: 12
Time Spent: 8.311743623 seconds
New Tree:
Tree: (((((32,33),(34,35)),36),((((((18,19),(20,21)),22),(16,17)),((14,15),((12,13),11))),(((7,8),(9,10)),((4,(5,6)),((0,1),(2,3)))))),(((26,(27,28)),(29,(30,31))),(23,(24,25))));
Tree Score: 13334.485752142105
Score Improvement: 0.0

TOTAL STEPS: 12
TOTAL TIME: 126.858215562 seconds
Final tree: Tree: (((((32,33),(34,35)),36),((((((18,19),(20,21)),22),(16,17)),((14,15),((12,13),11))),(((7,8),(9,10)),((4,(5,6)),((0,1),(2,3)))))),(((26,(27,28)),(29,(30,31))),(23,(24,25))));
Tree Score: 13334.485752142105
Total Score Improvement: 0.3250292006892501

--------------ITERATION 12--------------
Input tree: (((0,1),((2,3),(((4,5),((6,(7,8)),9)),10))),((((((11,12),(13,14)),15),(16,(17,18))),19),((((((20,21),22),(23,24)),(25,26)),((27,((28,(29,30)),31)),32)),((33,34),(35,36)))));
Initial Score: 9465.590572649067

Step Number: 1
Time Spent: 8.30843182 seconds
New Tree:
Tree: (((0,1),((2,3),(((4,5),((6,(7,8)),9)),10))),(((19,(16,(17,18))),(((11,12),(13,14)),15)),((((((20,21),22),(23,24)),(25,26)),((27,((28,(29,30)),31)),32)),((33,34),(35,36)))));
Tree Score: 10307.396548565863
Score Improvement: 0.08893327568479492

Step Number: 2
Time Spent: 8.275164949 seconds
New Tree:
Tree: (((((4,5),((6,(7,8)),9)),10),((2,3),(0,1))),(((19,(16,(17,18))),(((11,12),(13,14)),15)),((((((20,21),22),(23,24)),(25,26)),((27,((28,(29,30)),31)),32)),((33,34),(35,36)))));
Tree Score: 10826.01579990323
Score Improvement: 0.05031525166357609

Step Number: 3
Time Spent: 8.390981284 seconds
New Tree:
Tree: (((((4,5),((6,(7,8)),9)),10),((2,3),(0,1))),(((19,(16,(17,18))),(((11,12),(13,14)),15)),(((((25,26),(23,24)),((20,21),22)),((27,((28,(29,30)),31)),32)),((33,34),(35,36)))));
Tree Score: 10960.084774403986
Score Improvement: 0.012383962574851637

Step Number: 4
Time Spent: 7.825300899 seconds
New Tree:
Tree: (((((4,5),((6,(7,8)),9)),10),((2,3),(0,1))),((((11,12),(13,14)),((19,(16,(17,18))),15)),(((((25,26),(23,24)),((20,21),22)),((27,((28,(29,30)),31)),32)),((33,34),(35,36)))));
Tree Score: 11005.485750493746
Score Improvement: 0.004142392784751925

Step Number: 5
Time Spent: 7.189512298 seconds
New Tree:
Tree: (((((4,5),((6,(7,8)),9)),10),((2,3),(0,1))),((((11,12),(13,14)),((19,(16,(17,18))),15)),(((((25,26),(23,24)),((20,21),22)),((27,((29,(28,30)),31)),32)),((33,34),(35,36)))));
Tree Score: 11012.62772586305
Score Improvement: 6.489468553430022E-4

Step Number: 6
Time Spent: 7.130311822 seconds
New Tree:
Tree: (((((4,5),((6,(7,8)),9)),10),((2,3),(0,1))),((((11,12),(13,14)),((19,(18,(17,16))),15)),(((((25,26),(23,24)),((20,21),22)),((27,((29,(28,30)),31)),32)),((33,34),(35,36)))));
Tree Score: 11018.956800815802
Score Improvement: 5.747106966929039E-4

Step Number: 7
Time Spent: 7.132127138 seconds
New Tree:
Tree: (((((4,5),((6,(7,8)),9)),10),((2,3),(0,1))),((((11,12),(13,14)),(((17,16),(18,19)),15)),(((((25,26),(23,24)),((20,21),22)),((27,((29,(28,30)),31)),32)),((33,34),(35,36)))));
Tree Score: 11081.139225884493
Score Improvement: 0.005643222511235058

Step Number: 8
Time Spent: 6.544364545 seconds
New Tree:
Tree: (((((4,5),((6,(7,8)),9)),10),((2,3),(0,1))),((((11,12),(13,14)),(((17,16),(18,19)),15)),(((((25,26),(23,24)),((20,21),22)),((27,((31,(28,30)),29)),32)),((33,34),(35,36)))));
Tree Score: 11084.62990071081
Score Improvement: 3.1501046554516243E-4

Step Number: 9
Time Spent: 5.959457275 seconds
New Tree:
Tree: (((((4,5),((6,(7,8)),9)),10),((2,3),(0,1))),((((11,12),(13,14)),(((17,16),(18,19)),15)),(((((25,26),(23,24)),((20,21),22)),((27,((31,(28,30)),29)),32)),((33,34),(35,36)))));
Tree Score: 11084.62990071081
Score Improvement: 0.0

TOTAL STEPS: 9
TOTAL TIME: 66.75565203 seconds
Final tree: Tree: (((((4,5),((6,(7,8)),9)),10),((2,3),(0,1))),((((11,12),(13,14)),(((17,16),(18,19)),15)),(((((25,26),(23,24)),((20,21),22)),((27,((31,(28,30)),29)),32)),((33,34),(35,36)))));
Tree Score: 11084.62990071081
Total Score Improvement: 0.1710447241126165

--------------ITERATION 13--------------
Input tree: ((((0,1),((2,3),4)),5),(((6,7),((((8,(9,10)),11),((12,13),14)),((((15,16),(17,18)),19),20))),((21,22),(((((23,24),((25,26),27)),(28,(29,(30,31)))),(32,33)),((34,35),36)))));
Initial Score: 9239.602199583402

Step Number: 1
Time Spent: 12.604281592 seconds
New Tree:
Tree: ((((0,1),((2,3),4)),5),((((((15,16),(17,18)),19),20),((((8,(9,10)),11),((12,13),14)),(6,7))),((21,22),(((((23,24),((25,26),27)),(28,(29,(30,31)))),(32,33)),((34,35),36)))));
Tree Score: 11070.45840007998
Score Improvement: 0.19815314133103357

Step Number: 2
Time Spent: 8.075034892 seconds
New Tree:
Tree: ((((0,1),((2,3),4)),5),((((((15,16),(17,18)),19),20),((((8,(9,10)),11),((12,13),14)),(6,7))),((21,22),((((32,33),(28,(29,(30,31)))),((23,24),((25,26),27))),((34,35),36)))));
Tree Score: 11786.158199746162
Score Improvement: 0.06464951800559682

Step Number: 3
Time Spent: 5.712736235 seconds
New Tree:
Tree: ((((0,1),((2,3),4)),5),((((((15,16),(17,18)),19),20),((((8,(9,10)),11),(6,7)),((12,13),14))),((21,22),((((32,33),(28,(29,(30,31)))),((23,24),((25,26),27))),((34,35),36)))));
Tree Score: 12351.414950028993
Score Improvement: 0.04795937240134829

Step Number: 4
Time Spent: 5.402910454 seconds
New Tree:
Tree: (((5,((2,3),4)),(0,1)),((((((15,16),(17,18)),19),20),((((8,(9,10)),11),(6,7)),((12,13),14))),((21,22),((((32,33),(28,(29,(30,31)))),((23,24),((25,26),27))),((34,35),36)))));
Tree Score: 12769.089373872615
Score Improvement: 0.0338159170858916

Step Number: 5
Time Spent: 5.1085006 seconds
New Tree:
Tree: (((5,((2,3),4)),(0,1)),((((20,19),((15,16),(17,18))),((((8,(9,10)),11),(6,7)),((12,13),14))),((21,22),((((32,33),(28,(29,(30,31)))),((23,24),((25,26),27))),((34,35),36)))));
Tree Score: 13164.734974799212
Score Improvement: 0.030984637145397675

Step Number: 6
Time Spent: 4.742245295 seconds
New Tree:
Tree: ((((2,3),(5,4)),(0,1)),((((20,19),((15,16),(17,18))),((((8,(9,10)),11),(6,7)),((12,13),14))),((21,22),((((32,33),(28,(29,(30,31)))),((23,24),((25,26),27))),((34,35),36)))));
Tree Score: 13230.895874706097
Score Improvement: 0.005025615785926085

Step Number: 7
Time Spent: 4.742955861 seconds
New Tree:
Tree: ((((2,3),(0,1)),(5,4)),((((20,19),((15,16),(17,18))),((((8,(9,10)),11),(6,7)),((12,13),14))),((21,22),((((32,33),(28,(29,(30,31)))),((23,24),((25,26),27))),((34,35),36)))));
Tree Score: 13267.539651152678
Score Improvement: 0.0027695612446496654

Step Number: 8
Time Spent: 4.446397897 seconds
New Tree:
Tree: ((((2,3),(0,1)),(5,4)),((((20,19),((15,16),(17,18))),((((10,(9,8)),11),(6,7)),((12,13),14))),((21,22),((((32,33),(28,(29,(30,31)))),((23,24),((25,26),27))),((34,35),36)))));
Tree Score: 13284.463451270945
Score Improvement: 0.0012755793887375688

Step Number: 9
Time Spent: 4.149930309 seconds
New Tree:
Tree: ((((2,3),(0,1)),(5,4)),((((20,19),((15,16),(17,18))),((((10,(9,8)),11),(6,7)),((12,13),14))),((21,22),((((32,33),(28,(29,(30,31)))),((23,24),((27,26),25))),((34,35),36)))));
Tree Score: 13284.619725783356
Score Improvement: 1.1763705247469503E-5

Step Number: 10
Time Spent: 3.922067744 seconds
New Tree:
Tree: ((((2,3),(0,1)),(5,4)),((((20,19),((15,16),(17,18))),((((10,(9,8)),11),(6,7)),((12,13),14))),((21,22),((((32,33),(28,(29,(30,31)))),((23,24),((27,26),25))),((34,35),36)))));
Tree Score: 13284.619725783356
Score Improvement: 0.0

TOTAL STEPS: 10
TOTAL TIME: 58.907060879 seconds
Final tree: Tree: ((((2,3),(0,1)),(5,4)),((((20,19),((15,16),(17,18))),((((10,(9,8)),11),(6,7)),((12,13),14))),((21,22),((((32,33),(28,(29,(30,31)))),((23,24),((27,26),25))),((34,35),36)))));
Tree Score: 13284.619725783356
Total Score Improvement: 0.4377913073338089

--------------ITERATION 14--------------
Input tree: (((((0,(1,2)),3),((4,5),6)),7),(((8,(((9,10),11),((12,13),14))),((15,16),((17,18),19))),(((20,(21,22)),(23,24)),(((25,26),((27,28),(29,30))),(((31,32),33),((34,35),36))))));
Initial Score: 10952.625174706187

Step Number: 1
Time Spent: 5.523029989 seconds
New Tree:
Tree: (((((0,(1,2)),3),((4,5),6)),7),(((((12,13),14),(((9,10),11),8)),((15,16),((17,18),19))),(((20,(21,22)),(23,24)),(((25,26),((27,28),(29,30))),(((31,32),33),((34,35),36))))));
Tree Score: 11564.82897487687
Score Improvement: 0.055895622319340976

Step Number: 2
Time Spent: 4.996588743 seconds
New Tree:
Tree: (((((0,(1,2)),3),((4,5),6)),7),((((25,26),((27,28),(29,30))),(((31,32),33),((34,35),36))),(((20,(21,22)),(23,24)),((((12,13),14),(((9,10),11),8)),((15,16),((17,18),19))))));
Tree Score: 11800.224776938518
Score Improvement: 0.02035445596065588

Step Number: 3
Time Spent: 5.015584663 seconds
New Tree:
Tree: (((((0,(1,2)),3),((4,5),6)),7),((((25,26),((27,28),(29,30))),(((31,32),33),((34,35),36))),((((12,13),14),(((9,10),11),8)),(((20,(21,22)),(23,24)),((15,16),((17,18),19))))));
Tree Score: 13092.514001165844
Score Improvement: 0.10951394983194551

Step Number: 4
Time Spent: 4.732345782 seconds
New Tree:
Tree: (((((0,(1,2)),3),((4,5),6)),7),((((25,26),((27,28),(29,30))),(((31,32),33),((34,35),36))),((((12,13),14),(((9,10),11),8)),(((22,(21,20)),(23,24)),((15,16),((17,18),19))))));
Tree Score: 13094.644675967611
Score Improvement: 1.6273992921278513E-4

Step Number: 5
Time Spent: 4.445978012 seconds
New Tree:
Tree: (((((0,(1,2)),3),((4,5),6)),7),((((25,26),((27,28),(29,30))),(((31,32),33),((34,35),36))),((((12,13),14),(((9,10),11),8)),(((22,(21,20)),(23,24)),((15,16),((17,18),19))))));
Tree Score: 13094.644675967611
Score Improvement: 0.0

TOTAL STEPS: 5
TOTAL TIME: 24.713527189 seconds
Final tree: Tree: (((((0,(1,2)),3),((4,5),6)),7),((((25,26),((27,28),(29,30))),(((31,32),33),((34,35),36))),((((12,13),14),(((9,10),11),8)),(((22,(21,20)),(23,24)),((15,16),((17,18),19))))));
Tree Score: 13094.644675967611
Total Score Improvement: 0.1955713326343138

--------------ITERATION 15--------------
Input tree: (((((((0,((1,2),3)),4),5),6),(((7,8),(9,(10,(11,(12,13))))),(14,(15,16)))),((((17,18),((19,20),(21,22))),((23,24),(25,26))),(27,((28,29),30)))),((31,32),(((33,34),35),36)));
Initial Score: 10006.460001354222

Step Number: 1
Time Spent: 5.871158686 seconds
New Tree:
Tree: (((((((17,18),((19,20),(21,22))),((23,24),(25,26))),(27,((28,29),30))),(((7,8),(9,(10,(11,(12,13))))),(14,(15,16)))),((((0,((1,2),3)),4),5),6)),((31,32),(((33,34),35),36)));
Tree Score: 11430.360452799127
Score Improvement: 0.14229812053935165

Step Number: 2
Time Spent: 5.759339997 seconds
New Tree:
Tree: ((((((27,((28,29),30)),((23,24),(25,26))),((17,18),((19,20),(21,22)))),(((7,8),(9,(10,(11,(12,13))))),(14,(15,16)))),((((0,((1,2),3)),4),5),6)),((31,32),(((33,34),35),36)));
Tree Score: 11709.075678376073
Score Improvement: 0.02438376521264418

Step Number: 3
Time Spent: 6.174362466 seconds
New Tree:
Tree: (((((((7,8),(9,(10,(11,(12,13))))),(14,(15,16))),((17,18),((19,20),(21,22)))),((27,((28,29),30)),((23,24),(25,26)))),((((0,((1,2),3)),4),5),6)),((31,32),(((33,34),35),36)));
Tree Score: 13666.407276015729
Score Improvement: 0.1671636302816275

Step Number: 4
Time Spent: 5.8524994 seconds
New Tree:
Tree: (((((((7,8),(9,(10,(11,(12,13))))),(14,(15,16))),((17,18),((19,20),(21,22)))),((27,((28,29),30)),((23,24),(25,26)))),(((5,4),(0,((1,2),3))),6)),((31,32),(((33,34),35),36)));
Tree Score: 13863.963150799274
Score Improvement: 0.014455582275105572

Step Number: 5
Time Spent: 5.375909045 seconds
New Tree:
Tree: (((((((10,(11,(12,13))),(9,(7,8))),(14,(15,16))),((17,18),((19,20),(21,22)))),((27,((28,29),30)),((23,24),(25,26)))),(((5,4),(0,((1,2),3))),6)),((31,32),(((33,34),35),36)));
Tree Score: 14053.281925835647
Score Improvement: 0.013655458614332705

Step Number: 6
Time Spent: 5.170766409 seconds
New Tree:
Tree: (((((((10,(11,(12,13))),(9,(7,8))),(14,(15,16))),((17,18),((19,20),(21,22)))),(((28,29),(27,30)),((23,24),(25,26)))),(((5,4),(0,((1,2),3))),6)),((31,32),(((33,34),35),36)));
Tree Score: 14117.471625239588
Score Improvement: 0.00456759493922454

Step Number: 7
Time Spent: 5.042838757 seconds
New Tree:
Tree: (((((((10,(11,(12,13))),(9,(7,8))),(14,(15,16))),((17,18),((19,20),(21,22)))),(((28,29),(27,30)),((23,24),(25,26)))),(((5,4),(0,((3,2),1))),6)),((31,32),(((33,34),35),36)));
Tree Score: 14134.822850466706
Score Improvement: 0.001229060393229009

Step Number: 8
Time Spent: 4.729538722 seconds
New Tree:
Tree: (((((((10,(11,(12,13))),(9,(7,8))),(14,(15,16))),((17,18),((19,20),(21,22)))),(((28,29),(27,30)),((23,24),(25,26)))),(((5,4),(0,((3,2),1))),6)),((31,32),(((35,34),33),36)));
Tree Score: 14143.35062547028
Score Improvement: 6.033167230881098E-4

Step Number: 9
Time Spent: 4.614675791 seconds
New Tree:
Tree: (((((((10,(13,(12,11))),(9,(7,8))),(14,(15,16))),((17,18),((19,20),(21,22)))),(((28,29),(27,30)),((23,24),(25,26)))),(((5,4),(0,((3,2),1))),6)),((31,32),(((35,34),33),36)));
Tree Score: 14146.307200659066
Score Improvement: 2.0904347683092794E-4

Step Number: 10
Time Spent: 4.526800091 seconds
New Tree:
Tree: ((((((((12,11),(13,10)),(9,(7,8))),(14,(15,16))),((17,18),((19,20),(21,22)))),(((28,29),(27,30)),((23,24),(25,26)))),(((5,4),(0,((3,2),1))),6)),((31,32),(((35,34),33),36)));
Tree Score: 14203.098150473088
Score Improvement: 0.00401454238257859

Step Number: 11
Time Spent: 4.174168098 seconds
New Tree:
Tree: ((((((((12,11),(13,10)),(9,(7,8))),(14,(15,16))),((17,18),((19,20),(21,22)))),(((28,29),(27,30)),((23,24),(25,26)))),(((5,4),(0,((3,2),1))),6)),((31,32),(((35,34),33),36)));
Tree Score: 14203.098150473088
Score Improvement: 0.0

TOTAL STEPS: 11
TOTAL TIME: 57.292057462 seconds
Final tree: Tree: ((((((((12,11),(13,10)),(9,(7,8))),(14,(15,16))),((17,18),((19,20),(21,22)))),(((28,29),(27,30)),((23,24),(25,26)))),(((5,4),(0,((3,2),1))),6)),((31,32),(((35,34),33),36)));
Tree Score: 14203.098150473088
Total Score Improvement: 0.4193928870500572

--------------ITERATION 16--------------
Input tree: (((((0,1),(2,3)),((4,((5,6),7)),(8,(9,10)))),(((11,12),(((13,14),(15,(16,17))),(18,19))),((20,21),22))),((23,(24,25)),(((26,(27,(((28,29),(30,31)),32))),(33,34)),(35,36))));
Initial Score: 11193.957372928618

Step Number: 1
Time Spent: 5.787562022 seconds
New Tree:
Tree: ((((((11,12),(((13,14),(15,(16,17))),(18,19))),((20,21),22)),((4,((5,6),7)),(8,(9,10)))),((0,1),(2,3))),((23,(24,25)),(((26,(27,(((28,29),(30,31)),32))),(33,34)),(35,36))));
Tree Score: 11469.647097801904
Score Improvement: 0.02462844155008237

Step Number: 2
Time Spent: 5.61262581 seconds
New Tree:
Tree: ((((((11,12),(((13,14),(15,(16,17))),(18,19))),((20,21),22)),((4,((5,6),7)),(8,(9,10)))),((0,1),(2,3))),((23,(24,25)),((((((28,29),(30,31)),32),(27,26)),(33,34)),(35,36))));
Tree Score: 11727.151447979848
Score Improvement: 0.022450939247057766

Step Number: 3
Time Spent: 5.366349729 seconds
New Tree:
Tree: ((((((11,12),(((13,14),(15,(16,17))),(18,19))),((20,21),22)),((4,((5,6),7)),(10,(9,8)))),((0,1),(2,3))),((23,(24,25)),((((((28,29),(30,31)),32),(27,26)),(33,34)),(35,36))));
Tree Score: 11747.234298335503
Score Improvement: 0.0017125088257570198

Step Number: 4
Time Spent: 5.365893457 seconds
New Tree:
Tree: ((((((11,12),(((13,14),(15,(16,17))),(18,19))),((20,21),22)),((4,((5,6),7)),(10,(9,8)))),((0,1),(2,3))),((23,(24,25)),(((((32,(30,31)),(28,29)),(27,26)),(33,34)),(35,36))));
Tree Score: 11755.10087359615
Score Improvement: 6.696533891181744E-4

Step Number: 5
Time Spent: 5.109715837 seconds
New Tree:
Tree: ((((((11,12),(((13,14),(15,(16,17))),(18,19))),((20,21),22)),((4,((5,6),7)),(10,(9,8)))),((0,1),(2,3))),((23,(24,25)),(((((27,26),(28,29)),(32,(30,31))),(33,34)),(35,36))));
Tree Score: 11894.257373848113
Score Improvement: 0.011837967342716027

Step Number: 6
Time Spent: 4.736798933 seconds
New Tree:
Tree: ((((((11,12),(((13,14),(15,(16,17))),(18,19))),((20,21),22)),((4,((7,6),5)),(10,(9,8)))),((0,1),(2,3))),((23,(24,25)),(((((27,26),(28,29)),(32,(30,31))),(33,34)),(35,36))));
Tree Score: 11894.768574061203
Score Improvement: 4.297874150704928E-5

Step Number: 7
Time Spent: 4.437518695 seconds
New Tree:
Tree: ((((((11,12),(((13,14),(15,(16,17))),(18,19))),((20,21),22)),(((7,6),(4,5)),(10,(9,8)))),((0,1),(2,3))),((23,(24,25)),(((((27,26),(28,29)),(32,(30,31))),(33,34)),(35,36))));
Tree Score: 11904.611749197458
Score Improvement: 8.275213657977787E-4

Step Number: 8
Time Spent: 4.333316688 seconds
New Tree:
Tree: ((((((11,12),(((13,14),(15,(16,17))),(18,19))),((20,21),22)),(((7,6),(4,5)),(10,(9,8)))),((0,1),(2,3))),((23,(24,25)),(((((27,26),(28,29)),(32,(30,31))),(33,34)),(35,36))));
Tree Score: 11904.611749197458
Score Improvement: 0.0

TOTAL STEPS: 8
TOTAL TIME: 40.749781171 seconds
Final tree: Tree: ((((((11,12),(((13,14),(15,(16,17))),(18,19))),((20,21),22)),(((7,6),(4,5)),(10,(9,8)))),((0,1),(2,3))),((23,(24,25)),(((((27,26),(28,29)),(32,(30,31))),(33,34)),(35,36))));
Tree Score: 11904.611749197458
Total Score Improvement: 0.06348553532886236

--------------ITERATION 17--------------
Input tree: ((0,(1,(2,3))),(((((4,(5,6)),7),((8,9),10)),(((((11,12),13),14),15),((((16,17),18),(19,20)),((21,22),(23,24))))),(((((25,26),27),(28,(29,30))),(31,32)),(((33,34),35),36))));
Initial Score: 11239.240424385205

Step Number: 1
Time Spent: 4.864532006 seconds
New Tree:
Tree: ((0,(1,(2,3))),((((33,34),35),36),(((((25,26),27),(28,(29,30))),(31,32)),((((4,(5,6)),7),((8,9),10)),(((((11,12),13),14),15),((((16,17),18),(19,20)),((21,22),(23,24))))))));
Tree Score: 12926.615752778858
Score Improvement: 0.15013250581708726

Step Number: 2
Time Spent: 5.0009372 seconds
New Tree:
Tree: ((0,(1,(2,3))),((((33,34),35),36),(((((25,26),27),(28,(29,30))),(31,32)),(((((16,17),18),(19,20)),((21,22),(23,24))),(((((11,12),13),14),15),(((4,(5,6)),7),((8,9),10)))))));
Tree Score: 14398.853851711288
Score Improvement: 0.11389199826845164

Step Number: 3
Time Spent: 5.124184367 seconds
New Tree:
Tree: (((((((25,26),27),(28,(29,30))),(31,32)),(((((16,17),18),(19,20)),((21,22),(23,24))),(((((11,12),13),14),15),(((4,(5,6)),7),((8,9),10))))),(1,(2,3))),((((33,34),35),36),0));
Tree Score: 14458.981700707138
Score Improvement: 0.004175877442405218

Step Number: 4
Time Spent: 5.275943052 seconds
New Tree:
Tree: (((((((25,26),27),(28,(29,30))),(31,32)),(((((16,17),18),(19,20)),((21,22),(23,24))),(((((11,12),13),14),15),(((4,(5,6)),7),((8,9),10))))),(1,(2,3))),((0,36),((33,34),35)));
Tree Score: 14573.391075936988
Score Improvement: 0.007912685526412666

Step Number: 5
Time Spent: 5.030503739 seconds
New Tree:
Tree: (((((((25,26),27),(28,(29,30))),(31,32)),(((((16,17),18),(19,20)),((21,22),(23,24))),((((14,13),(11,12)),15),(((4,(5,6)),7),((8,9),10))))),(1,(2,3))),((0,36),((33,34),35)));
Tree Score: 14626.741025699213
Score Improvement: 0.003660778022372302

Step Number: 6
Time Spent: 4.924829757 seconds
New Tree:
Tree: (((((((25,26),27),(28,(29,30))),(31,32)),(((((19,20),18),(16,17)),((21,22),(23,24))),((((14,13),(11,12)),15),(((4,(5,6)),7),((8,9),10))))),(1,(2,3))),((0,36),((33,34),35)));
Tree Score: 14646.575925333336
Score Improvement: 0.0013560710208291304

Step Number: 7
Time Spent: 4.883811901 seconds
New Tree:
Tree: (((((((25,26),27),(28,(29,30))),(31,32)),(((((19,20),18),(16,17)),((21,22),(23,24))),((((14,13),(11,12)),15),(((6,(5,4)),7),((8,9),10))))),(1,(2,3))),((0,36),((33,34),35)));
Tree Score: 14648.065800328433
Score Improvement: 1.0172172681799374E-4

Step Number: 8
Time Spent: 4.510200005 seconds
New Tree:
Tree: (((((((25,26),27),(28,(29,30))),(31,32)),(((((19,20),18),(16,17)),((21,22),(23,24))),((((14,13),(11,12)),15),(((6,7),(5,4)),((8,9),10))))),(1,(2,3))),((0,36),((33,34),35)));
Tree Score: 14684.411825582021
Score Improvement: 0.002481284952500218

Step Number: 9
Time Spent: 4.148448556 seconds
New Tree:
Tree: (((((((25,26),27),(29,(28,30))),(31,32)),(((((19,20),18),(16,17)),((21,22),(23,24))),((((14,13),(11,12)),15),(((6,7),(5,4)),((8,9),10))))),(1,(2,3))),((0,36),((33,34),35)));
Tree Score: 14685.218125827247
Score Improvement: 5.490858297907408E-5

Step Number: 10
Time Spent: 3.739944026 seconds
New Tree:
Tree: (((((((25,26),27),(29,(28,30))),(31,32)),(((((19,20),18),(16,17)),((21,22),(23,24))),((((14,13),(11,12)),15),(((6,7),(5,4)),((8,9),10))))),(1,(2,3))),((0,36),((33,34),35)));
Tree Score: 14685.218125827247
Score Improvement: 0.0

TOTAL STEPS: 10
TOTAL TIME: 47.503334609 seconds
Final tree: Tree: (((((((25,26),27),(29,(28,30))),(31,32)),(((((19,20),18),(16,17)),((21,22),(23,24))),((((14,13),(11,12)),15),(((6,7),(5,4)),((8,9),10))))),(1,(2,3))),((0,36),((33,34),35)));
Tree Score: 14685.218125827247
Total Score Improvement: 0.30660236558028253

--------------ITERATION 18--------------
Input tree: ((0,(((1,((((2,((3,4),(5,6))),(7,8)),9),(10,11))),(12,((13,14),15))),(16,17))),((((18,19),(20,21)),(22,23)),((((24,((25,26),(27,28))),((29,30),(31,32))),(33,(34,35))),36)));
Initial Score: 6974.022273016817

Step Number: 1
Time Spent: 6.634994367 seconds
New Tree:
Tree: ((0,(((1,((((2,((3,4),(5,6))),(7,8)),9),(10,11))),(12,((13,14),15))),(16,17))),((((18,19),(20,21)),(22,23)),((36,(33,(34,35))),((24,((25,26),(27,28))),((29,30),(31,32))))));
Tree Score: 8974.545698506481
Score Improvement: 0.2868536043009049

Step Number: 2
Time Spent: 5.975759697 seconds
New Tree:
Tree: ((0,(((1,(((9,(7,8)),(2,((3,4),(5,6)))),(10,11))),(12,((13,14),15))),(16,17))),((((18,19),(20,21)),(22,23)),((36,(33,(34,35))),((24,((25,26),(27,28))),((29,30),(31,32))))));
Tree Score: 9149.670073230198
Score Improvement: 0.019513452892981675

Step Number: 3
Time Spent: 5.655809792 seconds
New Tree:
Tree: ((0,(((1,(((9,(7,8)),(10,11)),(2,((3,4),(5,6))))),(12,((13,14),15))),(16,17))),((((18,19),(20,21)),(22,23)),((36,(33,(34,35))),((24,((25,26),(27,28))),((29,30),(31,32))))));
Tree Score: 9385.426174130902
Score Improvement: 0.02576662316933942

Step Number: 4
Time Spent: 5.903619797 seconds
New Tree:
Tree: ((0,(((((9,(7,8)),(10,11)),(1,(2,((3,4),(5,6))))),(12,((13,14),15))),(16,17))),((((18,19),(20,21)),(22,23)),((36,(33,(34,35))),((24,((25,26),(27,28))),((29,30),(31,32))))));
Tree Score: 9662.48347580852
Score Improvement: 0.02951994896526622

Step Number: 5
Time Spent: 5.891302658 seconds
New Tree:
Tree: ((0,(((((9,(7,8)),(10,11)),(12,((13,14),15))),(1,(2,((3,4),(5,6))))),(16,17))),((((18,19),(20,21)),(22,23)),((36,(33,(34,35))),((24,((25,26),(27,28))),((29,30),(31,32))))));
Tree Score: 10492.044299917587
Score Improvement: 0.08585378967901969

Step Number: 6
Time Spent: 6.186779129 seconds
New Tree:
Tree: ((0,(((((9,(7,8)),(10,11)),(12,((13,14),15))),(((3,4),(5,6)),(2,1))),(16,17))),((((18,19),(20,21)),(22,23)),((36,(33,(34,35))),((24,((25,26),(27,28))),((29,30),(31,32))))));
Tree Score: 10877.204174504499
Score Improvement: 0.03670970723883982

Step Number: 7
Time Spent: 5.896383263 seconds
New Tree:
Tree: ((0,(((((9,(7,8)),(10,11)),(15,((13,14),12))),(((3,4),(5,6)),(2,1))),(16,17))),((((18,19),(20,21)),(22,23)),((36,(33,(34,35))),((24,((25,26),(27,28))),((29,30),(31,32))))));
Tree Score: 10877.4613992878
Score Improvement: 2.3648060583747466E-5

Step Number: 8
Time Spent: 5.513166653 seconds
New Tree:
Tree: ((0,(((((9,(7,8)),(10,11)),(15,((13,14),12))),(((3,4),(5,6)),(2,1))),(16,17))),((((18,19),(20,21)),(22,23)),((36,(33,(34,35))),((24,((25,26),(27,28))),((29,30),(31,32))))));
Tree Score: 10877.4613992878
Score Improvement: 0.0

TOTAL STEPS: 8
TOTAL TIME: 47.657815356 seconds
Final tree: Tree: ((0,(((((9,(7,8)),(10,11)),(15,((13,14),12))),(((3,4),(5,6)),(2,1))),(16,17))),((((18,19),(20,21)),(22,23)),((36,(33,(34,35))),((24,((25,26),(27,28))),((29,30),(31,32))))));
Tree Score: 10877.4613992878
Total Score Improvement: 0.559711307687355

--------------ITERATION 19--------------
Input tree: ((((0,(1,2)),3),(4,5)),(((6,7),((8,9),10)),((((11,12),13),((((14,15),16),17),(((18,19),20),21))),((22,(23,24)),(((25,26),(27,28)),(29,(((30,31),((32,33),34)),(35,36))))))));
Initial Score: 10636.898699314217

Step Number: 1
Time Spent: 4.495138942 seconds
New Tree:
Tree: ((((0,(1,2)),3),(4,5)),(((22,(23,24)),(((25,26),(27,28)),(29,(((30,31),((32,33),34)),(35,36))))),((((11,12),13),((((14,15),16),17),(((18,19),20),21))),((6,7),((8,9),10)))));
Tree Score: 12356.596300508245
Score Improvement: 0.16167283809000654

Step Number: 2
Time Spent: 4.522152223 seconds
New Tree:
Tree: ((((0,(1,2)),3),(4,5)),(((22,(23,24)),(((25,26),(27,28)),(29,(((30,31),((32,33),34)),(35,36))))),((((11,12),13),((6,7),((8,9),10))),((((14,15),16),17),(((18,19),20),21)))));
Tree Score: 13814.582600496127
Score Improvement: 0.11799254944728688

Step Number: 3
Time Spent: 4.870370248 seconds
New Tree:
Tree: ((((0,(1,2)),3),(4,5)),(((22,(23,24)),(((25,26),(27,28)),((35,36),(((30,31),((32,33),34)),29)))),((((11,12),13),((6,7),((8,9),10))),((((14,15),16),17),(((18,19),20),21)))));
Tree Score: 13872.693700252043
Score Improvement: 0.004206504201859085

Step Number: 4
Time Spent: 4.910141785 seconds
New Tree:
Tree: ((((0,(1,2)),3),(4,5)),(((22,(23,24)),(((25,26),(27,28)),((35,36),(((30,31),29),((32,33),34))))),((((11,12),13),((6,7),((8,9),10))),((((14,15),16),17),(((18,19),20),21)))));
Tree Score: 13975.3691753241
Score Improvement: 0.0074012644761407564

Step Number: 5
Time Spent: 4.167572218 seconds
New Tree:
Tree: ((((0,(1,2)),3),(4,5)),(((22,(23,24)),(((25,26),(27,28)),((35,36),(((30,31),29),((32,33),34))))),((((11,12),13),((6,7),((8,9),10))),(((17,16),(14,15)),(((18,19),20),21)))));
Tree Score: 13987.847925471026
Score Improvement: 8.929102330232919E-4

Step Number: 6
Time Spent: 4.115758435 seconds
New Tree:
Tree: ((((0,(1,2)),3),(4,5)),(((22,(23,24)),(((25,26),(27,28)),((35,36),(((30,31),29),((32,33),34))))),((((11,12),13),((6,7),((8,9),10))),(((17,16),(14,15)),(((20,19),18),21)))));
Tree Score: 13999.163600712898
Score Improvement: 8.089647029452252E-4

Step Number: 7
Time Spent: 4.132444147 seconds
New Tree:
Tree: ((((0,(1,2)),3),(4,5)),(((22,(23,24)),(((25,26),(27,28)),((35,36),(((30,31),29),((32,33),34))))),((((11,12),13),((6,7),((8,9),10))),(((17,16),(14,15)),(((20,19),18),21)))));
Tree Score: 13999.163600712898
Score Improvement: 0.0

TOTAL STEPS: 7
TOTAL TIME: 31.213577998 seconds
Final tree: Tree: ((((0,(1,2)),3),(4,5)),(((22,(23,24)),(((25,26),(27,28)),((35,36),(((30,31),29),((32,33),34))))),((((11,12),13),((6,7),((8,9),10))),(((17,16),(14,15)),(((20,19),18),21)))));
Tree Score: 13999.163600712898
Total Score Improvement: 0.31609447419250625

--------------ITERATION 20--------------
Input tree: (((((((0,1),(2,(3,4))),((5,(6,7)),8)),((9,(10,11)),((12,(13,14)),(15,16)))),((((17,18),19),20),(21,22))),(((23,(24,((25,26),27))),(28,(((29,30),(31,32)),33))),(34,35))),36);
Initial Score: 10037.564748512099

Step Number: 1
Time Spent: 6.353653073 seconds
New Tree:
Tree: (((34,35),(((23,(24,((25,26),27))),(28,(((29,30),(31,32)),33))),(((((0,1),(2,(3,4))),((5,(6,7)),8)),((9,(10,11)),((12,(13,14)),(15,16)))),((((17,18),19),20),(21,22))))),36);
Tree Score: 11735.203649507353
Score Improvement: 0.1691285629063466

Step Number: 2
Time Spent: 6.08745351 seconds
New Tree:
Tree: (((34,35),(((23,(24,((25,26),27))),(28,(((29,30),(31,32)),33))),((((((17,18),19),20),(21,22)),((9,(10,11)),((12,(13,14)),(15,16)))),(((0,1),(2,(3,4))),((5,(6,7)),8))))),36);
Tree Score: 12387.679497597723
Score Improvement: 0.0555998743249555

Step Number: 3
Time Spent: 6.011007545 seconds
New Tree:
Tree: (((34,35),((((0,1),(2,(3,4))),((5,(6,7)),8)),((((((17,18),19),20),(21,22)),((9,(10,11)),((12,(13,14)),(15,16)))),((23,(24,((25,26),27))),(28,(((29,30),(31,32)),33)))))),36);
Tree Score: 15019.481296420896
Score Improvement: 0.2124531716641156

Step Number: 4
Time Spent: 5.748127747 seconds
New Tree:
Tree: (((34,35),((((0,1),(2,(3,4))),((5,(6,7)),8)),((((((17,18),19),20),(21,22)),((9,(10,11)),((12,(13,14)),(15,16)))),((((29,30),(31,32)),33),(28,(23,(24,((25,26),27)))))))),36);
Tree Score: 15182.83969870662
Score Improvement: 0.010876434349610609

Step Number: 5
Time Spent: 5.184903472 seconds
New Tree:
Tree: (((34,35),((((0,1),(2,(3,4))),((5,(6,7)),8)),((((((17,18),19),20),(21,22)),((9,(10,11)),((12,(13,14)),(15,16)))),((((29,30),33),(31,32)),(28,(23,(24,((25,26),27)))))))),36);
Tree Score: 15277.022123304063
Score Improvement: 0.006203215371197279

Step Number: 6
Time Spent: 5.018198264 seconds
New Tree:
Tree: (((34,35),((((0,1),(2,(3,4))),((5,(6,7)),8)),((((((17,18),19),20),(21,22)),((9,(10,11)),((12,(13,14)),(15,16)))),((((29,30),33),(31,32)),(28,(((25,26),27),(24,23))))))),36);
Tree Score: 15340.009598134884
Score Improvement: 0.004123020463179028

Step Number: 7
Time Spent: 4.69382999 seconds
New Tree:
Tree: (((34,35),((((0,1),(2,(3,4))),((5,(6,7)),8)),(((((20,19),(17,18)),(21,22)),((9,(10,11)),((12,(13,14)),(15,16)))),((((29,30),33),(31,32)),(28,(((25,26),27),(24,23))))))),36);
Tree Score: 15382.552573056992
Score Improvement: 0.002773334309209341

Step Number: 8
Time Spent: 4.682244509 seconds
New Tree:
Tree: (((34,35),((((0,1),(2,(3,4))),((5,(6,7)),8)),(((((20,19),(17,18)),(21,22)),((9,(10,11)),((12,(13,14)),(15,16)))),((((29,30),33),(31,32)),(28,(((27,26),25),(24,23))))))),36);
Tree Score: 15382.708847569402
Score Improvement: 1.015920548086413E-5

Step Number: 9
Time Spent: 4.344795592 seconds
New Tree:
Tree: (((34,35),((((0,1),(2,(3,4))),((5,(6,7)),8)),(((((20,19),(17,18)),(21,22)),((9,(10,11)),((12,(13,14)),(15,16)))),((((29,30),33),(31,32)),(28,(((27,26),25),(24,23))))))),36);
Tree Score: 15382.708847569402
Score Improvement: 0.0

TOTAL STEPS: 9
TOTAL TIME: 48.124213702 seconds
Final tree: Tree: (((34,35),((((0,1),(2,(3,4))),((5,(6,7)),8)),(((((20,19),(17,18)),(21,22)),((9,(10,11)),((12,(13,14)),(15,16)))),((((29,30),33),(31,32)),(28,(((27,26),25),(24,23))))))),36);
Tree Score: 15382.708847569402
Total Score Improvement: 0.5325140343278614

===========================================================
RESULTS FROM 20 ITERATION(S):
AVERAGE TIME PER RUN: 74.45037558 seconds
AVERAGE IMPROVEMENT: 0.3320221931190696
BEST Tree: (((((((20,21),(18,19)),(15,(16,17))),(((12,(13,14)),(10,11)),((8,9),(7,6)))),((((26,(27,28)),(29,30)),((32,33),31)),((22,(23,24)),25))),(((3,2),(0,1)),(4,5))),((34,35),36));
Tree Score: 17119.970853004605
BEST'S IMPROVEMENT :0.6944985827474228
