--------------ITERATION 1--------------
Input tree: ((0,1),((((2,3),(4,(5,6))),(7,((8,9),10))),(((11,(((12,(13,14)),(15,((16,17),(18,19)))),(20,21))),(22,23)),(((24,25),((26,27),28)),(((((29,30),31),32),33),((34,35),36))))));
Initial Score: 10354.6275247414

Step Number: 1
Time Spent: 8.144006581 seconds
New Tree:
Tree: ((0,1),(((((11,(((12,(13,14)),(15,((16,17),(18,19)))),(20,21))),(22,23)),(((24,25),((26,27),28)),(((((29,30),31),32),33),((34,35),36)))),(7,((8,9),10))),((2,3),(4,(5,6)))));
Tree Score: 10568.715601228816
Score Improvement: 0.020675594170420197

Step Number: 2
Time Spent: 8.868526019 seconds
New Tree:
Tree: ((0,1),(((((11,(((12,(13,14)),(15,((16,17),(18,19)))),(20,21))),(22,23)),(7,((8,9),10))),(((24,25),((26,27),28)),(((((29,30),31),32),33),((34,35),36)))),((2,3),(4,(5,6)))));
Tree Score: 11563.840950231619
Score Improvement: 0.09415764285369743

Step Number: 3
Time Spent: 8.200593525 seconds
New Tree:
Tree: ((0,1),(((((11,(((20,21),(15,((16,17),(18,19)))),(12,(13,14)))),(22,23)),(7,((8,9),10))),(((24,25),((26,27),28)),(((((29,30),31),32),33),((34,35),36)))),((2,3),(4,(5,6)))));
Tree Score: 11734.79095012642
Score Improvement: 0.014783150393587574

Step Number: 4
Time Spent: 8.770437358 seconds
New Tree:
Tree: ((0,1),(((((((20,21),(15,((16,17),(18,19)))),(11,(12,(13,14)))),(22,23)),(7,((8,9),10))),(((24,25),((26,27),28)),(((((29,30),31),32),33),((34,35),36)))),((2,3),(4,(5,6)))));
Tree Score: 12293.33687617391
Score Improvement: 0.04759743300254282

Step Number: 5
Time Spent: 9.56289253 seconds
New Tree:
Tree: ((0,1),(((((((20,21),(15,((16,17),(18,19)))),((13,14),(12,11))),(22,23)),(7,((8,9),10))),(((24,25),((26,27),28)),(((((29,30),31),32),33),((34,35),36)))),((2,3),(4,(5,6)))));
Tree Score: 12416.82100087538
Score Improvement: 0.010044801175244755

Step Number: 6
Time Spent: 9.015984156 seconds
New Tree:
Tree: ((0,1),((2,3),(((((((20,21),(15,((16,17),(18,19)))),((13,14),(12,11))),(22,23)),(7,((8,9),10))),(((24,25),((26,27),28)),(((((29,30),31),32),33),((34,35),36)))),(4,(5,6)))));
Tree Score: 12531.679526876875
Score Improvement: 0.009250236110627474

Step Number: 7
Time Spent: 8.401680549 seconds
New Tree:
Tree: ((0,1),((2,3),(((((((20,21),(15,((16,17),(18,19)))),((13,14),(12,11))),(22,23)),(7,((8,9),10))),(((24,25),((26,27),28)),((((32,31),(29,30)),33),((34,35),36)))),(4,(5,6)))));
Tree Score: 12583.265001947277
Score Improvement: 0.004116405543228785

Step Number: 8
Time Spent: 8.394729596 seconds
New Tree:
Tree: ((0,1),((2,3),(((((((20,21),(15,((16,17),(18,19)))),((13,14),(12,11))),(22,23)),(7,((8,9),10))),(((24,25),((26,27),28)),(((33,(29,30)),(32,31)),((34,35),36)))),(4,(5,6)))));
Tree Score: 12746.806051464968
Score Improvement: 0.012996710272920708

Step Number: 9
Time Spent: 7.810426521 seconds
New Tree:
Tree: ((0,1),((2,3),(((((((20,21),(15,((16,17),(18,19)))),((13,14),(12,11))),(22,23)),(7,((8,9),10))),(((24,25),((28,27),26)),(((33,(29,30)),(32,31)),((34,35),36)))),(4,(5,6)))));
Tree Score: 12757.37560121923
Score Improvement: 8.291920118332907E-4

Step Number: 10
Time Spent: 7.497694365 seconds
New Tree:
Tree: ((0,1),((2,3),(((((((20,21),(15,((16,17),(18,19)))),((13,14),(12,11))),(22,23)),(7,((8,9),10))),(((24,25),((28,27),26)),(((33,(29,30)),(32,31)),((34,35),36)))),(4,(5,6)))));
Tree Score: 12757.37560121923
Score Improvement: 0.0

TOTAL STEPS: 10
TOTAL TIME: 84.6669712 seconds
Final tree: Tree: ((0,1),((2,3),(((((((20,21),(15,((16,17),(18,19)))),((13,14),(12,11))),(22,23)),(7,((8,9),10))),(((24,25),((28,27),26)),(((33,(29,30)),(32,31)),((34,35),36)))),(4,(5,6)))));
Tree Score: 12757.37560121923
Total Score Improvement: 0.2320458240276333

--------------ITERATION 2--------------
Input tree: (((0,1),((2,(((((3,4),(5,6)),((7,8),((9,(10,11)),((12,13),((14,15),(16,17)))))),18),(19,(((20,21),(((22,(23,24)),25),(26,27))),((28,(29,30)),31))))),(32,33))),(34,(35,36)));
Initial Score: 6937.185945598858

Step Number: 1
Time Spent: 11.805941384 seconds
New Tree:
Tree: (((0,1),((2,((((20,21),(((22,(23,24)),25),(26,27))),((28,(29,30)),31)),(19,((((3,4),(5,6)),((7,8),((9,(10,11)),((12,13),((14,15),(16,17)))))),18)))),(32,33))),(34,(35,36)));
Tree Score: 8340.915022352461
Score Improvement: 0.2023484865133487

Step Number: 2
Time Spent: 11.549624432 seconds
New Tree:
Tree: (((0,1),((2,((((20,21),(((22,(23,24)),25),(26,27))),((28,(29,30)),31)),((((3,4),(5,6)),((7,8),((9,(10,11)),((12,13),((14,15),(16,17)))))),(19,18)))),(32,33))),(34,(35,36)));
Tree Score: 9504.83099676085
Score Improvement: 0.1395429603693672

Step Number: 3
Time Spent: 10.776491061 seconds
New Tree:
Tree: (((0,1),((2,((((20,21),(((22,(23,24)),25),(26,27))),((28,(29,30)),31)),((((3,4),(5,6)),(((12,13),((14,15),(16,17))),((9,(10,11)),(7,8)))),(19,18)))),(32,33))),(34,(35,36)));
Tree Score: 10342.960223049375
Score Improvement: 0.08817928762480376

Step Number: 4
Time Spent: 10.791819337 seconds
New Tree:
Tree: (((0,1),((2,((((20,21),(((22,(23,24)),25),(26,27))),((28,(29,30)),31)),((((3,4),(5,6)),(((16,17),((14,15),(12,13))),((9,(10,11)),(7,8)))),(19,18)))),(32,33))),(34,(35,36)));
Tree Score: 10427.02874848664
Score Improvement: 0.008128091341772503

Step Number: 5
Time Spent: 10.269267063 seconds
New Tree:
Tree: (((0,1),((2,((((20,21),(((22,(23,24)),25),(26,27))),((28,(29,30)),31)),(((19,18),(((16,17),((14,15),(12,13))),((9,(10,11)),(7,8)))),((3,4),(5,6))))),(32,33))),(34,(35,36)));
Tree Score: 10456.303249578323
Score Improvement: 0.0028075592575622643

Step Number: 6
Time Spent: 10.203689101 seconds
New Tree:
Tree: (((0,1),((2,(((3,4),(5,6)),(((19,18),(((16,17),((14,15),(12,13))),((9,(10,11)),(7,8)))),(((20,21),(((22,(23,24)),25),(26,27))),((28,(29,30)),31))))),(32,33))),(34,(35,36)));
Tree Score: 11444.99167493109
Score Improvement: 0.0945542991393864

Step Number: 7
Time Spent: 10.181470353 seconds
New Tree:
Tree: (((0,1),(((((19,18),(((16,17),((14,15),(12,13))),((9,(10,11)),(7,8)))),(((20,21),(((22,(23,24)),25),(26,27))),((28,(29,30)),31))),(((3,4),(5,6)),2)),(32,33))),(34,(35,36)));
Tree Score: 11728.683375800447
Score Improvement: 0.024787409980450148

Step Number: 8
Time Spent: 9.609735079 seconds
New Tree:
Tree: (((0,1),(((((19,18),(((16,17),((14,15),(12,13))),((9,(10,11)),(7,8)))),(((20,21),(((22,(23,24)),25),(26,27))),((28,(29,30)),31))),(((3,4),2),(5,6))),(32,33))),(34,(35,36)));
Tree Score: 11820.158399833637
Score Improvement: 0.0077992576917822465

Step Number: 9
Time Spent: 9.703753041 seconds
New Tree:
Tree: (((0,1),(((((19,18),(((16,17),((14,15),(12,13))),((11,(10,9)),(7,8)))),(((20,21),(((22,(23,24)),25),(26,27))),((28,(29,30)),31))),(((3,4),2),(5,6))),(32,33))),(34,(35,36)));
Tree Score: 11841.315224940228
Score Improvement: 0.001789893535342868

Step Number: 10
Time Spent: 9.194748648 seconds
New Tree:
Tree: (((0,1),(((((19,18),(((16,17),((14,15),(12,13))),((11,(10,9)),(7,8)))),(((20,21),(((25,(23,24)),22),(26,27))),((28,(29,30)),31))),(((3,4),2),(5,6))),(32,33))),(34,(35,36)));
Tree Score: 11852.736125253412
Score Improvement: 9.644959277099741E-4

Step Number: 11
Time Spent: 8.589702922 seconds
New Tree:
Tree: (((0,1),(((((19,18),(((16,17),((14,15),(12,13))),((11,(10,9)),(7,8)))),(((20,21),(((25,(23,24)),22),(26,27))),((29,(28,30)),31))),(((3,4),2),(5,6))),(32,33))),(34,(35,36)));
Tree Score: 11859.878100622716
Score Improvement: 6.025592144995873E-4

Step Number: 12
Time Spent: 8.605648386 seconds
New Tree:
Tree: (((0,1),(((((19,18),(((16,17),((14,15),(12,13))),((11,(10,9)),(7,8)))),(((20,21),(((25,(23,24)),22),(26,27))),((29,(28,30)),31))),(((3,4),2),(5,6))),(32,33))),(34,(35,36)));
Tree Score: 11859.878100622716
Score Improvement: 0.0

TOTAL STEPS: 12
TOTAL TIME: 121.281890807 seconds
Final tree: Tree: (((0,1),(((((19,18),(((16,17),((14,15),(12,13))),((11,(10,9)),(7,8)))),(((20,21),(((25,(23,24)),22),(26,27))),((29,(28,30)),31))),(((3,4),2),(5,6))),(32,33))),(34,(35,36)));
Tree Score: 11859.878100622716
Total Score Improvement: 0.7096093709506157

--------------ITERATION 3--------------
Input tree: ((0,1),(((2,(3,4)),(((5,((6,7),((8,((9,10),11)),12))),((13,14),((15,16),(((17,18),(19,20)),21)))),(((22,23),(((24,25),(26,27)),28)),29))),((30,31),((32,33),(34,(35,36))))));
Initial Score: 10750.010751989248

Step Number: 1
Time Spent: 11.084176557 seconds
New Tree:
Tree: ((0,1),(((2,(3,4)),((((15,16),(((17,18),(19,20)),21)),((13,14),(5,((6,7),((8,((9,10),11)),12))))),(((22,23),(((24,25),(26,27)),28)),29))),((30,31),((32,33),(34,(35,36))))));
Tree Score: 12176.703327271432
Score Improvement: 0.13271545565832854

Step Number: 2
Time Spent: 11.018783604 seconds
New Tree:
Tree: ((0,1),((((30,31),((32,33),(34,(35,36)))),((((15,16),(((17,18),(19,20)),21)),((13,14),(5,((6,7),((8,((9,10),11)),12))))),(((22,23),(((24,25),(26,27)),28)),29))),(2,(3,4))));
Tree Score: 12684.271776929192
Score Improvement: 0.04168356869802259

Step Number: 3
Time Spent: 11.112079336 seconds
New Tree:
Tree: ((0,1),((((30,31),((32,33),(34,(35,36)))),((((15,16),(((17,18),(19,20)),21)),((13,14),(5,((6,7),((8,((9,10),11)),12))))),(((22,23),((28,(26,27)),(24,25))),29))),(2,(3,4))));
Tree Score: 12774.312802986868
Score Improvement: 0.007098635825625088

Step Number: 4
Time Spent: 11.013267889 seconds
New Tree:
Tree: ((0,1),((((30,31),((32,33),(34,(35,36)))),((((15,16),((21,(19,20)),(17,18))),((13,14),(5,((6,7),((8,((9,10),11)),12))))),(((22,23),((28,(26,27)),(24,25))),29))),(2,(3,4))));
Tree Score: 12819.013877946578
Score Improvement: 0.0034992939071649687

Step Number: 5
Time Spent: 10.676246679 seconds
New Tree:
Tree: ((0,1),((((30,31),((32,33),(34,(35,36)))),((((15,16),((21,(19,20)),(17,18))),((13,14),(5,((6,7),((8,((9,10),11)),12))))),((29,((28,(26,27)),(24,25))),(22,23)))),(2,(3,4))));
Tree Score: 12856.67717842017
Score Improvement: 0.0029380809500789695

Step Number: 6
Time Spent: 11.148118766 seconds
New Tree:
Tree: ((0,1),((((30,31),((32,33),(34,(35,36)))),((((15,16),((21,(19,20)),(17,18))),((13,14),(5,((6,7),((8,((9,10),11)),12))))),(((24,25),((28,(26,27)),29)),(22,23)))),(2,(3,4))));
Tree Score: 12914.224777452691
Score Improvement: 0.004476086490614817

Step Number: 7
Time Spent: 10.423464046 seconds
New Tree:
Tree: ((0,1),((((30,31),((32,33),(36,(35,34)))),((((15,16),((21,(19,20)),(17,18))),((13,14),(5,((6,7),((8,((9,10),11)),12))))),(((24,25),((28,(26,27)),29)),(22,23)))),(2,(3,4))));
Tree Score: 12926.677977442785
Score Improvement: 9.643010095221616E-4

Step Number: 8
Time Spent: 9.885117304 seconds
New Tree:
Tree: ((0,1),((((30,31),((32,33),(36,(35,34)))),((((15,16),((21,(19,20)),(17,18))),((13,14),(5,((6,7),((8,((9,10),11)),12))))),(((24,25),((26,(28,27)),29)),(22,23)))),(2,(3,4))));
Tree Score: 12938.240902289792
Score Improvement: 8.945008816019229E-4

Step Number: 9
Time Spent: 9.281190576 seconds
New Tree:
Tree: ((0,1),((((30,31),((32,33),(36,(35,34)))),((((15,16),((21,(19,20)),(17,18))),((13,14),(5,((6,7),((8,((9,10),11)),12))))),(((24,25),((26,(28,27)),29)),(22,23)))),(2,(3,4))));
Tree Score: 12938.240902289792
Score Improvement: 0.0

TOTAL STEPS: 9
TOTAL TIME: 95.642444757 seconds
Final tree: Tree: ((0,1),((((30,31),((32,33),(36,(35,34)))),((((15,16),((21,(19,20)),(17,18))),((13,14),(5,((6,7),((8,((9,10),11)),12))))),(((24,25),((26,(28,27)),29)),(22,23)))),(2,(3,4))));
Tree Score: 12938.240902289792
Total Score Improvement: 0.20355608945745662

--------------ITERATION 4--------------
Input tree: (((((((0,1),2),(3,(4,5))),(6,((7,((8,9),10)),11))),(((12,((13,14),(15,16))),(17,18)),((19,20),(21,22)))),((23,((24,25),(26,27))),((28,29),(30,31)))),((32,33),((34,35),36)));
Initial Score: 12587.22394989105

Step Number: 1
Time Spent: 10.08748403 seconds
New Tree:
Tree: (((((((12,((13,14),(15,16))),(17,18)),((19,20),(21,22))),(6,((7,((8,9),10)),11))),(((0,1),2),(3,(4,5)))),((23,((24,25),(26,27))),((28,29),(30,31)))),((32,33),((34,35),36)));
Tree Score: 13862.388024417218
Score Improvement: 0.10130621967182885

Step Number: 2
Time Spent: 10.045023882 seconds
New Tree:
Tree: ((((((((15,16),((13,14),12)),(17,18)),((19,20),(21,22))),(6,((7,((8,9),10)),11))),(((0,1),2),(3,(4,5)))),((23,((24,25),(26,27))),((28,29),(30,31)))),((32,33),((34,35),36)));
Tree Score: 13882.27847438259
Score Improvement: 0.0014348501809600123

Step Number: 3
Time Spent: 10.052549421 seconds
New Tree:
Tree: ((((((((15,16),(17,18)),((13,14),12)),((19,20),(21,22))),(6,((7,((8,9),10)),11))),(((0,1),2),(3,(4,5)))),((23,((24,25),(26,27))),((28,29),(30,31)))),((32,33),((34,35),36)));
Tree Score: 13994.874574028421
Score Improvement: 0.008110779498740728

Step Number: 4
Time Spent: 10.647381416 seconds
New Tree:
Tree: ((((((((15,16),(17,18)),((13,14),12)),((19,20),(21,22))),(6,((7,((8,9),10)),11))),(((0,1),2),(3,(4,5)))),(((26,27),((24,25),23)),((28,29),(30,31)))),((32,33),((34,35),36)));
Tree Score: 14014.230149640236
Score Improvement: 0.001383047451367192

Step Number: 5
Time Spent: 10.052926424 seconds
New Tree:
Tree: ((((((((15,16),(17,18)),((13,14),12)),((19,20),(21,22))),(6,((10,((8,9),7)),11))),(((0,1),2),(3,(4,5)))),(((26,27),((24,25),23)),((28,29),(30,31)))),((32,33),((34,35),36)));
Tree Score: 14027.400825305376
Score Improvement: 9.398072904831523E-4

Step Number: 6
Time Spent: 10.060848031 seconds
New Tree:
Tree: ((((((((15,16),(17,18)),((13,14),12)),((19,20),(21,22))),(6,((10,((8,7),9)),11))),(((0,1),2),(3,(4,5)))),(((26,27),((24,25),23)),((28,29),(30,31)))),((32,33),((34,35),36)));
Tree Score: 14053.30837548757
Score Improvement: 0.0018469244947685315

Step Number: 7
Time Spent: 9.469207781 seconds
New Tree:
Tree: ((((((((15,16),(17,18)),((13,14),12)),((19,20),(21,22))),(6,((10,((8,7),9)),11))),(((0,1),2),(3,(4,5)))),(((26,27),((24,25),23)),((28,29),(30,31)))),((32,33),((34,35),36)));
Tree Score: 14053.30837548757
Score Improvement: 0.0

TOTAL STEPS: 7
TOTAL TIME: 70.415420985 seconds
Final tree: Tree: ((((((((15,16),(17,18)),((13,14),12)),((19,20),(21,22))),(6,((10,((8,7),9)),11))),(((0,1),2),(3,(4,5)))),(((26,27),((24,25),23)),((28,29),(30,31)))),((32,33),((34,35),36)));
Tree Score: 14053.30837548757
Total Score Improvement: 0.11647400820331089

--------------ITERATION 5--------------
Input tree: ((((0,(1,2)),(((3,4),5),((6,7),(((8,(9,(10,(11,12)))),(13,14)),15)))),(((16,(17,18)),(19,20)),(((21,22),((23,24),(25,26))),((27,28),(29,30))))),((31,32),((33,34),(35,36))));
Initial Score: 9901.471422937553

Step Number: 1
Time Spent: 9.30485001 seconds
New Tree:
Tree: (((((6,7),(((8,(9,(10,(11,12)))),(13,14)),15)),(((3,4),5),(0,(1,2)))),(((16,(17,18)),(19,20)),(((21,22),((23,24),(25,26))),((27,28),(29,30))))),((31,32),((33,34),(35,36))));
Tree Score: 11603.034972672613
Score Improvement: 0.17184956427720954

Step Number: 2
Time Spent: 9.336371406 seconds
New Tree:
Tree: (((((6,7),(((8,(9,(10,(11,12)))),(13,14)),15)),(((16,(17,18)),(19,20)),(((21,22),((23,24),(25,26))),((27,28),(29,30))))),(((3,4),5),(0,(1,2)))),((31,32),((33,34),(35,36))));
Tree Score: 12620.294175227435
Score Improvement: 0.08767182077367375

Step Number: 3
Time Spent: 8.736781332 seconds
New Tree:
Tree: ((((((21,22),((23,24),(25,26))),((27,28),(29,30))),(((16,(17,18)),(19,20)),((6,7),(((8,(9,(10,(11,12)))),(13,14)),15)))),(((3,4),5),(0,(1,2)))),((31,32),((33,34),(35,36))));
Tree Score: 14217.075428184384
Score Improvement: 0.1265248837139863

Step Number: 4
Time Spent: 8.190988184 seconds
New Tree:
Tree: ((((((21,22),((23,24),(25,26))),((27,28),(29,30))),(((16,(17,18)),(19,20)),((6,7),((((10,(11,12)),(9,8)),(13,14)),15)))),(((3,4),5),(0,(1,2)))),((31,32),((33,34),(35,36))));
Tree Score: 14303.386728365236
Score Improvement: 0.0060709602770867566

Step Number: 5
Time Spent: 8.190310863 seconds
New Tree:
Tree: ((((((21,22),((23,24),(25,26))),((27,28),(29,30))),(((16,(17,18)),(19,20)),((6,7),((((13,14),(9,8)),(10,(11,12))),15)))),(((3,4),5),(0,(1,2)))),((31,32),((33,34),(35,36))));
Tree Score: 14378.593228268466
Score Improvement: 0.005257950535175526

Step Number: 6
Time Spent: 7.647777138 seconds
New Tree:
Tree: ((((((21,22),((23,24),(25,26))),((27,28),(29,30))),(((16,(17,18)),(19,20)),((6,7),(((11,12),(10,((13,14),(9,8)))),15)))),(((3,4),5),(0,(1,2)))),((31,32),((33,34),(35,36))));
Tree Score: 14379.68412884188
Score Improvement: 7.586977085272117E-5

Step Number: 7
Time Spent: 7.632049997 seconds
New Tree:
Tree: ((((((21,22),((23,24),(25,26))),((27,28),(29,30))),(((16,(17,18)),(19,20)),((6,7),(((11,12),((13,14),(10,(9,8)))),15)))),(((3,4),5),(0,(1,2)))),((31,32),((33,34),(35,36))));
Tree Score: 14429.477103617304
Score Improvement: 0.003462730775535716

Step Number: 8
Time Spent: 7.047612689 seconds
New Tree:
Tree: ((((((21,22),((23,24),(25,26))),((27,28),(29,30))),(((16,(17,18)),(19,20)),((6,7),(((11,12),((13,14),(10,(9,8)))),15)))),(((3,4),5),(0,(1,2)))),((31,32),((33,34),(35,36))));
Tree Score: 14429.477103617304
Score Improvement: 0.0

TOTAL STEPS: 8
TOTAL TIME: 66.086741619 seconds
Final tree: Tree: ((((((21,22),((23,24),(25,26))),((27,28),(29,30))),(((16,(17,18)),(19,20)),((6,7),(((11,12),((13,14),(10,(9,8)))),15)))),(((3,4),5),(0,(1,2)))),((31,32),((33,34),(35,36))));
Tree Score: 14429.477103617304
Total Score Improvement: 0.4573063423876842

--------------ITERATION 6--------------
Input tree: (((((0,1),((2,3),((4,5),6))),(((7,(8,9)),((10,11),(12,13))),((14,15),(((16,17),18),(19,20))))),(21,(22,23))),((((24,25),((26,27),28)),29),(((30,(31,32)),33),((34,35),36))));
Initial Score: 12014.717075425418

Step Number: 1
Time Spent: 11.242723254 seconds
New Tree:
Tree: (((((0,1),((2,3),((4,5),6))),(((7,(8,9)),((10,11),(12,13))),((14,15),(((16,17),18),(19,20))))),(21,(22,23))),(((34,35),36),(((30,(31,32)),33),(((24,25),((26,27),28)),29))));
Tree Score: 12356.367000059443
Score Improvement: 0.02843595254796516

Step Number: 2
Time Spent: 11.751977678 seconds
New Tree:
Tree: (((((0,1),((2,3),((4,5),6))),(((7,(8,9)),((10,11),(12,13))),((14,15),(((16,17),18),(19,20))))),(21,(22,23))),(((34,35),36),(((24,25),((26,27),28)),(((30,(31,32)),33),29))));
Tree Score: 12512.37792514752
Score Improvement: 0.012625954302533104

Step Number: 3
Time Spent: 11.060914032 seconds
New Tree:
Tree: (((((0,1),((2,3),((4,5),6))),(((7,(8,9)),((10,11),(12,13))),((14,15),(((16,17),18),(19,20))))),(21,(22,23))),(((34,35),36),(((24,25),((26,27),28)),((29,33),(30,(31,32))))));
Tree Score: 12609.691449922728
Score Improvement: 0.00777738055526811

Step Number: 4
Time Spent: 10.956700569 seconds
New Tree:
Tree: ((((((4,5),6),((2,3),(0,1))),(((7,(8,9)),((10,11),(12,13))),((14,15),(((16,17),18),(19,20))))),(21,(22,23))),(((34,35),36),(((24,25),((26,27),28)),((29,33),(30,(31,32))))));
Tree Score: 12680.475626238273
Score Improvement: 0.005613474096226145

Step Number: 5
Time Spent: 10.403719426 seconds
New Tree:
Tree: ((((((4,5),6),((2,3),(0,1))),(((7,(8,9)),((10,11),(12,13))),((14,15),(((19,20),18),(16,17))))),(21,(22,23))),(((34,35),36),(((24,25),((26,27),28)),((29,33),(30,(31,32))))));
Tree Score: 12702.204201184795
Score Improvement: 0.0017135457365307083

Step Number: 6
Time Spent: 9.85739709 seconds
New Tree:
Tree: ((((((4,5),6),((2,3),(0,1))),(((9,(8,7)),((10,11),(12,13))),((14,15),(((19,20),18),(16,17))))),(21,(22,23))),(((34,35),36),(((24,25),((26,27),28)),((29,33),(30,(31,32))))));
Tree Score: 12721.289977018372
Score Improvement: 0.0015025562123931469

Step Number: 7
Time Spent: 9.260239518 seconds
New Tree:
Tree: ((((((4,5),6),((2,3),(0,1))),(((9,(8,7)),((10,11),(12,13))),((14,15),(((19,20),18),(16,17))))),(21,(22,23))),(((34,35),36),(((24,25),((28,27),26)),((29,33),(30,(31,32))))));
Tree Score: 12731.859526772634
Score Improvement: 8.308551863338565E-4

Step Number: 8
Time Spent: 8.716127309 seconds
New Tree:
Tree: ((((((4,5),6),((2,3),(0,1))),(((9,(8,7)),((10,11),(12,13))),((14,15),(((19,20),18),(16,17))))),(21,(22,23))),(((34,35),36),(((24,25),((28,27),26)),((29,33),(30,(31,32))))));
Tree Score: 12731.859526772634
Score Improvement: 0.0

TOTAL STEPS: 8
TOTAL TIME: 83.249798876 seconds
Final tree: Tree: ((((((4,5),6),((2,3),(0,1))),(((9,(8,7)),((10,11),(12,13))),((14,15),(((19,20),18),(16,17))))),(21,(22,23))),(((34,35),36),(((24,25),((28,27),26)),((29,33),(30,(31,32))))));
Tree Score: 12731.859526772634
Total Score Improvement: 0.059688667393928085

--------------ITERATION 7--------------
Input tree: (((0,((((1,2),3),(((4,5),((6,7),8)),9)),(10,((11,12),((13,((14,15),(16,17))),(18,19)))))),(20,((((21,(22,23)),24),(25,26)),((27,28),29)))),(30,((((31,(32,33)),34),35),36)));
Initial Score: 6233.277700128023

Step Number: 1
Time Spent: 11.757276606 seconds
New Tree:
Tree: (((0,((((1,2),3),(((4,5),((6,7),8)),9)),(((13,((14,15),(16,17))),(18,19)),((11,12),10)))),(20,((((21,(22,23)),24),(25,26)),((27,28),29)))),(30,((((31,(32,33)),34),35),36)));
Tree Score: 7192.705449422519
Score Improvement: 0.15392026401692194

Step Number: 2
Time Spent: 11.168401234 seconds
New Tree:
Tree: ((((((21,(22,23)),24),(25,26)),((27,28),29)),(20,(0,((((1,2),3),(((4,5),((6,7),8)),9)),(((13,((14,15),(16,17))),(18,19)),((11,12),10)))))),(30,((((31,(32,33)),34),35),36)));
Tree Score: 7883.938773717615
Score Improvement: 0.09610199238043204

Step Number: 3
Time Spent: 11.600190499 seconds
New Tree:
Tree: ((((((21,(22,23)),24),(25,26)),((27,28),29)),(20,(0,(((((13,((14,15),(16,17))),(18,19)),((11,12),10)),(((4,5),((6,7),8)),9)),((1,2),3))))),(30,((((31,(32,33)),34),35),36)));
Tree Score: 8256.334923037095
Score Improvement: 0.0472347845420773

Step Number: 4
Time Spent: 12.322683283 seconds
New Tree:
Tree: ((((((21,(22,23)),24),(25,26)),((27,28),29)),(20,(0,((((((4,5),((6,7),8)),9),((11,12),10)),((13,((14,15),(16,17))),(18,19))),((1,2),3))))),(30,((((31,(32,33)),34),35),36)));
Tree Score: 8831.285249293345
Score Improvement: 0.06963747614598392

Step Number: 5
Time Spent: 12.181456944 seconds
New Tree:
Tree: ((((((21,(22,23)),24),(25,26)),((27,28),29)),(20,((((((4,5),((6,7),8)),9),((11,12),10)),((13,((14,15),(16,17))),(18,19))),(0,((1,2),3))))),(30,((((31,(32,33)),34),35),36)));
Tree Score: 9184.107200455532
Score Improvement: 0.03995137074645139

Step Number: 6
Time Spent: 11.62306359 seconds
New Tree:
Tree: ((((((21,(22,23)),24),(25,26)),((27,28),29)),(20,((((((4,5),((6,7),8)),9),((11,12),10)),((13,((14,15),(16,17))),(18,19))),(0,((1,2),3))))),(30,(((35,34),(31,(32,33))),36)));
Tree Score: 9312.783400262852
Score Improvement: 0.01401074671699587

Step Number: 7
Time Spent: 11.028471288 seconds
New Tree:
Tree: ((((((21,(22,23)),24),(25,26)),((27,28),29)),(20,((((((4,5),((6,7),8)),9),((11,12),10)),((13,((14,15),(16,17))),(18,19))),(0,((1,2),3))))),(30,(((35,34),36),(31,(32,33)))));
Tree Score: 9395.81535016201
Score Improvement: 0.008915911208330574

Step Number: 8
Time Spent: 10.410990322 seconds
New Tree:
Tree: ((((((21,(22,23)),24),(25,26)),((27,28),29)),(20,((((((4,5),((6,7),8)),9),((11,12),10)),((13,((14,15),(16,17))),(18,19))),(0,((1,2),3))))),(((35,34),36),(30,(31,(32,33)))));
Tree Score: 9552.609025964659
Score Improvement: 0.016687607190997378

Step Number: 9
Time Spent: 9.82785744 seconds
New Tree:
Tree: ((((((21,(22,23)),24),(25,26)),((27,28),29)),(30,(31,(32,33)))),(((35,34),36),(20,((((((4,5),((6,7),8)),9),((11,12),10)),((13,((14,15),(16,17))),(18,19))),(0,((1,2),3))))));
Tree Score: 10005.743399989005
Score Improvement: 0.04743566629731166

Step Number: 10
Time Spent: 9.186450386 seconds
New Tree:
Tree: ((((30,(31,(32,33))),((27,28),29)),(((21,(22,23)),24),(25,26))),(((35,34),36),(20,((((((4,5),((6,7),8)),9),((11,12),10)),((13,((14,15),(16,17))),(18,19))),(0,((1,2),3))))));
Tree Score: 10466.114050891629
Score Improvement: 0.04601063933971461

Step Number: 11
Time Spent: 9.71042414 seconds
New Tree:
Tree: ((((30,((27,28),29)),(31,(32,33))),(((21,(22,23)),24),(25,26))),(((35,34),36),(20,((((((4,5),((6,7),8)),9),((11,12),10)),((13,((14,15),(16,17))),(18,19))),(0,((1,2),3))))));
Tree Score: 10569.667899765453
Score Improvement: 0.009894202219686399

Step Number: 12
Time Spent: 9.172487228 seconds
New Tree:
Tree: ((((30,((27,28),29)),(31,(32,33))),(((25,26),24),(21,(22,23)))),(((35,34),36),(20,((((((4,5),((6,7),8)),9),((11,12),10)),((13,((14,15),(16,17))),(18,19))),(0,((1,2),3))))));
Tree Score: 10651.938024917996
Score Improvement: 0.007783605495719437

Step Number: 13
Time Spent: 8.585641931 seconds
New Tree:
Tree: ((((30,((27,28),29)),(31,(32,33))),(((25,26),24),(21,(22,23)))),(((35,34),36),(20,((((((4,5),((6,7),8)),9),((11,12),10)),(((16,17),((14,15),13)),(18,19))),(0,((1,2),3))))));
Tree Score: 10685.428449945903
Score Improvement: 0.003144068708395009

Step Number: 14
Time Spent: 8.057789123 seconds
New Tree:
Tree: ((((30,((27,28),29)),(31,(32,33))),(((25,26),24),(21,(22,23)))),(((35,34),36),(20,((((((4,5),((6,7),8)),9),((11,12),10)),(((16,17),((14,15),13)),(18,19))),(0,((3,2),1))))));
Tree Score: 10702.77967517302
Score Improvement: 0.0016238211980359463

Step Number: 15
Time Spent: 7.465526028 seconds
New Tree:
Tree: ((((30,((27,28),29)),(31,(32,33))),(((25,26),24),(21,(22,23)))),(((35,34),36),(20,((((((4,5),((8,7),6)),9),((11,12),10)),(((16,17),((14,15),13)),(18,19))),(0,((3,2),1))))));
Tree Score: 10715.619550960517
Score Improvement: 0.0011996767360613614

Step Number: 16
Time Spent: 6.912130517 seconds
New Tree:
Tree: ((((30,((27,28),29)),(31,(32,33))),(((25,26),24),(21,(22,23)))),(((35,34),36),(20,((((((4,5),((8,7),6)),9),((11,12),10)),(((16,17),((14,15),13)),(18,19))),(0,((3,2),1))))));
Tree Score: 10715.619550960517
Score Improvement: 0.0

TOTAL STEPS: 16
TOTAL TIME: 161.010840559 seconds
Final tree: Tree: ((((30,((27,28),29)),(31,(32,33))),(((25,26),24),(21,(22,23)))),(((35,34),36),(20,((((((4,5),((8,7),6)),9),((11,12),10)),(((16,17),((14,15),13)),(18,19))),(0,((3,2),1))))));
Tree Score: 10715.619550960517
Total Score Improvement: 0.7190986935718318

--------------ITERATION 8--------------
Input tree: (((((0,1),(2,(3,4))),5),(((6,((7,8),(9,10))),(11,(((12,13),(14,15)),16))),17)),(18,(((19,(20,21)),(22,(23,24))),(((25,(26,27)),((28,29),30)),((((31,32),33),34),(35,36))))));
Initial Score: 8957.589749998646

Step Number: 1
Time Spent: 11.542557752 seconds
New Tree:
Tree: (((((0,1),(2,(3,4))),5),(((6,((7,8),(9,10))),(11,(((12,13),(14,15)),16))),17)),((((25,(26,27)),((28,29),30)),((((31,32),33),34),(35,36))),(((19,(20,21)),(22,(23,24))),18)));
Tree Score: 10166.625701849582
Score Improvement: 0.13497335618112216

Step Number: 2
Time Spent: 10.944544764 seconds
New Tree:
Tree: (((((19,(20,21)),(22,(23,24))),18),(((6,((7,8),(9,10))),(11,(((12,13),(14,15)),16))),17)),((((25,(26,27)),((28,29),30)),((((31,32),33),34),(35,36))),(((0,1),(2,(3,4))),5)));
Tree Score: 11382.07302930695
Score Improvement: 0.11955267786009327

Step Number: 3
Time Spent: 10.288565327 seconds
New Tree:
Tree: (((((19,(20,21)),(22,(23,24))),18),(((6,((7,8),(9,10))),(11,(((12,13),(14,15)),16))),17)),((((25,(26,27)),((28,29),30)),((((31,32),33),34),(35,36))),((5,(2,(3,4))),(0,1))));
Tree Score: 11751.930328340502
Score Improvement: 0.032494722014279054

Step Number: 4
Time Spent: 9.62745053 seconds
New Tree:
Tree: (((((19,(20,21)),(22,(23,24))),18),((((9,10),((7,8),6)),(11,(((12,13),(14,15)),16))),17)),((((25,(26,27)),((28,29),30)),((((31,32),33),34),(35,36))),((5,(2,(3,4))),(0,1))));
Tree Score: 12024.753277721116
Score Improvement: 0.02321516055304418

Step Number: 5
Time Spent: 9.315738056 seconds
New Tree:
Tree: (((((19,(20,21)),18),(22,(23,24))),((((9,10),((7,8),6)),(11,(((12,13),(14,15)),16))),17)),((((25,(26,27)),((28,29),30)),((((31,32),33),34),(35,36))),((5,(2,(3,4))),(0,1))));
Tree Score: 12164.780426808866
Score Improvement: 0.011644908286574607

Step Number: 6
Time Spent: 9.160307606 seconds
New Tree:
Tree: (((((21,(20,19)),18),(22,(23,24))),((((9,10),((7,8),6)),(11,(((12,13),(14,15)),16))),17)),((((25,(26,27)),((28,29),30)),((((31,32),33),34),(35,36))),((5,(2,(3,4))),(0,1))));
Tree Score: 12177.063526490005
Score Improvement: 0.0010097263781325694

Step Number: 7
Time Spent: 8.541977441 seconds
New Tree:
Tree: (((((21,(20,19)),18),(22,(23,24))),((((9,10),((7,8),6)),(11,(((12,13),(14,15)),16))),17)),((((25,(26,27)),((28,29),30)),((((31,32),33),34),(35,36))),((5,(4,(3,2))),(0,1))));
Tree Score: 12178.422176765278
Score Improvement: 1.1157454112953324E-4

Step Number: 8
Time Spent: 8.604065643 seconds
New Tree:
Tree: (((((21,(20,19)),18),(22,(23,24))),((((9,10),((7,8),6)),(11,(((12,13),(14,15)),16))),17)),((((25,(26,27)),((28,29),30)),((((31,32),33),34),(35,36))),(((3,2),(4,5)),(0,1))));
Tree Score: 12244.583076672163
Score Improvement: 0.005432633139710763

Step Number: 9
Time Spent: 8.924204817 seconds
New Tree:
Tree: (((((21,(20,19)),18),(22,(23,24))),((((9,10),((7,8),6)),(11,(((12,13),(14,15)),16))),17)),((((25,(26,27)),((28,29),30)),((((31,32),33),34),(35,36))),(((3,2),(0,1)),(4,5))));
Tree Score: 12277.761952565517
Score Improvement: 0.00270967787842169

Step Number: 10
Time Spent: 8.377379693 seconds
New Tree:
Tree: (((((21,(20,19)),18),(22,(23,24))),((((9,10),((7,8),6)),(11,(((12,13),(14,15)),16))),17)),((((25,(26,27)),((28,29),30)),((((31,32),33),34),(35,36))),(((3,2),(0,1)),(4,5))));
Tree Score: 12277.761952565517
Score Improvement: 0.0

TOTAL STEPS: 10
TOTAL TIME: 95.326791629 seconds
Final tree: Tree: (((((21,(20,19)),18),(22,(23,24))),((((9,10),((7,8),6)),(11,(((12,13),(14,15)),16))),17)),((((25,(26,27)),((28,29),30)),((((31,32),33),34),(35,36))),(((3,2),(0,1)),(4,5))));
Tree Score: 12277.761952565517
Total Score Improvement: 0.370654639834044

--------------ITERATION 9--------------
Input tree: ((((0,1),2),(3,((4,5),6))),((7,(((((8,9),10),11),((12,13),14)),((15,(16,17)),(18,19)))),(((20,21),(22,23)),(((((24,25),(26,27)),((28,(29,30)),31)),(32,33)),((34,35),36)))));
Initial Score: 9847.555448974654

Step Number: 1
Time Spent: 11.392060681 seconds
New Tree:
Tree: ((((0,1),2),(3,((4,5),6))),((((15,(16,17)),(18,19)),(((((8,9),10),11),((12,13),14)),7)),(((20,21),(22,23)),(((((24,25),(26,27)),((28,(29,30)),31)),(32,33)),((34,35),36)))));
Tree Score: 11175.034750307663
Score Improvement: 0.13480292730631227

Step Number: 2
Time Spent: 11.338460219 seconds
New Tree:
Tree: ((((0,1),2),(3,((4,5),6))),((((15,(16,17)),(18,19)),(((((8,9),10),11),7),((12,13),14))),(((20,21),(22,23)),(((((24,25),(26,27)),((28,(29,30)),31)),(32,33)),((34,35),36)))));
Tree Score: 12016.479924344443
Score Improvement: 0.07529687314964395

Step Number: 3
Time Spent: 10.822646931 seconds
New Tree:
Tree: ((((0,1),2),(3,((4,5),6))),((((15,(16,17)),(18,19)),(((((8,9),10),11),7),((12,13),14))),(((20,21),(22,23)),((((32,33),((28,(29,30)),31)),((24,25),(26,27))),((34,35),36)))));
Tree Score: 12473.69264960567
Score Improvement: 0.0380488069833953

Step Number: 4
Time Spent: 10.248811319 seconds
New Tree:
Tree: ((((0,1),2),(3,((4,5),6))),((((15,(16,17)),(18,19)),(((((8,9),10),11),7),((12,13),14))),(((20,21),(22,23)),((((28,(29,30)),((32,33),31)),((24,25),(26,27))),((34,35),36)))));
Tree Score: 12543.495174325988
Score Improvement: 0.00559597920849253

Step Number: 5
Time Spent: 10.179108111 seconds
New Tree:
Tree: ((((0,1),2),(6,((4,5),3))),((((15,(16,17)),(18,19)),(((((8,9),10),11),7),((12,13),14))),(((20,21),(22,23)),((((28,(29,30)),((32,33),31)),((24,25),(26,27))),((34,35),36)))));
Tree Score: 12569.941274393044
Score Improvement: 0.00210835175519386

Step Number: 6
Time Spent: 9.587880694 seconds
New Tree:
Tree: ((((0,1),2),(6,((4,5),3))),((((15,(16,17)),(18,19)),(((((8,9),10),11),7),((12,13),14))),(((20,21),(22,23)),((((28,(29,30)),((32,33),31)),((24,25),(26,27))),((34,35),36)))));
Tree Score: 12569.941274393044
Score Improvement: 0.0

TOTAL STEPS: 6
TOTAL TIME: 63.568967955 seconds
Final tree: Tree: ((((0,1),2),(6,((4,5),3))),((((15,(16,17)),(18,19)),(((((8,9),10),11),7),((12,13),14))),(((20,21),(22,23)),((((28,(29,30)),((32,33),31)),((24,25),(26,27))),((34,35),36)))));
Tree Score: 12569.941274393044
Total Score Improvement: 0.27645295723639207

--------------ITERATION 10--------------
Input tree: ((((0,1),2),((((3,(4,5)),(((6,(7,8)),(9,10)),((11,(12,13)),((14,(15,16)),17)))),(((((18,19),20),21),(22,23)),(24,(25,26)))),((27,(28,29)),30))),((31,(32,33)),((34,35),36)));
Initial Score: 10675.006249294587

Step Number: 1
Time Spent: 9.865233141 seconds
New Tree:
Tree: ((((0,1),2),((((((((18,19),20),21),(22,23)),(24,(25,26))),(((6,(7,8)),(9,10)),((11,(12,13)),((14,(15,16)),17)))),(3,(4,5))),((27,(28,29)),30))),((31,(32,33)),((34,35),36)));
Tree Score: 12026.938422860723
Score Improvement: 0.12664462596033355

Step Number: 2
Time Spent: 10.37605264 seconds
New Tree:
Tree: ((((0,1),2),((((((((18,19),20),21),(22,23)),(24,(25,26))),(((6,(7,8)),(9,10)),((11,(12,13)),((14,(15,16)),17)))),(3,(4,5))),((27,30),(28,29)))),((31,(32,33)),((34,35),36)));
Tree Score: 12185.183247631561
Score Improvement: 0.013157531801280875

Step Number: 3
Time Spent: 9.365102294 seconds
New Tree:
Tree: ((((0,1),2),((((((((18,19),20),21),(22,23)),(24,(25,26))),(((6,(7,8)),(9,10)),((11,(12,13)),((14,(15,16)),17)))),((27,30),(28,29))),(3,(4,5)))),((31,(32,33)),((34,35),36)));
Tree Score: 12331.052072726772
Score Improvement: 0.011970999707662466

Step Number: 4
Time Spent: 8.73755678 seconds
New Tree:
Tree: (((((((((18,19),20),21),(22,23)),(24,(25,26))),(((6,(7,8)),(9,10)),((11,(12,13)),((14,(15,16)),17)))),((27,30),(28,29))),(((0,1),2),(3,(4,5)))),((31,(32,33)),((34,35),36)));
Tree Score: 12686.059898975305
Score Improvement: 0.02878974349915553

Step Number: 5
Time Spent: 9.903169461 seconds
New Tree:
Tree: (((((((((18,19),20),21),(22,23)),(24,(25,26))),(((6,(7,8)),(9,10)),((11,(12,13)),((14,(15,16)),17)))),(((0,1),2),(3,(4,5)))),((27,30),(28,29))),((31,(32,33)),((34,35),36)));
Tree Score: 13774.713324439246
Score Improvement: 0.08581493656291772

Step Number: 6
Time Spent: 9.599335782 seconds
New Tree:
Tree: (((((((((20,19),18),21),(22,23)),(24,(25,26))),(((6,(7,8)),(9,10)),((11,(12,13)),((14,(15,16)),17)))),(((0,1),2),(3,(4,5)))),((27,30),(28,29))),((31,(32,33)),((34,35),36)));
Tree Score: 13786.028999681119
Score Improvement: 8.214817234559746E-4

Step Number: 7
Time Spent: 9.604857224 seconds
New Tree:
Tree: (((((((((20,19),18),21),(22,23)),(24,(25,26))),(((6,(7,8)),(9,10)),((11,(12,13)),((14,(15,16)),17)))),(((0,1),2),(3,(4,5)))),((27,30),(28,29))),((33,(32,31)),((34,35),36)));
Tree Score: 13793.08704991499
Score Improvement: 5.11971230731767E-4

Step Number: 8
Time Spent: 8.610081422 seconds
New Tree:
Tree: (((((((((20,19),21),18),(22,23)),(24,(25,26))),(((6,(7,8)),(9,10)),((11,(12,13)),((14,(15,16)),17)))),(((0,1),2),(3,(4,5)))),((27,30),(28,29))),((33,(32,31)),((34,35),36)));
Tree Score: 13794.16504941741
Score Improvement: 7.815505684249935E-5

Step Number: 9
Time Spent: 8.0509078 seconds
New Tree:
Tree: (((((((((20,19),21),18),(22,23)),(24,(25,26))),(((6,(7,8)),(9,10)),((11,(12,13)),((14,(15,16)),17)))),(((0,1),2),(3,(4,5)))),((27,30),(28,29))),((33,(32,31)),((34,35),36)));
Tree Score: 13794.16504941741
Score Improvement: 0.0

TOTAL STEPS: 9
TOTAL TIME: 84.112296544 seconds
Final tree: Tree: (((((((((20,19),21),18),(22,23)),(24,(25,26))),(((6,(7,8)),(9,10)),((11,(12,13)),((14,(15,16)),17)))),(((0,1),2),(3,(4,5)))),((27,30),(28,29))),((33,(32,31)),((34,35),36)));
Tree Score: 13794.16504941741
Total Score Improvement: 0.2921926907845078

--------------ITERATION 11--------------
Input tree: ((((((0,1),(2,3)),((4,((5,6),(7,8))),((9,(10,11)),12))),((13,14),15)),(((16,(17,18)),(19,20)),(((21,(22,23)),24),(25,((26,(27,(28,29))),30))))),((31,32),((33,34),(35,36))));
Initial Score: 10324.473824413955

Step Number: 1
Time Spent: 12.627688479 seconds
New Tree:
Tree: (((((21,(22,23)),24),(25,((26,(27,(28,29))),30))),(((16,(17,18)),(19,20)),((((0,1),(2,3)),((4,((5,6),(7,8))),((9,(10,11)),12))),((13,14),15)))),((31,32),((33,34),(35,36))));
Tree Score: 10890.403701236002
Score Improvement: 0.05481440376010349

Step Number: 2
Time Spent: 11.519303677 seconds
New Tree:
Tree: (((((21,(22,23)),24),(25,((26,30),(27,(28,29))))),(((16,(17,18)),(19,20)),((((0,1),(2,3)),((4,((5,6),(7,8))),((9,(10,11)),12))),((13,14),15)))),((31,32),((33,34),(35,36))));
Tree Score: 10965.658976753704
Score Improvement: 0.00691023745145114

Step Number: 3
Time Spent: 10.881464466 seconds
New Tree:
Tree: (((((21,(22,23)),24),(25,((26,30),(27,(28,29))))),(((16,(17,18)),(19,20)),((((13,14),15),((4,((5,6),(7,8))),((9,(10,11)),12))),((0,1),(2,3))))),((31,32),((33,34),(35,36))));
Tree Score: 11011.238878107626
Score Improvement: 0.004156603944236004

Step Number: 4
Time Spent: 11.488210896 seconds
New Tree:
Tree: (((((21,(22,23)),24),(25,((26,30),(27,(28,29))))),(((0,1),(2,3)),((((13,14),15),((4,((5,6),(7,8))),((9,(10,11)),12))),((16,(17,18)),(19,20))))),((31,32),((33,34),(35,36))));
Tree Score: 11243.267898933027
Score Improvement: 0.021072017726063264

Step Number: 5
Time Spent: 10.849015158 seconds
New Tree:
Tree: (((((21,(22,23)),24),(25,((26,30),(27,(28,29))))),(((0,1),(2,3)),(((4,((5,6),(7,8))),(((13,14),15),((9,(10,11)),12))),((16,(17,18)),(19,20))))),((31,32),((33,34),(35,36))));
Tree Score: 11578.474047276653
Score Improvement: 0.02981394300632445

Step Number: 6
Time Spent: 6.713314243 seconds
New Tree:
Tree: (((((23,(22,21)),24),(25,((26,30),(27,(28,29))))),(((0,1),(2,3)),(((4,((5,6),(7,8))),(((13,14),15),((9,(10,11)),12))),((16,(17,18)),(19,20))))),((31,32),((33,34),(35,36))));
Tree Score: 11579.315272341944
Score Improvement: 7.265422557889423E-5

Step Number: 7
Time Spent: 5.200614407 seconds
New Tree:
Tree: (((((23,24),(22,21)),(25,((26,30),(27,(28,29))))),(((0,1),(2,3)),(((4,((5,6),(7,8))),(((13,14),15),((9,(10,11)),12))),((16,(17,18)),(19,20))))),((31,32),((33,34),(35,36))));
Tree Score: 11608.870747472622
Score Improvement: 0.0025524372068246315

Step Number: 8
Time Spent: 4.831501478 seconds
New Tree:
Tree: (((((23,24),(22,21)),(25,((26,30),(27,(28,29))))),(((0,1),(2,3)),(((4,((5,6),(7,8))),(((13,14),15),((9,(10,11)),12))),((16,(17,18)),(19,20))))),((31,32),((33,34),(35,36))));
Tree Score: 11608.870747472622
Score Improvement: 0.0

TOTAL STEPS: 8
TOTAL TIME: 74.111112804 seconds
Final tree: Tree: (((((23,24),(22,21)),(25,((26,30),(27,(28,29))))),(((0,1),(2,3)),(((4,((5,6),(7,8))),(((13,14),15),((9,(10,11)),12))),((16,(17,18)),(19,20))))),((31,32),((33,34),(35,36))));
Tree Score: 11608.870747472622
Total Score Improvement: 0.1244031361696607

--------------ITERATION 12--------------
Input tree: (((0,((1,2),(3,4))),(5,(((6,7),8),9))),((((10,(11,12)),(((13,((14,15),16)),(17,18)),(19,20))),((21,22),(23,24))),((25,((26,27),28)),(((29,((30,31),32)),(33,(34,35))),36))));
Initial Score: 10665.065901724753

Step Number: 1
Time Spent: 5.058970768 seconds
New Tree:
Tree: (((0,((1,2),(3,4))),(5,(((6,7),8),9))),((((10,(11,12)),(((13,((14,15),16)),(17,18)),(19,20))),((21,22),(23,24))),((25,((26,27),28)),((36,(33,(34,35))),(29,((30,31),32))))));
Tree Score: 10796.177951672245
Score Improvement: 0.012293599604132677

Step Number: 2
Time Spent: 4.659525279 seconds
New Tree:
Tree: (((0,((1,2),(3,4))),(5,(((6,7),8),9))),((((10,(11,12)),(((19,20),(17,18)),(13,((14,15),16)))),((21,22),(23,24))),((25,((26,27),28)),((36,(33,(34,35))),(29,((30,31),32))))));
Tree Score: 10875.303801590708
Score Improvement: 0.007329061291195815

Step Number: 3
Time Spent: 5.031338343 seconds
New Tree:
Tree: (((0,((1,2),(3,4))),(5,(((6,7),8),9))),(((((19,20),(17,18)),((10,(11,12)),(13,((14,15),16)))),((21,22),(23,24))),((25,((26,27),28)),((36,(33,(34,35))),(29,((30,31),32))))));
Tree Score: 11041.893977065702
Score Improvement: 0.01531820889919655

Step Number: 4
Time Spent: 5.155630056 seconds
New Tree:
Tree: (((0,((1,2),(3,4))),(5,(((6,7),8),9))),(((((19,20),(17,18)),((21,22),(23,24))),((10,(11,12)),(13,((14,15),16)))),((25,((26,27),28)),((36,(33,(34,35))),(29,((30,31),32))))));
Tree Score: 12185.218402806335
Score Improvement: 0.10354423146204339

Step Number: 5
Time Spent: 4.418849213 seconds
New Tree:
Tree: (((0,((1,2),(3,4))),(5,(((6,7),8),9))),(((((19,20),(17,18)),((21,22),(23,24))),((10,(11,12)),(16,((14,15),13)))),((25,((26,27),28)),((36,(33,(34,35))),(29,((30,31),32))))));
Tree Score: 12198.802727905699
Score Improvement: 0.0011148199933974645

Step Number: 6
Time Spent: 4.097421187 seconds
New Tree:
Tree: (((0,((1,2),(3,4))),(5,(((6,7),8),9))),(((((19,20),(17,18)),((21,22),(23,24))),((10,(11,12)),(16,((14,15),13)))),((25,((28,27),26)),((36,(33,(34,35))),(29,((30,31),32))))));
Tree Score: 12210.361127717086
Score Improvement: 9.475028057421842E-4

Step Number: 7
Time Spent: 3.879725488 seconds
New Tree:
Tree: (((0,((1,2),(3,4))),(5,(((6,7),8),9))),(((((19,20),(17,18)),((21,22),(23,24))),((10,(11,12)),(16,((14,15),13)))),((25,((28,27),26)),((36,(33,(34,35))),(29,((32,31),30))))));
Tree Score: 12221.042252573781
Score Improvement: 8.747591283315703E-4

Step Number: 8
Time Spent: 3.545868507 seconds
New Tree:
Tree: (((0,((1,2),(3,4))),(5,(((8,7),6),9))),(((((19,20),(17,18)),((21,22),(23,24))),((10,(11,12)),(16,((14,15),13)))),((25,((28,27),26)),((36,(33,(34,35))),(29,((32,31),30))))));
Tree Score: 12231.136327627712
Score Improvement: 8.259586085470616E-4

Step Number: 9
Time Spent: 3.199000865 seconds
New Tree:
Tree: (((0,((1,2),(3,4))),(5,(((8,7),6),9))),(((((19,20),(17,18)),((21,22),(23,24))),((10,(11,12)),(16,((14,13),15)))),((25,((28,27),26)),((36,(33,(34,35))),(29,((32,31),30))))));
Tree Score: 12236.302552614026
Score Improvement: 4.223830761043157E-4

Step Number: 10
Time Spent: 3.229441747 seconds
New Tree:
Tree: (((0,((1,2),(3,4))),(5,(((8,7),6),9))),(((((19,20),(17,18)),((21,22),(23,24))),((10,(11,12)),((14,13),(16,15)))),((25,((28,27),26)),((36,(33,(34,35))),(29,((32,31),30))))));
Tree Score: 12255.21485247057
Score Improvement: 0.0015455894274618576

Step Number: 11
Time Spent: 2.924245744 seconds
New Tree:
Tree: (((0,((1,2),(3,4))),(5,(((8,7),6),9))),(((((19,20),(17,18)),((21,22),(23,24))),((10,(11,12)),((14,13),(16,15)))),((25,((28,27),26)),((36,(33,(34,35))),(29,((32,31),30))))));
Tree Score: 12255.21485247057
Score Improvement: 0.0

TOTAL STEPS: 11
TOTAL TIME: 45.200017197 seconds
Final tree: Tree: (((0,((1,2),(3,4))),(5,(((8,7),6),9))),(((((19,20),(17,18)),((21,22),(23,24))),((10,(11,12)),((14,13),(16,15)))),((25,((28,27),26)),((36,(33,(34,35))),(29,((32,31),30))))));
Tree Score: 12255.21485247057
Total Score Improvement: 0.14909883965073845

--------------ITERATION 13--------------
Input tree: ((((((((0,1),2),(3,4)),(5,(6,7))),8),(9,((10,11),(12,13)))),(((14,15),16),(17,18))),(((((19,20),21),22),((23,(24,(25,26))),((27,28),29))),((((30,31),32),(33,34)),(35,36))));
Initial Score: 10221.932079192291

Step Number: 1
Time Spent: 6.709098623 seconds
New Tree:
Tree: ((((((14,15),16),(17,18)),(9,((10,11),(12,13)))),(((((0,1),2),(3,4)),(5,(6,7))),8)),(((((19,20),21),22),((23,(24,(25,26))),((27,28),29))),((((30,31),32),(33,34)),(35,36))));
Tree Score: 10988.884499558171
Score Improvement: 0.07503008378690801

Step Number: 2
Time Spent: 6.295686274 seconds
New Tree:
Tree: ((((((14,15),16),(17,18)),(9,((10,11),(12,13)))),((8,(5,(6,7))),(((0,1),2),(3,4)))),(((((19,20),21),22),((23,(24,(25,26))),((27,28),29))),((((30,31),32),(33,34)),(35,36))));
Tree Score: 11722.224623879692
Score Improvement: 0.06673471946593001

Step Number: 3
Time Spent: 5.871524584 seconds
New Tree:
Tree: ((((((14,15),16),(17,18)),(9,((10,11),(12,13)))),((8,(5,(6,7))),(((0,1),2),(3,4)))),(((((19,20),21),22),((23,(24,(25,26))),((27,28),29))),(((35,36),(33,34)),((30,31),32))));
Tree Score: 11815.260598084524
Score Improvement: 0.00793671655253081

Step Number: 4
Time Spent: 5.922324061 seconds
New Tree:
Tree: ((((((14,15),16),(17,18)),(9,((10,11),(12,13)))),((8,(5,(6,7))),(((0,1),2),(3,4)))),(((((19,20),21),22),(((25,26),(24,23)),((27,28),29))),(((35,36),(33,34)),((30,31),32))));
Tree Score: 11838.132822881087
Score Improvement: 0.0019358205946191642

Step Number: 5
Time Spent: 5.656747412 seconds
New Tree:
Tree: ((((((14,15),16),(17,18)),(9,((10,11),(12,13)))),((8,(5,(6,7))),(((3,4),2),(0,1)))),(((((19,20),21),22),(((25,26),(24,23)),((27,28),29))),(((35,36),(33,34)),((30,31),32))));
Tree Score: 11852.152648571979
Score Improvement: 0.001184293663591518

Step Number: 6
Time Spent: 5.401954257 seconds
New Tree:
Tree: ((((((16,15),14),(17,18)),(9,((10,11),(12,13)))),((8,(5,(6,7))),(((3,4),2),(0,1)))),(((((19,20),21),22),(((25,26),(24,23)),((27,28),29))),(((35,36),(33,34)),((30,31),32))));
Tree Score: 11865.316023748468
Score Improvement: 0.0011106315929938493

Step Number: 7
Time Spent: 5.079800651 seconds
New Tree:
Tree: ((((((16,15),14),(17,18)),(9,((10,11),(12,13)))),((8,(5,(6,7))),(((3,4),2),(0,1)))),(((((19,20),21),22),(((25,26),(24,23)),((27,28),29))),(((35,36),(33,34)),((30,31),32))));
Tree Score: 11865.316023748468
Score Improvement: 0.0

TOTAL STEPS: 7
TOTAL TIME: 40.937135862 seconds
Final tree: Tree: ((((((16,15),14),(17,18)),(9,((10,11),(12,13)))),((8,(5,(6,7))),(((3,4),2),(0,1)))),(((((19,20),21),22),(((25,26),(24,23)),((27,28),29))),(((35,36),(33,34)),((30,31),32))));
Tree Score: 11865.316023748468
Total Score Improvement: 0.16077038389850395

--------------ITERATION 14--------------
Input tree: (((((0,1),((2,3),4)),(5,6)),(7,8)),(((((9,((10,11),12)),(((13,(14,15)),(16,17)),(18,19))),(((((20,21),((22,23),24)),25),((26,27),(28,29))),30)),(31,(((32,33),34),35))),36));
Initial Score: 9616.13087841492

Step Number: 1
Time Spent: 6.486008103 seconds
New Tree:
Tree: (((((0,1),((2,3),4)),(5,6)),(7,8)),(((((9,((10,11),12)),(((13,(14,15)),(16,17)),(18,19))),((30,((26,27),(28,29))),(((20,21),((22,23),24)),25))),(31,(((32,33),34),35))),36));
Tree Score: 10834.275628867983
Score Improvement: 0.1266772224562167

Step Number: 2
Time Spent: 6.517681683 seconds
New Tree:
Tree: (((((0,1),((2,3),4)),(5,6)),(7,8)),(((((9,((10,11),12)),(((13,(14,15)),(16,17)),(18,19))),(((28,29),((26,27),30)),(((20,21),((22,23),24)),25))),(31,(((32,33),34),35))),36));
Tree Score: 11051.406378756701
Score Improvement: 0.02004109525422937

Step Number: 3
Time Spent: 5.950580377 seconds
New Tree:
Tree: (((((0,1),((2,3),4)),(5,6)),36),(((((9,((10,11),12)),(((13,(14,15)),(16,17)),(18,19))),(((28,29),((26,27),30)),(((20,21),((22,23),24)),25))),(31,(((32,33),34),35))),(7,8)));
Tree Score: 11261.972279563213
Score Improvement: 0.019053312636414077

Step Number: 4
Time Spent: 5.937045137 seconds
New Tree:
Tree: (((((0,1),((2,3),4)),(5,6)),36),(((((9,((10,11),12)),(((13,(14,15)),(16,17)),(18,19))),(((28,29),((26,27),30)),((25,((22,23),24)),(20,21)))),(31,(((32,33),34),35))),(7,8)));
Tree Score: 11465.002403622684
Score Improvement: 0.018027936760944163

Step Number: 5
Time Spent: 5.613620629 seconds
New Tree:
Tree: (((((0,1),((2,3),4)),(5,6)),36),(((((9,((10,11),12)),(((13,(14,15)),(16,17)),(18,19))),(((28,29),((26,27),30)),((25,((22,23),24)),(20,21)))),(31,((35,34),(32,33)))),(7,8)));
Tree Score: 11523.799703466722
Score Improvement: 0.0051284158322948414

Step Number: 6
Time Spent: 5.287728978 seconds
New Tree:
Tree: (((((0,1),((2,3),4)),(5,6)),36),(((((9,((10,11),12)),(((13,(14,15)),(16,17)),(18,19))),(((28,29),((26,27),30)),(((22,23),(25,24)),(20,21)))),(31,((35,34),(32,33)))),(7,8)));
Tree Score: 11549.639453978294
Score Improvement: 0.002242294310599524

Step Number: 7
Time Spent: 5.247116131 seconds
New Tree:
Tree: (((((0,1),((2,3),4)),(5,6)),36),(((((9,((12,11),10)),(((13,(14,15)),(16,17)),(18,19))),(((28,29),((26,27),30)),(((22,23),(25,24)),(20,21)))),(31,((35,34),(32,33)))),(7,8)));
Tree Score: 11553.728478548133
Score Improvement: 3.540391530083564E-4

Step Number: 8
Time Spent: 5.371532372 seconds
New Tree:
Tree: (((((0,1),((2,3),4)),(5,6)),36),((((((12,11),(9,10)),(((13,(14,15)),(16,17)),(18,19))),(((28,29),((26,27),30)),(((22,23),(25,24)),(20,21)))),(31,((35,34),(32,33)))),(7,8)));
Tree Score: 11684.694403332674
Score Improvement: 0.011335381909632458

Step Number: 9
Time Spent: 5.096948641 seconds
New Tree:
Tree: (((((0,1),((2,3),4)),(5,6)),36),((((((12,11),(9,10)),(((13,(14,15)),(16,17)),(18,19))),(((28,29),((26,27),30)),(((22,23),(25,24)),(20,21)))),(31,((35,34),(32,33)))),(7,8)));
Tree Score: 11684.694403332674
Score Improvement: 0.0

TOTAL STEPS: 9
TOTAL TIME: 51.508262051 seconds
Final tree: Tree: (((((0,1),((2,3),4)),(5,6)),36),((((((12,11),(9,10)),(((13,(14,15)),(16,17)),(18,19))),(((28,29),((26,27),30)),(((22,23),(25,24)),(20,21)))),(31,((35,34),(32,33)))),(7,8)));
Tree Score: 11684.694403332674
Total Score Improvement: 0.2151139113092777

--------------ITERATION 15--------------
Input tree: ((((((((0,1),2),(3,4)),((5,6),((7,8),9))),(10,((11,12),13))),(((((14,15),16),17),(18,(19,20))),(21,22))),(((23,24),((25,26),27)),(28,29))),((30,31),((32,33),((34,35),36))));
Initial Score: 12847.18945146768

Step Number: 1
Time Spent: 5.387388927 seconds
New Tree:
Tree: ((((((((0,1),2),(3,4)),((5,6),((7,8),9))),(10,((11,12),13))),(((21,22),(18,(19,20))),(((14,15),16),17))),(((23,24),((25,26),27)),(28,29))),((30,31),((32,33),((34,35),36))));
Tree Score: 13462.30445131703
Score Improvement: 0.0478793437407492

Step Number: 2
Time Spent: 5.912282421 seconds
New Tree:
Tree: ((((((10,((11,12),13)),((5,6),((7,8),9))),(((0,1),2),(3,4))),(((21,22),(18,(19,20))),(((14,15),16),17))),(((23,24),((25,26),27)),(28,29))),((30,31),((32,33),((34,35),36))));
Tree Score: 13671.072001244405
Score Improvement: 0.015507564153101061

Step Number: 3
Time Spent: 5.967235638 seconds
New Tree:
Tree: ((((((10,((11,12),13)),((5,6),((7,8),9))),(((21,22),(18,(19,20))),(((14,15),16),17))),(((0,1),2),(3,4))),(((23,24),((25,26),27)),(28,29))),((30,31),((32,33),((34,35),36))));
Tree Score: 14723.041026142424
Score Improvement: 0.07694853957336067

Step Number: 4
Time Spent: 5.666313084 seconds
New Tree:
Tree: (((((((11,12),(10,13)),((5,6),((7,8),9))),(((21,22),(18,(19,20))),(((14,15),16),17))),(((0,1),2),(3,4))),(((23,24),((25,26),27)),(28,29))),((30,31),((32,33),((34,35),36))));
Tree Score: 14797.796076034194
Score Improvement: 0.005077419111923609

Step Number: 5
Time Spent: 5.376300227 seconds
New Tree:
Tree: (((((((11,12),(10,13)),((5,6),((7,8),9))),(((21,22),(18,(19,20))),(((16,15),14),17))),(((0,1),2),(3,4))),(((23,24),((25,26),27)),(28,29))),((30,31),((32,33),((34,35),36))));
Tree Score: 14808.386576292103
Score Improvement: 7.156809165023148E-4

Step Number: 6
Time Spent: 5.038229442 seconds
New Tree:
Tree: (((((((11,12),(10,13)),((5,6),((7,8),9))),(((21,22),(18,(19,20))),(((16,15),14),17))),(((2,1),0),(3,4))),(((23,24),((25,26),27)),(28,29))),((30,31),((32,33),((34,35),36))));
Tree Score: 14813.221976538187
Score Improvement: 3.2653120049053186E-4

Step Number: 7
Time Spent: 4.896520361 seconds
New Tree:
Tree: (((((((11,12),(10,13)),((5,6),((7,8),9))),(((21,22),(18,(19,20))),(((16,15),14),17))),(((2,1),0),(3,4))),(((23,24),((27,26),25)),(28,29))),((30,31),((32,33),((34,35),36))));
Tree Score: 14813.378251050597
Score Improvement: 1.0549663851611157E-5

Step Number: 8
Time Spent: 4.517210254 seconds
New Tree:
Tree: (((((((11,12),(10,13)),((5,6),((7,8),9))),(((21,22),(18,(19,20))),(((16,15),14),17))),(((2,1),0),(3,4))),(((23,24),((27,26),25)),(28,29))),((30,31),((32,33),((34,35),36))));
Tree Score: 14813.378251050597
Score Improvement: 0.0

TOTAL STEPS: 8
TOTAL TIME: 42.761480354 seconds
Final tree: Tree: (((((((11,12),(10,13)),((5,6),((7,8),9))),(((21,22),(18,(19,20))),(((16,15),14),17))),(((2,1),0),(3,4))),(((23,24),((27,26),25)),(28,29))),((30,31),((32,33),((34,35),36))));
Tree Score: 14813.378251050597
Total Score Improvement: 0.1530442753265615

--------------ITERATION 16--------------
Input tree: (((((0,((1,2),(3,4))),(((5,6),(7,8)),((9,10),(11,12)))),13),(14,15)),(((((16,((((17,18),19),(20,21)),22)),23),24),((((25,(26,(27,28))),29),(30,31)),((32,(33,34)),35))),36));
Initial Score: 8200.564424884167

Step Number: 1
Time Spent: 5.953942467 seconds
New Tree:
Tree: (((((0,((1,2),(3,4))),(((5,6),(7,8)),((9,10),(11,12)))),13),(14,15)),((((24,23),(16,((((17,18),19),(20,21)),22))),((((25,(26,(27,28))),29),(30,31)),((32,(33,34)),35))),36));
Tree Score: 8516.30742491096
Score Improvement: 0.03850259368351372

Step Number: 2
Time Spent: 5.270587761 seconds
New Tree:
Tree: (((((0,((1,2),(3,4))),(((5,6),(7,8)),((9,10),(11,12)))),13),(14,15)),((((24,23),(16,((((20,21),19),(17,18)),22))),((((25,(26,(27,28))),29),(30,31)),((32,(33,34)),35))),36));
Tree Score: 8548.051550041779
Score Improvement: 0.0037274517636558535

Step Number: 3
Time Spent: 5.227918439 seconds
New Tree:
Tree: (((((0,((1,2),(3,4))),(((5,6),(7,8)),((9,10),(11,12)))),13),(14,15)),((((24,23),(16,((((20,19),21),(17,18)),22))),((((25,(26,(27,28))),29),(30,31)),((32,(33,34)),35))),36));
Tree Score: 8550.813149671896
Score Improvement: 3.230677323307063E-4

Step Number: 4
Time Spent: 4.970801385 seconds
New Tree:
Tree: (((((0,((1,2),(3,4))),(((5,6),(7,8)),((9,10),(11,12)))),13),(14,15)),((((24,23),(16,((((20,19),21),22),(17,18)))),((((25,(26,(27,28))),29),(30,31)),((32,(33,34)),35))),36));
Tree Score: 8559.4834254681
Score Improvement: 0.0010139709106540273

Step Number: 5
Time Spent: 4.960002665 seconds
New Tree:
Tree: (((((0,((1,2),(3,4))),(((5,6),(7,8)),((9,10),(11,12)))),13),(14,15)),((((24,23),((((20,19),21),22),(16,(17,18)))),((((25,(26,(27,28))),29),(30,31)),((32,(33,34)),35))),36));
Tree Score: 8909.284800190373
Score Improvement: 0.040867112807469796

Step Number: 6
Time Spent: 4.825901744 seconds
New Tree:
Tree: (((((0,((1,2),(3,4))),(((5,6),(7,8)),((9,10),(11,12)))),13),(14,15)),((((24,23),((((25,(26,(27,28))),29),(30,31)),((32,(33,34)),35))),((((20,19),21),22),(16,(17,18)))),36));
Tree Score: 9578.486198663606
Score Improvement: 0.07511280798419806

Step Number: 7
Time Spent: 4.859469769 seconds
New Tree:
Tree: (((((0,((1,2),(3,4))),(((5,6),(7,8)),((9,10),(11,12)))),13),(14,15)),(((((32,(33,34)),35),((((25,(26,(27,28))),29),(30,31)),(24,23))),((((20,19),21),22),(16,(17,18)))),36));
Tree Score: 10488.46577476327
Score Improvement: 0.09500244164120897

Step Number: 8
Time Spent: 4.423923182 seconds
New Tree:
Tree: (((((0,((1,2),(3,4))),(((5,6),(7,8)),((9,10),(11,12)))),13),(14,15)),(((((32,(33,34)),35),((((25,(26,(27,28))),29),(30,31)),(24,23))),((((20,19),21),22),(16,(17,18)))),36));
Tree Score: 10488.46577476327
Score Improvement: 0.0

TOTAL STEPS: 8
TOTAL TIME: 40.492547412 seconds
Final tree: Tree: (((((0,((1,2),(3,4))),(((5,6),(7,8)),((9,10),(11,12)))),13),(14,15)),(((((32,(33,34)),35),((((25,(26,(27,28))),29),(30,31)),(24,23))),((((20,19),21),22),(16,(17,18)))),36));
Tree Score: 10488.46577476327
Total Score Improvement: 0.2789931559999199

--------------ITERATION 17--------------
Input tree: (((((0,(1,2)),(3,4)),(((((5,6),((7,(8,9)),10)),(11,12)),(13,14)),((15,((16,17),18)),19))),((20,21),22)),(((((23,24),25),26),(((27,(28,29)),30),31)),(((32,33),(34,35)),36)));
Initial Score: 11467.874399885706

Step Number: 1
Time Spent: 5.838647289 seconds
New Tree:
Tree: (((((0,(1,2)),(3,4)),(((((5,6),((7,(8,9)),10)),(13,14)),(11,12)),((15,((16,17),18)),19))),((20,21),22)),(((((23,24),25),26),(((27,(28,29)),30),31)),(((32,33),(34,35)),36)));
Tree Score: 11563.537650594702
Score Improvement: 0.008341846742753845

Step Number: 2
Time Spent: 5.698212392 seconds
New Tree:
Tree: (((((0,(1,2)),(3,4)),(((((5,6),((7,(8,9)),10)),(13,14)),(11,12)),((15,((16,17),18)),19))),((20,21),22)),((((26,25),(23,24)),(((27,(28,29)),30),31)),(((32,33),(34,35)),36)));
Tree Score: 11636.602000223687
Score Improvement: 0.006318511846175934

Step Number: 3
Time Spent: 5.380842215 seconds
New Tree:
Tree: (((((0,(1,2)),(3,4)),(((((5,6),((9,(8,7)),10)),(13,14)),(11,12)),((15,((16,17),18)),19))),((20,21),22)),((((26,25),(23,24)),(((27,(28,29)),30),31)),(((32,33),(34,35)),36)));
Tree Score: 11662.50955040588
Score Improvement: 0.0022263844876446726

Step Number: 4
Time Spent: 5.073041062 seconds
New Tree:
Tree: (((((0,(1,2)),(3,4)),(((((5,6),((9,(8,7)),10)),(13,14)),(11,12)),((15,((16,17),18)),19))),((20,21),22)),((((26,25),(23,24)),(((27,30),(28,29)),31)),(((32,33),(34,35)),36)));
Tree Score: 11685.628700295678
Score Improvement: 0.0019823477777123344

Step Number: 5
Time Spent: 4.757765844 seconds
New Tree:
Tree: (((((0,(1,2)),(3,4)),(((((5,6),((9,(8,7)),10)),(13,14)),(11,12)),((15,((16,17),18)),19))),((20,21),22)),((((26,25),(23,24)),(((27,30),(28,29)),31)),(((32,33),(34,35)),36)));
Tree Score: 11685.628700295678
Score Improvement: 0.0

TOTAL STEPS: 5
TOTAL TIME: 26.748508802 seconds
Final tree: Tree: (((((0,(1,2)),(3,4)),(((((5,6),((9,(8,7)),10)),(13,14)),(11,12)),((15,((16,17),18)),19))),((20,21),22)),((((26,25),(23,24)),(((27,30),(28,29)),31)),(((32,33),(34,35)),36)));
Tree Score: 11685.628700295678
Total Score Improvement: 0.01898820067406226

--------------ITERATION 18--------------
Input tree: ((0,(1,2)),((((3,4),(5,((6,(7,(8,9))),10))),(11,(((12,13),(14,15)),16))),((((17,18),(19,20)),((21,22),(((23,24),(25,26)),27))),((((28,(29,30)),31),32),(((33,34),35),36)))));
Initial Score: 9506.255125990778

Step Number: 1
Time Spent: 5.143564556 seconds
New Tree:
Tree: ((0,(1,2)),(((((28,(29,30)),31),32),(((33,34),35),36)),((((17,18),(19,20)),((21,22),(((23,24),(25,26)),27))),(((3,4),(5,((6,(7,(8,9))),10))),(11,(((12,13),(14,15)),16))))));
Tree Score: 10767.749672524224
Score Improvement: 0.13270152439780736

Step Number: 2
Time Spent: 4.884134498 seconds
New Tree:
Tree: ((0,(1,2)),(((((28,(29,30)),31),32),((((17,18),(19,20)),((21,22),(((23,24),(25,26)),27))),(((3,4),(5,((6,(7,(8,9))),10))),(11,(((12,13),(14,15)),16))))),(((33,34),35),36)));
Tree Score: 11339.062349214742
Score Improvement: 0.053057759890938305

Step Number: 3
Time Spent: 5.19593567 seconds
New Tree:
Tree: ((0,(1,2)),((((32,31),(28,(29,30))),((((17,18),(19,20)),((21,22),(((23,24),(25,26)),27))),(((3,4),(5,((6,(7,(8,9))),10))),(11,(((12,13),(14,15)),16))))),(((33,34),35),36)));
Tree Score: 11659.810949972423
Score Improvement: 0.02828704798328352

Step Number: 4
Time Spent: 4.85788521 seconds
New Tree:
Tree: ((0,(1,2)),((((32,31),(28,(29,30))),((((17,18),(19,20)),((21,22),(((23,24),(25,26)),27))),((((6,(7,(8,9))),10),(5,(3,4))),(11,(((12,13),(14,15)),16))))),(((33,34),35),36)));
Tree Score: 11823.248824574242
Score Improvement: 0.014017197646090995

Step Number: 5
Time Spent: 4.860617052 seconds
New Tree:
Tree: ((0,(1,2)),((((32,31),(28,(29,30))),((((17,18),(19,20)),((21,22),((27,(25,26)),(23,24)))),((((6,(7,(8,9))),10),(5,(3,4))),(11,(((12,13),(14,15)),16))))),(((33,34),35),36)));
Tree Score: 11946.3439501768
Score Improvement: 0.010411277596282131

Step Number: 6
Time Spent: 4.789634423 seconds
New Tree:
Tree: ((0,(1,2)),((((32,31),(28,(29,30))),((((17,18),(19,20)),((21,22),((27,(25,26)),(23,24)))),(((((8,9),(7,6)),10),(5,(3,4))),(11,(((12,13),(14,15)),16))))),(((33,34),35),36)));
Tree Score: 11988.964875152524
Score Improvement: 0.003567696121380415

Step Number: 7
Time Spent: 4.505586779 seconds
New Tree:
Tree: ((0,(1,2)),((((32,31),(28,(29,30))),((((17,18),(19,20)),((21,22),((27,(25,26)),(23,24)))),(((((8,9),(7,6)),10),(5,(3,4))),(11,(((12,13),(14,15)),16))))),(((35,34),33),36)));
Tree Score: 11997.492650156099
Score Improvement: 7.113020258529001E-4

Step Number: 8
Time Spent: 4.523646338 seconds
New Tree:
Tree: ((0,(1,2)),((((32,31),(28,(29,30))),((((17,18),(19,20)),((21,22),((25,(27,26)),(23,24)))),(((((8,9),(7,6)),10),(5,(3,4))),(11,(((12,13),(14,15)),16))))),(((35,34),33),36)));
Tree Score: 11997.648924668509
Score Improvement: 1.302559767846212E-5

Step Number: 9
Time Spent: 4.236407157 seconds
New Tree:
Tree: ((0,(1,2)),((((32,31),(28,(29,30))),((((17,18),(19,20)),((21,22),((25,(27,26)),(23,24)))),(((((8,9),(7,6)),10),(5,(3,4))),(11,(((12,13),(14,15)),16))))),(((35,34),33),36)));
Tree Score: 11997.648924668509
Score Improvement: 0.0

TOTAL STEPS: 9
TOTAL TIME: 42.997411683 seconds
Final tree: Tree: ((0,(1,2)),((((32,31),(28,(29,30))),((((17,18),(19,20)),((21,22),((25,(27,26)),(23,24)))),(((((8,9),(7,6)),10),(5,(3,4))),(11,(((12,13),(14,15)),16))))),(((35,34),33),36)));
Tree Score: 11997.648924668509
Total Score Improvement: 0.2620794167270015

--------------ITERATION 19--------------
Input tree: ((((((0,(1,2)),3),((4,((5,6),7)),8)),(((((9,10),(11,12)),(13,14)),(15,16)),(((17,18),(19,20)),21))),(((22,(23,(24,25))),((((26,27),28),29),(30,(31,32)))),(33,34))),(35,36));
Initial Score: 10073.852848401932

Step Number: 1
Time Spent: 7.103991646 seconds
New Tree:
Tree: (((33,34),(((22,(23,(24,25))),((((26,27),28),29),(30,(31,32)))),((((0,(1,2)),3),((4,((5,6),7)),8)),(((((9,10),(11,12)),(13,14)),(15,16)),(((17,18),(19,20)),21))))),(35,36));
Tree Score: 11977.32212463411
Score Improvement: 0.18895146721684908

Step Number: 2
Time Spent: 6.582638966 seconds
New Tree:
Tree: (((33,34),(((22,(23,(24,25))),((((26,27),28),29),(30,(31,32)))),((((0,(1,2)),3),((4,((5,6),7)),8)),(((((17,18),(19,20)),21),(15,16)),(((9,10),(11,12)),(13,14)))))),(35,36));
Tree Score: 12498.092701418847
Score Improvement: 0.04347971703237841

Step Number: 3
Time Spent: 5.9194642 seconds
New Tree:
Tree: (((33,34),(((22,(23,(24,25))),((((26,27),28),29),(30,(31,32)))),((((0,(1,2)),3),((4,((5,6),7)),8)),((((21,(19,20)),(17,18)),(15,16)),(((9,10),(11,12)),(13,14)))))),(35,36));
Tree Score: 12542.793776378558
Score Improvement: 0.003576631733147151

Step Number: 4
Time Spent: 5.722508847 seconds
New Tree:
Tree: (((33,34),(((22,(23,(24,25))),((((26,27),28),29),(30,(31,32)))),((((0,(1,2)),3),((4,((5,6),7)),8)),((((21,(19,20)),(17,18)),(15,16)),(((9,10),(13,14)),(11,12)))))),(35,36));
Tree Score: 12571.815501085073
Score Improvement: 0.0023138166204383914

Step Number: 5
Time Spent: 5.283124551 seconds
New Tree:
Tree: (((33,34),(((22,(23,(24,25))),((((28,27),26),29),(30,(31,32)))),((((0,(1,2)),3),((4,((5,6),7)),8)),((((21,(19,20)),(17,18)),(15,16)),(((9,10),(13,14)),(11,12)))))),(35,36));
Tree Score: 12583.37842593208
Score Improvement: 9.197498043149732E-4

Step Number: 6
Time Spent: 5.073006491 seconds
New Tree:
Tree: (((33,34),(((22,(25,(24,23))),((((28,27),26),29),(30,(31,32)))),((((0,(1,2)),3),((4,((5,6),7)),8)),((((21,(19,20)),(17,18)),(15,16)),(((9,10),(13,14)),(11,12)))))),(35,36));
Tree Score: 12589.331726080329
Score Improvement: 4.7310825016433355E-4

Step Number: 7
Time Spent: 4.998528374 seconds
New Tree:
Tree: (((33,34),(((22,(25,(24,23))),((((28,27),26),29),(30,(31,32)))),((((0,(1,2)),3),((4,((7,6),5)),8)),((((21,(19,20)),(17,18)),(15,16)),(((9,10),(13,14)),(11,12)))))),(35,36));
Tree Score: 12589.842926293419
Score Improvement: 4.060582596543405E-5

Step Number: 8
Time Spent: 4.699731929 seconds
New Tree:
Tree: (((33,34),(((22,(25,(24,23))),((((28,27),26),29),(30,(31,32)))),((((0,(1,2)),3),(((7,6),(4,5)),8)),((((21,(19,20)),(17,18)),(15,16)),(((9,10),(13,14)),(11,12)))))),(35,36));
Tree Score: 12653.718726326231
Score Improvement: 0.005073597852393474

Step Number: 9
Time Spent: 4.286300024 seconds
New Tree:
Tree: (((33,34),(((22,(25,(24,23))),((((28,27),26),29),(30,(31,32)))),((((0,(1,2)),3),(((7,6),(4,5)),8)),((((21,(19,20)),(17,18)),(15,16)),(((9,10),(13,14)),(11,12)))))),(35,36));
Tree Score: 12653.718726326231
Score Improvement: 0.0

TOTAL STEPS: 9
TOTAL TIME: 49.669295028 seconds
Final tree: Tree: (((33,34),(((22,(25,(24,23))),((((28,27),26),29),(30,(31,32)))),((((0,(1,2)),3),(((7,6),(4,5)),8)),((((21,(19,20)),(17,18)),(15,16)),(((9,10),(13,14)),(11,12)))))),(35,36));
Tree Score: 12653.718726326231
Total Score Improvement: 0.25609525141451295

--------------ITERATION 20--------------
Input tree: ((((((0,(1,2)),3),(4,((5,((6,7),8)),(9,10)))),((11,12),13)),((14,(15,16)),17)),(((18,(19,((20,21),22))),((23,((24,25),26)),((27,28),(((29,30),(31,32)),33)))),((34,35),36)));
Initial Score: 10130.19975043111

Step Number: 1
Time Spent: 5.525955151 seconds
New Tree:
Tree: (((((14,(15,16)),17),((11,12),13)),(((0,(1,2)),3),(4,((5,((6,7),8)),(9,10))))),(((18,(19,((20,21),22))),((23,((24,25),26)),((27,28),(((29,30),(31,32)),33)))),((34,35),36)));
Tree Score: 10672.794974768762
Score Improvement: 0.053562144647203214

Step Number: 2
Time Spent: 5.300350694 seconds
New Tree:
Tree: (((((14,(15,16)),17),((11,12),13)),(((5,((6,7),8)),(9,10)),(4,((0,(1,2)),3)))),(((18,(19,((20,21),22))),((23,((24,25),26)),((27,28),(((29,30),(31,32)),33)))),((34,35),36)));
Tree Score: 10958.153525051888
Score Improvement: 0.02673700290858516

Step Number: 3
Time Spent: 5.005494204 seconds
New Tree:
Tree: (((4,((0,(1,2)),3)),(((5,((6,7),8)),(9,10)),(((14,(15,16)),17),((11,12),13)))),(((18,(19,((20,21),22))),((23,((24,25),26)),((27,28),(((29,30),(31,32)),33)))),((34,35),36)));
Tree Score: 11382.703874892492
Score Improvement: 0.03874287295482959

Step Number: 4
Time Spent: 4.988443922 seconds
New Tree:
Tree: (((4,((0,(1,2)),3)),((34,35),36)),(((18,(19,((20,21),22))),((23,((24,25),26)),((27,28),(((29,30),(31,32)),33)))),(((5,((6,7),8)),(9,10)),(((14,(15,16)),17),((11,12),13)))));
Tree Score: 13117.825679109368
Score Improvement: 0.15243494193362417

Step Number: 5
Time Spent: 5.044569006 seconds
New Tree:
Tree: (((4,((0,(1,2)),3)),((34,35),36)),(((18,(19,((20,21),22))),(((5,((6,7),8)),(9,10)),(((14,(15,16)),17),((11,12),13)))),((23,((24,25),26)),((27,28),(((29,30),(31,32)),33)))));
Tree Score: 15242.430726274784
Score Improvement: 0.161963201763607

Step Number: 6
Time Spent: 4.81187489 seconds
New Tree:
Tree: (((4,((0,(1,2)),3)),((34,35),36)),(((18,(19,((20,21),22))),(((5,((6,7),8)),(9,10)),(((14,(15,16)),17),((11,12),13)))),((23,((24,25),26)),((27,28),(((29,30),33),(31,32))))));
Tree Score: 15285.985625907715
Score Improvement: 0.002857477289226029

Step Number: 7
Time Spent: 4.41982294 seconds
New Tree:
Tree: (((4,((0,(1,2)),3)),((34,35),36)),(((18,(19,((20,21),22))),(((5,((6,7),8)),(9,10)),(((14,(15,16)),17),((11,12),13)))),((23,((24,25),26)),((31,32),(((29,30),33),(27,28))))));
Tree Score: 15299.797600708838
Score Improvement: 9.035710970257682E-4

Step Number: 8
Time Spent: 4.465313431 seconds
New Tree:
Tree: (((4,((0,(1,2)),3)),((34,35),36)),(((18,(19,((20,21),22))),(((5,((8,7),6)),(9,10)),(((14,(15,16)),17),((11,12),13)))),((23,((24,25),26)),((31,32),(((29,30),33),(27,28))))));
Tree Score: 15312.834076337453
Score Improvement: 8.52068502397163E-4

Step Number: 9
Time Spent: 4.136418046 seconds
New Tree:
Tree: (((4,((0,(1,2)),3)),((34,35),36)),(((18,(22,((20,21),19))),(((5,((8,7),6)),(9,10)),(((14,(15,16)),17),((11,12),13)))),((23,((24,25),26)),((31,32),(((29,30),33),(27,28))))));
Tree Score: 15313.557951487537
Score Improvement: 4.727244783531148E-5

Step Number: 10
Time Spent: 4.134848293 seconds
New Tree:
Tree: (((4,((0,(1,2)),3)),((34,35),36)),(((18,(22,((20,19),21))),(((5,((8,7),6)),(9,10)),(((14,(15,16)),17),((11,12),13)))),((23,((24,25),26)),((31,32),(((29,30),33),(27,28))))));
Tree Score: 15325.613151259657
Score Improvement: 7.872239626030009E-4

Step Number: 11
Time Spent: 3.870791601 seconds
New Tree:
Tree: (((4,((0,(1,2)),3)),((34,35),36)),(((18,(22,((20,19),21))),(((5,((8,7),6)),(9,10)),(((14,(15,16)),17),((11,12),13)))),((23,((24,25),26)),((31,32),(((29,30),33),(27,28))))));
Tree Score: 15325.613151259657
Score Improvement: 0.0

TOTAL STEPS: 11
TOTAL TIME: 51.703882178 seconds
Final tree: Tree: (((4,((0,(1,2)),3)),((34,35),36)),(((18,(22,((20,19),21))),(((5,((8,7),6)),(9,10)),(((14,(15,16)),17),((11,12),13)))),((23,((24,25),26)),((31,32),(((29,30),33),(27,28))))));
Tree Score: 15325.613151259657
Total Score Improvement: 0.5128638653554138

--------------ITERATION 21--------------
Input tree: (((0,1),(2,(3,4))),(((((5,6),(7,8)),((((9,10),(11,(12,13))),((14,15),16)),((17,18),(19,20)))),(((21,22),23),(24,(25,26)))),(((27,(28,29)),(30,31)),((32,((33,34),35)),36))));
Initial Score: 11793.770748697872

Step Number: 1
Time Spent: 6.177604499 seconds
New Tree:
Tree: (((0,1),(2,(3,4))),(((((17,18),(19,20)),((((9,10),(11,(12,13))),((14,15),16)),((5,6),(7,8)))),(((21,22),23),(24,(25,26)))),(((27,(28,29)),(30,31)),((32,((33,34),35)),36))));
Tree Score: 11962.911426236078
Score Improvement: 0.014341526653541159

Step Number: 2
Time Spent: 5.702765345 seconds
New Tree:
Tree: (((0,1),(2,(3,4))),(((((27,(28,29)),(30,31)),((32,((33,34),35)),36)),(((21,22),23),(24,(25,26)))),(((17,18),(19,20)),((((9,10),(11,(12,13))),((14,15),16)),((5,6),(7,8))))));
Tree Score: 12331.486624618145
Score Improvement: 0.030809824235071837

Step Number: 3
Time Spent: 5.366464618 seconds
New Tree:
Tree: (((0,1),(2,(3,4))),(((((27,(28,29)),(30,31)),((32,((35,34),33)),36)),(((21,22),23),(24,(25,26)))),(((17,18),(19,20)),((((9,10),(11,(12,13))),((14,15),16)),((5,6),(7,8))))));
Tree Score: 12336.688924571583
Score Improvement: 4.218712724426421E-4

Step Number: 4
Time Spent: 5.633717528 seconds
New Tree:
Tree: (((0,1),(2,(3,4))),(((((27,(28,29)),(30,31)),(((35,34),(32,33)),36)),(((21,22),23),(24,(25,26)))),(((17,18),(19,20)),((((9,10),(11,(12,13))),((14,15),16)),((5,6),(7,8))))));
Tree Score: 12390.815299320118
Score Improvement: 0.004387431269400777

Step Number: 5
Time Spent: 5.471960227 seconds
New Tree:
Tree: (((0,1),(2,(3,4))),(((((27,(28,29)),(30,31)),(((35,34),(32,33)),36)),(((21,22),23),(24,(25,26)))),(((17,18),(19,20)),((((9,10),(11,(12,13))),((14,15),16)),((5,6),(7,8))))));
Tree Score: 12390.815299320118
Score Improvement: 0.0

TOTAL STEPS: 5
TOTAL TIME: 28.352512217 seconds
Final tree: Tree: (((0,1),(2,(3,4))),(((((27,(28,29)),(30,31)),(((35,34),(32,33)),36)),(((21,22),23),(24,(25,26)))),(((17,18),(19,20)),((((9,10),(11,(12,13))),((14,15),16)),((5,6),(7,8))))));
Tree Score: 12390.815299320118
Total Score Improvement: 0.05062372021163508

--------------ITERATION 22--------------
Input tree: (((0,1),(((2,3),(4,5)),((6,7),(8,9)))),((10,(11,(12,(13,14)))),((((15,16),17),(((((18,19),(20,21)),22),(23,24)),(25,26))),(((27,28),29),(30,((31,32),((33,34),(35,36))))))));
Initial Score: 11344.488722672686

Step Number: 1
Time Spent: 5.411472786 seconds
New Tree:
Tree: (((0,1),(((2,3),(4,5)),((6,7),(8,9)))),((10,(11,(12,(13,14)))),((((15,16),17),(((((18,19),(20,21)),22),(23,24)),(25,26))),(((31,32),((33,34),(35,36))),(30,((27,28),29))))));
Tree Score: 11707.17079736339
Score Improvement: 0.03196989159730568

Step Number: 2
Time Spent: 5.487230814 seconds
New Tree:
Tree: (((0,1),(((2,3),(4,5)),((6,7),(8,9)))),((10,(11,(12,(13,14)))),((((15,16),17),(((25,26),(23,24)),(((18,19),(20,21)),22))),(((31,32),((33,34),(35,36))),(30,((27,28),29))))));
Tree Score: 11879.174446925987
Score Improvement: 0.014692161969767747

Step Number: 3
Time Spent: 5.28024241 seconds
New Tree:
Tree: (((0,1),(((2,3),(4,5)),((6,7),(8,9)))),((10,((13,14),(12,11))),((((15,16),17),(((25,26),(23,24)),(((18,19),(20,21)),22))),(((31,32),((33,34),(35,36))),(30,((27,28),29))))));
Tree Score: 11927.098821912427
Score Improvement: 0.004034318647357038

Step Number: 4
Time Spent: 5.187389263 seconds
New Tree:
Tree: (((0,1),(((2,3),(4,5)),((6,7),(8,9)))),(((12,11),((13,14),10)),((((15,16),17),(((25,26),(23,24)),(((18,19),(20,21)),22))),(((31,32),((33,34),(35,36))),(30,((27,28),29))))));
Tree Score: 12200.72192182066
Score Improvement: 0.02294129561545466

Step Number: 5
Time Spent: 5.025911465 seconds
New Tree:
Tree: (((0,1),(((2,3),(4,5)),((6,7),(8,9)))),(((12,11),((13,14),10)),((((15,16),17),(((25,26),(23,24)),(((18,19),(20,21)),22))),(((31,32),(30,((27,28),29))),((33,34),(35,36))))));
Tree Score: 12201.890022849198
Score Improvement: 9.5740320615878E-5

Step Number: 6
Time Spent: 4.753661831 seconds
New Tree:
Tree: (((0,1),(((2,3),(4,5)),((6,7),(8,9)))),(((12,11),((13,14),10)),((((15,16),17),(((25,26),(23,24)),(((18,19),(20,21)),22))),(((31,32),(30,((27,28),29))),((33,34),(35,36))))));
Tree Score: 12201.890022849198
Score Improvement: 0.0

TOTAL STEPS: 6
TOTAL TIME: 31.145908569 seconds
Final tree: Tree: (((0,1),(((2,3),(4,5)),((6,7),(8,9)))),(((12,11),((13,14),10)),((((15,16),17),(((25,26),(23,24)),(((18,19),(20,21)),22))),(((31,32),(30,((27,28),29))),((33,34),(35,36))))));
Tree Score: 12201.890022849198
Total Score Improvement: 0.07557866389015322

--------------ITERATION 23--------------
Input tree: (((0,((1,2),(3,4))),5),(((6,((((7,8),9),10),(((11,(12,13)),14),(15,16)))),((17,(((18,19),20),21)),(((22,23),(((24,25),(26,27)),(28,29))),30))),((31,32),((33,34),(35,36)))));
Initial Score: 9367.710876241967

Step Number: 1
Time Spent: 5.798383998 seconds
New Tree:
Tree: (((0,((1,2),(3,4))),5),((((((11,(12,13)),14),(15,16)),((((7,8),9),10),6)),((17,(((18,19),20),21)),(((22,23),(((24,25),(26,27)),(28,29))),30))),((31,32),((33,34),(35,36)))));
Tree Score: 12050.632727112505
Score Improvement: 0.2864010094157434

Step Number: 2
Time Spent: 5.820618251 seconds
New Tree:
Tree: (((0,((1,2),(3,4))),5),(((((22,23),(((24,25),(26,27)),(28,29))),30),((17,(((18,19),20),21)),((((11,(12,13)),14),(15,16)),((((7,8),9),10),6)))),((31,32),((33,34),(35,36)))));
Tree Score: 12870.348675408051
Score Improvement: 0.06802264801011515

Step Number: 3
Time Spent: 5.76992626 seconds
New Tree:
Tree: (((0,((1,2),(3,4))),5),(((((22,23),(((28,29),(26,27)),(24,25))),30),((17,(((18,19),20),21)),((((11,(12,13)),14),(15,16)),((((7,8),9),10),6)))),((31,32),((33,34),(35,36)))));
Tree Score: 12904.928901108564
Score Improvement: 0.0026868134323809745

Step Number: 4
Time Spent: 5.515210698 seconds
New Tree:
Tree: (((0,((1,2),(3,4))),5),(((((22,23),(((28,29),(26,27)),(24,25))),30),((17,(((20,19),18),21)),((((11,(12,13)),14),(15,16)),((((7,8),9),10),6)))),((31,32),((33,34),(35,36)))));
Tree Score: 12916.244576350437
Score Improvement: 8.768490960768816E-4

Step Number: 5
Time Spent: 5.584011836 seconds
New Tree:
Tree: (((0,((1,2),(3,4))),5),(((((22,23),(((28,29),(26,27)),(24,25))),30),((17,(((20,19),18),21)),((((13,(12,11)),14),(15,16)),((((7,8),9),10),6)))),((31,32),((33,34),(35,36)))));
Tree Score: 12922.952751640812
Score Improvement: 5.193595747372548E-4

Step Number: 6
Time Spent: 5.409985934 seconds
New Tree:
Tree: (((0,((1,2),(3,4))),5),(((((22,23),(((28,29),(26,27)),(24,25))),30),((17,(((20,19),18),21)),((((13,14),(12,11)),(15,16)),((((7,8),9),10),6)))),((31,32),((33,34),(35,36)))));
Tree Score: 12995.21307648404
Score Improvement: 0.005591626482891243

Step Number: 7
Time Spent: 5.146082893 seconds
New Tree:
Tree: (((0,((1,2),(3,4))),5),(((((22,23),(((28,29),(26,27)),(24,25))),30),((17,(((20,19),21),18)),((((13,14),(12,11)),(15,16)),((((7,8),9),10),6)))),((31,32),((33,34),(35,36)))));
Tree Score: 12997.402601045207
Score Improvement: 1.6848700735261346E-4

Step Number: 8
Time Spent: 4.817079812 seconds
New Tree:
Tree: (((0,((1,2),(3,4))),5),(((((22,23),(((28,29),(26,27)),(24,25))),30),((17,(((20,19),21),18)),((((13,14),(12,11)),(15,16)),((((7,8),9),10),6)))),((31,32),((33,34),(35,36)))));
Tree Score: 12997.402601045207
Score Improvement: 0.0

TOTAL STEPS: 8
TOTAL TIME: 43.861299682 seconds
Final tree: Tree: (((0,((1,2),(3,4))),5),(((((22,23),(((28,29),(26,27)),(24,25))),30),((17,(((20,19),21),18)),((((13,14),(12,11)),(15,16)),((((7,8),9),10),6)))),((31,32),((33,34),(35,36)))));
Tree Score: 12997.402601045207
Total Score Improvement: 0.3874683765068718

--------------ITERATION 24--------------
Input tree: (((0,(1,(2,3))),(((4,(5,(6,7))),((8,(9,10)),((((11,12),(13,14)),15),16))),17)),((18,19),((((20,21),(22,23)),((24,25),26)),((27,(28,29)),(((30,31),32),((33,(34,35)),36))))));
Initial Score: 8136.4729991252425

Step Number: 1
Time Spent: 4.780004985 seconds
New Tree:
Tree: (((0,(1,(2,3))),((((20,21),(22,23)),((24,25),26)),((27,(28,29)),(((30,31),32),((33,(34,35)),36))))),((18,19),(((4,(5,(6,7))),((8,(9,10)),((((11,12),(13,14)),15),16))),17)));
Tree Score: 9023.66645079268
Score Improvement: 0.1090390703395463

Step Number: 2
Time Spent: 5.047356511 seconds
New Tree:
Tree: (((0,(1,(2,3))),((((20,21),(22,23)),((24,25),26)),((27,(28,29)),(((30,31),32),((33,(34,35)),36))))),(((4,(5,(6,7))),((8,(9,10)),((((11,12),(13,14)),15),16))),((18,19),17)));
Tree Score: 10089.553924715601
Score Improvement: 0.11812132903353145

Step Number: 3
Time Spent: 4.64259233 seconds
New Tree:
Tree: (((0,(1,(2,3))),((((20,21),(22,23)),((24,25),26)),(((33,(34,35)),36),(((30,31),32),(27,(28,29)))))),(((4,(5,(6,7))),((8,(9,10)),((((11,12),(13,14)),15),16))),((18,19),17)));
Tree Score: 10345.383500119195
Score Improvement: 0.025355885633051356

Step Number: 4
Time Spent: 4.641928977 seconds
New Tree:
Tree: (((0,(1,(2,3))),((((20,21),(22,23)),((24,25),26)),(((33,(34,35)),36),(((30,31),32),(27,(28,29)))))),((((((11,12),(13,14)),15),16),((8,(9,10)),(4,(5,(6,7))))),((18,19),17)));
Tree Score: 10577.973149237358
Score Improvement: 0.022482457911346065

Step Number: 5
Time Spent: 4.472254049 seconds
New Tree:
Tree: (((0,(1,(2,3))),((((20,21),(22,23)),((24,25),26)),(((33,(34,35)),36),(((30,31),32),(27,(28,29)))))),((((((11,12),(13,14)),15),16),((10,(9,8)),(4,(5,(6,7))))),((18,19),17)));
Tree Score: 10598.055999593013
Score Improvement: 0.0018985537278568554

Step Number: 6
Time Spent: 4.448899193 seconds
New Tree:
Tree: (((0,(1,(2,3))),((((20,21),(22,23)),((24,25),26)),(((33,(34,35)),36),(((30,31),32),(27,(28,29)))))),((((((11,12),(13,14)),15),16),((10,(9,8)),((6,7),(5,4)))),((18,19),17)));
Tree Score: 10607.899174729268
Score Improvement: 9.28771761220526E-4

Step Number: 7
Time Spent: 4.11466968 seconds
New Tree:
Tree: (((0,(1,(2,3))),((((20,21),(22,23)),((24,25),26)),(((33,(34,35)),36),(((30,31),32),(27,(28,29)))))),((((((11,12),(13,14)),15),16),((10,(9,8)),((6,7),(5,4)))),((18,19),17)));
Tree Score: 10607.899174729268
Score Improvement: 0.0

TOTAL STEPS: 7
TOTAL TIME: 32.147705725 seconds
Final tree: Tree: (((0,(1,(2,3))),((((20,21),(22,23)),((24,25),26)),(((33,(34,35)),36),(((30,31),32),(27,(28,29)))))),((((((11,12),(13,14)),15),16),((10,(9,8)),((6,7),(5,4)))),((18,19),17)));
Tree Score: 10607.899174729268
Total Score Improvement: 0.3037466204176833

--------------ITERATION 25--------------
Input tree: ((((0,1),((2,3),(4,5))),(((6,7),((8,(9,10)),(11,12))),(13,14))),(((((15,16),17),((18,19),20)),(21,22)),(((23,((24,25),(26,27))),28),(((29,30),(31,32)),(33,((34,35),36))))));
Initial Score: 12581.90400151303

Step Number: 1
Time Spent: 5.751651729 seconds
New Tree:
Tree: ((((0,1),((2,3),(4,5))),(((23,((24,25),(26,27))),28),(((29,30),(31,32)),(33,((34,35),36))))),(((((15,16),17),((18,19),20)),(21,22)),(((6,7),((8,(9,10)),(11,12))),(13,14))));
Tree Score: 14908.839324594941
Score Improvement: 0.18494301997552087

Step Number: 2
Time Spent: 5.12660779 seconds
New Tree:
Tree: ((((0,1),((2,3),(4,5))),(((23,((24,25),(26,27))),28),(((29,30),(31,32)),(33,((34,35),36))))),((((21,22),((18,19),20)),((15,16),17)),(((6,7),((8,(9,10)),(11,12))),(13,14))));
Tree Score: 15075.463525937404
Score Improvement: 0.011176202098280408

Step Number: 3
Time Spent: 5.052912735 seconds
New Tree:
Tree: ((((4,5),((2,3),(0,1))),(((23,((24,25),(26,27))),28),(((29,30),(31,32)),(33,((34,35),36))))),((((21,22),((18,19),20)),((15,16),17)),(((6,7),((8,(9,10)),(11,12))),(13,14))));
Tree Score: 15102.054327250924
Score Improvement: 0.0017638463499161094

Step Number: 4
Time Spent: 4.822955279 seconds
New Tree:
Tree: ((((4,5),((2,3),(0,1))),(((23,((24,25),(26,27))),28),(((29,30),(31,32)),(33,((34,35),36))))),((((21,22),((18,19),20)),((15,16),17)),(((6,7),((10,(9,8)),(11,12))),(13,14))));
Tree Score: 15111.64582720166
Score Improvement: 6.351122663774689E-4

Step Number: 5
Time Spent: 4.367344898 seconds
New Tree:
Tree: ((((4,5),((2,3),(0,1))),(((23,((24,25),(26,27))),28),(((29,30),(31,32)),(33,((34,35),36))))),((((21,22),((18,19),20)),((15,16),17)),(((11,12),((10,(9,8)),(6,7))),(13,14))));
Tree Score: 15125.247176934034
Score Improvement: 9.000574714297382E-4

Step Number: 6
Time Spent: 4.813004992 seconds
New Tree:
Tree: ((((4,5),((2,3),(0,1))),(((23,((24,25),(26,27))),28),(((29,30),(31,32)),(33,((34,35),36))))),((((21,22),((18,19),20)),((15,16),17)),(((13,14),((10,(9,8)),(6,7))),(11,12))));
Tree Score: 15164.13957676664
Score Improvement: 0.0025713563142237827

Step Number: 7
Time Spent: 4.43481954 seconds
New Tree:
Tree: ((((4,5),((2,3),(0,1))),((((26,27),((24,25),23)),28),(((29,30),(31,32)),(33,((34,35),36))))),((((21,22),((18,19),20)),((15,16),17)),(((13,14),((10,(9,8)),(6,7))),(11,12))));
Tree Score: 15169.623677255586
Score Improvement: 3.6164930170845544E-4

Step Number: 8
Time Spent: 4.148925363 seconds
New Tree:
Tree: ((((4,5),((2,3),(0,1))),((((26,27),28),((24,25),23)),(((29,30),(31,32)),(33,((34,35),36))))),((((21,22),((18,19),20)),((15,16),17)),(((13,14),((10,(9,8)),(6,7))),(11,12))));
Tree Score: 15448.75270187296
Score Improvement: 0.0184005240048164

Step Number: 9
Time Spent: 4.133898591 seconds
New Tree:
Tree: ((((4,5),((2,3),(0,1))),((((28,27),26),((24,25),23)),(((29,30),(31,32)),(33,((34,35),36))))),((((21,22),((18,19),20)),((15,16),17)),(((13,14),((10,(9,8)),(6,7))),(11,12))));
Tree Score: 15458.21760196425
Score Improvement: 6.126643538117982E-4

Step Number: 10
Time Spent: 3.800433351 seconds
New Tree:
Tree: ((((4,5),((2,3),(0,1))),((((28,27),26),((24,25),23)),(((29,30),(31,32)),(33,((34,35),36))))),((((21,22),((18,19),20)),((15,16),17)),(((13,14),((10,(9,8)),(6,7))),(11,12))));
Tree Score: 15458.21760196425
Score Improvement: 0.0

TOTAL STEPS: 10
TOTAL TIME: 46.452554268 seconds
Final tree: Tree: ((((4,5),((2,3),(0,1))),((((28,27),26),((24,25),23)),(((29,30),(31,32)),(33,((34,35),36))))),((((21,22),((18,19),20)),((15,16),17)),(((13,14),((10,(9,8)),(6,7))),(11,12))));
Tree Score: 15458.21760196425
Total Score Improvement: 0.22860718060679286

--------------ITERATION 26--------------
Input tree: (((0,1),(((2,3),4),((5,6),7))),(8,(((9,((((10,11),12),13),14)),((15,16),((17,18),19))),((20,(21,22)),(((23,(24,25)),(26,27)),((28,(29,30)),(31,(32,(33,((34,35),36))))))))));
Initial Score: 9599.385548072425

Step Number: 1
Time Spent: 6.432845057 seconds
New Tree:
Tree: (((0,1),(((2,3),4),((5,6),7))),(8,((((23,(24,25)),(26,27)),((28,(29,30)),(31,(32,(33,((34,35),36)))))),((20,(21,22)),((9,((((10,11),12),13),14)),((15,16),((17,18),19)))))));
Tree Score: 11309.339220475662
Score Improvement: 0.17813157559304393

Step Number: 2
Time Spent: 6.274610131 seconds
New Tree:
Tree: (((0,1),(((2,3),4),((5,6),7))),(8,((((23,(24,25)),(26,27)),((28,(29,30)),(31,(32,(33,((34,35),36)))))),((9,((((10,11),12),13),14)),((20,(21,22)),((15,16),((17,18),19)))))));
Tree Score: 12515.203921093662
Score Improvement: 0.10662556645526822

Step Number: 3
Time Spent: 6.124700005 seconds
New Tree:
Tree: (((0,1),(((2,3),4),((5,6),7))),(8,(((31,(32,(33,((34,35),36)))),((28,(29,30)),((23,(24,25)),(26,27)))),((9,((((10,11),12),13),14)),((20,(21,22)),((15,16),((17,18),19)))))));
Tree Score: 12817.329648623416
Score Improvement: 0.024140695543964696

Step Number: 4
Time Spent: 5.868803778 seconds
N