--------------ITERATION 1--------------
Input tree: (((0,(1,2)),(3,(4,(5,6)))),(((7,((8,9),(((10,11),12),13))),((14,15),(16,17))),((18,(19,20)),((21,(22,23)),((((((24,25),((26,(27,28)),(29,30))),(31,32)),33),(34,35)),36)))));
Initial Score: 9031.587599040678

Step Number: 1
Time Spent: 11.106223145 seconds
New Tree:
Tree: (((0,(1,2)),(3,(4,(5,6)))),(((7,((8,9),(((10,11),12),13))),((14,15),(16,17))),(((((((24,25),((26,(27,28)),(29,30))),(31,32)),33),(34,35)),36),((21,(22,23)),(18,(19,20))))));
Tree Score: 10018.421949062234
Score Improvement: 0.10926477091650821

Step Number: 2
Time Spent: 10.56725775 seconds
New Tree:
Tree: (((0,(1,2)),(3,(4,(5,6)))),(((7,((8,9),(((10,11),12),13))),((14,15),(16,17))),(((36,(34,35)),((((24,25),((26,(27,28)),(29,30))),(31,32)),33)),((21,(22,23)),(18,(19,20))))));
Tree Score: 11154.72327415619
Score Improvement: 0.11342118857354744

Step Number: 3
Time Spent: 9.661616257 seconds
New Tree:
Tree: (((0,(1,2)),(3,(4,(5,6)))),((((((10,11),12),13),((8,9),7)),((14,15),(16,17))),(((36,(34,35)),((((24,25),((26,(27,28)),(29,30))),(31,32)),33)),((21,(22,23)),(18,(19,20))))));
Tree Score: 11674.840248455963
Score Improvement: 0.046627510294657615

Step Number: 4
Time Spent: 9.740512114 seconds
New Tree:
Tree: (((0,(1,2)),(3,(4,(5,6)))),(((36,(34,35)),((((24,25),((26,(27,28)),(29,30))),(31,32)),33)),((((((10,11),12),13),((8,9),7)),((14,15),(16,17))),((21,(22,23)),(18,(19,20))))));
Tree Score: 12144.43872446008
Score Improvement: 0.04022311791942701

Step Number: 5
Time Spent: 11.182296646 seconds
New Tree:
Tree: (((0,(1,2)),(3,(4,(5,6)))),((((((((10,11),12),13),((8,9),7)),((14,15),(16,17))),((21,(22,23)),(18,(19,20)))),((((24,25),((26,(27,28)),(29,30))),(31,32)),33)),(36,(34,35))));
Tree Score: 13210.461225184845
Score Improvement: 0.08777865530975015

Step Number: 6
Time Spent: 10.520122007 seconds
New Tree:
Tree: (((4,(5,6)),(3,(0,(1,2)))),((((((((10,11),12),13),((8,9),7)),((14,15),(16,17))),((21,(22,23)),(18,(19,20)))),((((24,25),((26,(27,28)),(29,30))),(31,32)),33)),(36,(34,35))));
Tree Score: 13302.065999407305
Score Improvement: 0.006934260103486967

Step Number: 7
Time Spent: 10.084416951 seconds
New Tree:
Tree: (((4,(5,6)),(3,(0,(1,2)))),((((((((10,11),12),13),((8,9),7)),((14,15),(16,17))),((21,(22,23)),(18,(19,20)))),((((31,32),((26,(27,28)),(29,30))),(24,25)),33)),(36,(34,35))));
Tree Score: 13321.874523270859
Score Improvement: 0.0014891313773692794

Step Number: 8
Time Spent: 10.366253348 seconds
New Tree:
Tree: (((4,(5,6)),(3,(0,(1,2)))),((((((((10,11),12),13),((8,9),7)),((14,15),(16,17))),((21,(22,23)),(18,(19,20)))),((((31,32),((26,(27,28)),(29,30))),33),(24,25))),(36,(34,35))));
Tree Score: 14150.991073463096
Score Improvement: 0.062237228608025275

Step Number: 9
Time Spent: 11.086206284 seconds
New Tree:
Tree: (((4,(5,6)),(3,(0,(1,2)))),((((((((10,11),12),13),((8,9),7)),((14,15),(16,17))),((21,(22,23)),(18,(19,20)))),(((33,((26,(27,28)),(29,30))),(31,32)),(24,25))),(36,(34,35))));
Tree Score: 14180.793798167242
Score Improvement: 0.0021060521167337587

Step Number: 10
Time Spent: 9.012779349 seconds
New Tree:
Tree: (((4,(5,6)),(3,(0,(1,2)))),((((((((10,11),12),13),((8,7),9)),((14,15),(16,17))),((21,(22,23)),(18,(19,20)))),(((33,((26,(27,28)),(29,30))),(31,32)),(24,25))),(36,(34,35))));
Tree Score: 14199.879574000819
Score Improvement: 0.0013458891022055663

Step Number: 11
Time Spent: 8.556587818 seconds
New Tree:
Tree: (((4,(5,6)),(3,(0,(1,2)))),((((((((12,11),10),13),((8,7),9)),((14,15),(16,17))),((21,(22,23)),(18,(19,20)))),(((33,((26,(27,28)),(29,30))),(31,32)),(24,25))),(36,(34,35))));
Tree Score: 14202.968323808147
Score Improvement: 2.1751943678327557E-4

Step Number: 12
Time Spent: 9.584806978 seconds
New Tree:
Tree: (((4,(5,6)),(3,(0,(1,2)))),(((((((13,10),(12,11)),((8,7),9)),((14,15),(16,17))),((21,(22,23)),(18,(19,20)))),(((33,((26,(27,28)),(29,30))),(31,32)),(24,25))),(36,(34,35))));
Tree Score: 14262.793898936345
Score Improvement: 0.00421218816829394

Step Number: 13
Time Spent: 8.872783055 seconds
New Tree:
Tree: (((4,(5,6)),(3,(0,(1,2)))),(((((((13,10),(12,11)),((8,7),9)),((14,15),(16,17))),((23,(22,21)),(18,(19,20)))),(((33,((26,(27,28)),(29,30))),(31,32)),(24,25))),(36,(34,35))));
Tree Score: 14265.428448976932
Score Improvement: 1.8471486437054985E-4

Step Number: 14
Time Spent: 7.793055039 seconds
New Tree:
Tree: (((4,(5,6)),(3,(0,(1,2)))),(((((((13,10),(12,11)),((8,7),9)),((14,15),(16,17))),((23,(22,21)),(18,(19,20)))),(((33,((26,(27,28)),(29,30))),(31,32)),(24,25))),(36,(34,35))));
Tree Score: 14265.428448976932
Score Improvement: 0.0

TOTAL STEPS: 14
TOTAL TIME: 138.134916741 seconds
Final tree: Tree: (((4,(5,6)),(3,(0,(1,2)))),(((((((13,10),(12,11)),((8,7),9)),((14,15),(16,17))),((23,(22,21)),(18,(19,20)))),(((33,((26,(27,28)),(29,30))),(31,32)),(24,25))),(36,(34,35))));
Tree Score: 14265.428448976932
Total Score Improvement: 0.5795039678840279

--------------ITERATION 2--------------
Input tree: ((((0,(((1,(2,(3,4))),((5,6),(7,8))),((9,(10,11)),((12,((13,14),(15,16))),(17,18))))),(19,20)),(((((21,(22,(23,24))),(25,26)),27),28),29)),((30,31),(32,(33,(34,(35,36))))));
Initial Score: 8048.530625320676

Step Number: 1
Time Spent: 14.620486167 seconds
New Tree:
Tree: ((((0,(((1,(2,(3,4))),((5,6),(7,8))),((9,(10,11)),((12,((13,14),(15,16))),(17,18))))),(19,20)),((29,28),(((21,(22,(23,24))),(25,26)),27))),((30,31),(32,(33,(34,(35,36))))));
Tree Score: 8545.025900725213
Score Improvement: 0.06168769164430632

Step Number: 2
Time Spent: 11.688470371 seconds
New Tree:
Tree: ((((0,(((1,(2,(3,4))),((5,6),(7,8))),((9,(10,11)),((12,((13,14),(15,16))),(17,18))))),(19,20)),(((21,(22,(23,24))),(25,26)),((29,28),27))),((30,31),(32,(33,(34,(35,36))))));
Tree Score: 8853.309199930514
Score Improvement: 0.036077514894265805

Step Number: 3
Time Spent: 12.295895728 seconds
New Tree:
Tree: ((((0,((((9,(10,11)),((12,((13,14),(15,16))),(17,18))),((5,6),(7,8))),(1,(2,(3,4))))),(19,20)),(((21,(22,(23,24))),(25,26)),((29,28),27))),((30,31),(32,(33,(34,(35,36))))));
Tree Score: 9148.336023479114
Score Improvement: 0.033323903738831984

Step Number: 4
Time Spent: 13.462619305 seconds
New Tree:
Tree: ((((0,((((9,(10,11)),((5,6),(7,8))),((12,((13,14),(15,16))),(17,18))),(1,(2,(3,4))))),(19,20)),(((21,(22,(23,24))),(25,26)),((29,28),27))),((30,31),(32,(33,(34,(35,36))))));
Tree Score: 10075.887150192717
Score Improvement: 0.1013901461788298

Step Number: 5
Time Spent: 13.771943485 seconds
New Tree:
Tree: (((((((9,(10,11)),((5,6),(7,8))),((12,((13,14),(15,16))),(17,18))),(0,(1,(2,(3,4))))),(19,20)),(((21,(22,(23,24))),(25,26)),((29,28),27))),((30,31),(32,(33,(34,(35,36))))));
Tree Score: 10498.345201714048
Score Improvement: 0.041927628329307964

Step Number: 6
Time Spent: 13.997722197 seconds
New Tree:
Tree: (((((((9,(10,11)),((5,6),(7,8))),((12,((13,14),(15,16))),(17,18))),(0,(1,(2,(3,4))))),(19,20)),(((21,(22,(23,24))),(25,26)),((29,28),27))),((30,31),((34,(35,36)),(33,32))));
Tree Score: 10618.43882668958
Score Improvement: 0.01143929092328988

Step Number: 7
Time Spent: 11.411738532 seconds
New Tree:
Tree: (((((((9,(10,11)),((5,6),(7,8))),((12,((13,14),(15,16))),(17,18))),(0,(1,(2,(3,4))))),(19,20)),((((23,24),(22,21)),(25,26)),((29,28),27))),((30,31),((34,(35,36)),(33,32))));
Tree Score: 10662.992926592091
Score Improvement: 0.0041959181222124275

Step Number: 8
Time Spent: 10.853928213 seconds
New Tree:
Tree: (((((((9,(10,11)),((5,6),(7,8))),((12,((13,14),(15,16))),(17,18))),(0,(1,(2,(3,4))))),(19,20)),((((23,24),(25,26)),(22,21)),((29,28),27))),((30,31),((34,(35,36)),(33,32))));
Tree Score: 10757.653776418501
Score Improvement: 0.008877512203008031

Step Number: 9
Time Spent: 10.326251194 seconds
New Tree:
Tree: (((((((9,(10,11)),((5,6),(7,8))),((12,((13,14),(15,16))),(17,18))),(0,((3,4),(2,1)))),(19,20)),((((23,24),(25,26)),(22,21)),((29,28),27))),((30,31),((34,(35,36)),(33,32))));
Tree Score: 10782.951626115097
Score Improvement: 0.002351614043579753

Step Number: 10
Time Spent: 9.533603331 seconds
New Tree:
Tree: (((((((11,(10,9)),((5,6),(7,8))),((12,((13,14),(15,16))),(17,18))),(0,((3,4),(2,1)))),(19,20)),((((23,24),(25,26)),(22,21)),((29,28),27))),((30,31),((34,(35,36)),(33,32))));
Tree Score: 10803.752101004673
Score Improvement: 0.001929014949784147

Step Number: 11
Time Spent: 9.043659533 seconds
New Tree:
Tree: (((((((11,(10,9)),((5,6),(7,8))),(((15,16),((13,14),12)),(17,18))),(0,((3,4),(2,1)))),(19,20)),((((23,24),(25,26)),(22,21)),((29,28),27))),((30,31),((34,(35,36)),(33,32))));
Tree Score: 10823.642550970046
Score Improvement: 0.0018410687120007374

Step Number: 12
Time Spent: 8.994764069 seconds
New Tree:
Tree: (((((((11,(10,9)),((5,6),(7,8))),(((15,16),((13,14),12)),(17,18))),(0,((3,4),(2,1)))),(19,20)),((((23,24),(25,26)),(22,21)),((29,28),27))),((30,31),((36,(35,34)),(33,32))));
Tree Score: 10836.09575096014
Score Improvement: 0.0011505553635433596

Step Number: 13
Time Spent: 9.085141483 seconds
New Tree:
Tree: (((((((11,(10,9)),((5,6),(7,8))),(((15,16),((13,14),12)),(17,18))),(0,((3,4),(2,1)))),(19,20)),((((23,24),(25,26)),(22,21)),((29,28),27))),((30,31),((36,(35,34)),(33,32))));
Tree Score: 10836.09575096014
Score Improvement: 0.0

TOTAL STEPS: 13
TOTAL TIME: 149.086223608 seconds
Final tree: Tree: (((((((11,(10,9)),((5,6),(7,8))),(((15,16),((13,14),12)),(17,18))),(0,((3,4),(2,1)))),(19,20)),((((23,24),(25,26)),(22,21)),((29,28),27))),((30,31),((36,(35,34)),(33,32))));
Tree Score: 10836.09575096014
Total Score Improvement: 0.34634460069888817

--------------ITERATION 3--------------
Input tree: (((((((0,1),2),3),4),((5,6),((7,(8,9)),((10,11),(12,((13,(14,15)),(16,((17,18),19)))))))),(((((20,21),22),((23,24),((25,(26,27)),28))),(29,30)),31)),(((32,33),34),(35,36)));
Initial Score: 7885.46847483672

Step Number: 1
Time Spent: 13.027683898 seconds
New Tree:
Tree: (((((((0,1),2),3),4),(((10,11),(12,((13,(14,15)),(16,((17,18),19))))),((7,(8,9)),(5,6)))),(((((20,21),22),((23,24),((25,(26,27)),28))),(29,30)),31)),(((32,33),34),(35,36)));
Tree Score: 9675.175675814484
Score Improvement: 0.22696269811855685

Step Number: 2
Time Spent: 12.012984682 seconds
New Tree:
Tree: ((((((((20,21),22),((23,24),((25,(26,27)),28))),(29,30)),31),(((10,11),(12,((13,(14,15)),(16,((17,18),19))))),((7,(8,9)),(5,6)))),((((0,1),2),3),4)),(((32,33),34),(35,36)));
Tree Score: 11154.254653611955
Score Improvement: 0.1528736043000023

Step Number: 3
Time Spent: 11.542396208 seconds
New Tree:
Tree: (((((31,(29,30)),(((20,21),22),((23,24),((25,(26,27)),28)))),(((10,11),(12,((13,(14,15)),(16,((17,18),19))))),((7,(8,9)),(5,6)))),((((0,1),2),3),4)),(((32,33),34),(35,36)));
Tree Score: 12449.865278920348
Score Improvement: 0.11615393995768697

Step Number: 4
Time Spent: 10.898811505 seconds
New Tree:
Tree: (((((31,(29,30)),(((20,21),22),((23,24),((25,(26,27)),28)))),(((10,11),((7,(8,9)),(5,6))),(12,((13,(14,15)),(16,((17,18),19)))))),((((0,1),2),3),4)),(((32,33),34),(35,36)));
Tree Score: 12980.1657310445
Score Improvement: 0.04259487474310575

Step Number: 5
Time Spent: 11.00356882 seconds
New Tree:
Tree: (((((31,(29,30)),(((20,21),22),((23,24),((25,(26,27)),28)))),(((10,11),((7,(8,9)),(5,6))),((16,((17,18),19)),((13,(14,15)),12)))),((((0,1),2),3),4)),(((32,33),34),(35,36)));
Tree Score: 13349.41900644607
Score Improvement: 0.028447500829548833

Step Number: 6
Time Spent: 11.144134879 seconds
New Tree:
Tree: (((((31,(29,30)),(((20,21),22),((23,24),((25,(26,27)),28)))),(((10,11),((7,(8,9)),(5,6))),((16,((17,18),19)),((13,12),(14,15))))),((((0,1),2),3),4)),(((32,33),34),(35,36)));
Tree Score: 13408.771481634743
Score Improvement: 0.004446071784848016

Step Number: 7
Time Spent: 10.502316252 seconds
New Tree:
Tree: (((((31,(29,30)),(((20,21),22),((23,24),((25,(26,27)),28)))),(((10,11),((7,(8,9)),(5,6))),((16,((17,18),19)),((13,12),(14,15))))),(((3,2),(0,1)),4)),(((32,33),34),(35,36)));
Tree Score: 13466.401556411452
Score Improvement: 0.0042979384692805045

Step Number: 8
Time Spent: 11.029261123 seconds
New Tree:
Tree: (((((31,(29,30)),(((20,21),22),((23,24),((25,(26,27)),28)))),(((10,11),((9,(8,7)),(5,6))),((16,((17,18),19)),((13,12),(14,15))))),(((3,2),(0,1)),4)),(((32,33),34),(35,36)));
Tree Score: 13478.547606398977
Score Improvement: 9.01952161209918E-4

Step Number: 9
Time Spent: 10.742487924 seconds
New Tree:
Tree: (((((31,(29,30)),(((20,21),22),((23,24),((25,(26,27)),28)))),(((10,11),((9,(8,7)),(5,6))),((16,((17,18),19)),((13,12),(14,15))))),(((3,2),(0,1)),4)),(((32,33),34),(35,36)));
Tree Score: 13478.547606398977
Score Improvement: 0.0

TOTAL STEPS: 9
TOTAL TIME: 101.903645291 seconds
Final tree: Tree: (((((31,(29,30)),(((20,21),22),((23,24),((25,(26,27)),28)))),(((10,11),((9,(8,7)),(5,6))),((16,((17,18),19)),((13,12),(14,15))))),(((3,2),(0,1)),4)),(((32,33),34),(35,36)));
Tree Score: 13478.547606398977
Total Score Improvement: 0.7092893909106739

--------------ITERATION 4--------------
Input tree: ((((((0,1),(2,(3,4))),(5,((((6,((7,8),9)),10),((11,12),13)),(14,15)))),(((16,17),((((18,19),(20,21)),22),(23,24))),(25,(26,(27,28))))),29),((30,31),((32,(33,34)),(35,36))));
Initial Score: 8628.814676513546

Step Number: 1
Time Spent: 13.173273082 seconds
New Tree:
Tree: ((((25,(26,(27,28))),(((16,17),((((18,19),(20,21)),22),(23,24))),(((0,1),(2,(3,4))),(5,((((6,((7,8),9)),10),((11,12),13)),(14,15)))))),29),((30,31),((32,(33,34)),(35,36))));
Tree Score: 10247.586401985376
Score Improvement: 0.187600706024885

Step Number: 2
Time Spent: 13.080715432 seconds
New Tree:
Tree: ((((25,(26,(27,28))),(((16,17),((((18,19),(20,21)),22),(23,24))),(((((6,((7,8),9)),10),((11,12),13)),(14,15)),(5,((0,1),(2,(3,4))))))),29),((30,31),((32,(33,34)),(35,36))));
Tree Score: 11065.548053226841
Score Improvement: 0.07981993214353311

Step Number: 3
Time Spent: 13.122531434 seconds
New Tree:
Tree: ((((25,(26,(27,28))),((5,((0,1),(2,(3,4)))),(((((6,((7,8),9)),10),((11,12),13)),(14,15)),((16,17),((((18,19),(20,21)),22),(23,24)))))),29),((30,31),((32,(33,34)),(35,36))));
Tree Score: 12643.931077755464
Score Improvement: 0.14263939001813353

Step Number: 4
Time Spent: 11.180893884 seconds
New Tree:
Tree: ((((25,(26,(27,28))),(((0,1),(5,(2,(3,4)))),(((((6,((7,8),9)),10),((11,12),13)),(14,15)),((16,17),((((18,19),(20,21)),22),(23,24)))))),29),((30,31),((32,(33,34)),(35,36))));
Tree Score: 13013.788376789016
Score Improvement: 0.02925176487906067

Step Number: 5
Time Spent: 9.610363441 seconds
New Tree:
Tree: ((((25,(26,(27,28))),(((0,1),(5,(2,(3,4)))),(((((6,((7,8),9)),10),((11,12),13)),(14,15)),((16,17),((((18,19),(20,21)),22),(23,24)))))),((32,(33,34)),(35,36))),((30,31),29));
Tree Score: 13215.782777492364
Score Improvement: 0.01552156795968962

Step Number: 6
Time Spent: 9.113037978 seconds
New Tree:
Tree: (((((32,(33,34)),(35,36)),(((0,1),(5,(2,(3,4)))),(((((6,((7,8),9)),10),((11,12),13)),(14,15)),((16,17),((((18,19),(20,21)),22),(23,24)))))),(25,(26,(27,28)))),((30,31),29));
Tree Score: 13359.062202448433
Score Improvement: 0.01084153904224916

Step Number: 7
Time Spent: 9.813887157 seconds
New Tree:
Tree: (((((32,(33,34)),(35,36)),(((0,1),(5,(2,(3,4)))),(((((9,((7,8),6)),10),((11,12),13)),(14,15)),((16,17),((((18,19),(20,21)),22),(23,24)))))),(25,(26,(27,28)))),((30,31),29));
Tree Score: 13393.487852676248
Score Improvement: 0.002576951114241055

Step Number: 8
Time Spent: 9.207264695 seconds
New Tree:
Tree: (((((32,(33,34)),(35,36)),(((0,1),(5,(4,(3,2)))),(((((9,((7,8),6)),10),((11,12),13)),(14,15)),((16,17),((((18,19),(20,21)),22),(23,24)))))),(25,(26,(27,28)))),((30,31),29));
Tree Score: 13394.846502951521
Score Improvement: 1.014411100541679E-4

Step Number: 9
Time Spent: 9.622113678 seconds
New Tree:
Tree: (((((32,(33,34)),(35,36)),(((0,1),((3,2),(4,5))),(((((9,((7,8),6)),10),((11,12),13)),(14,15)),((16,17),((((18,19),(20,21)),22),(23,24)))))),(25,(26,(27,28)))),((30,31),29));
Tree Score: 13461.007402858406
Score Improvement: 0.004939280184532713

Step Number: 10
Time Spent: 9.058266209 seconds
New Tree:
Tree: (((((32,(33,34)),(35,36)),(((4,5),((3,2),(0,1))),(((((9,((7,8),6)),10),((11,12),13)),(14,15)),((16,17),((((18,19),(20,21)),22),(23,24)))))),(25,(26,(27,28)))),((30,31),29));
Tree Score: 13494.18627875176
Score Improvement: 0.002464813732017568

Step Number: 11
Time Spent: 8.510410996 seconds
New Tree:
Tree: (((((32,(33,34)),(35,36)),(((4,5),((3,2),(0,1))),(((((9,((7,8),6)),10),((11,12),13)),(14,15)),((16,17),((((18,19),(20,21)),22),(23,24)))))),(25,(26,(27,28)))),((30,31),29));
Tree Score: 13494.18627875176
Score Improvement: 0.0

TOTAL STEPS: 11
TOTAL TIME: 115.492757986 seconds
Final tree: Tree: (((((32,(33,34)),(35,36)),(((4,5),((3,2),(0,1))),(((((9,((7,8),6)),10),((11,12),13)),(14,15)),((16,17),((((18,19),(20,21)),22),(23,24)))))),(25,(26,(27,28)))),((30,31),29));
Tree Score: 13494.18627875176
Total Score Improvement: 0.5638516742607871

--------------ITERATION 5--------------
Input tree: (((((0,((((1,2),3),((4,5),6)),7)),((((8,(9,(10,11))),12),13),(14,15))),((16,17),18)),((((19,20),21),(22,23)),(24,(((25,(26,27)),(28,29)),30)))),(31,(((32,33),(34,35)),36)));
Initial Score: 8896.77047609081

Step Number: 1
Time Spent: 11.837129079 seconds
New Tree:
Tree: ((((((16,17),18),((((8,(9,(10,11))),12),13),(14,15))),(0,((((1,2),3),((4,5),6)),7))),((((19,20),21),(22,23)),(24,(((25,(26,27)),(28,29)),30)))),(31,(((32,33),(34,35)),36)));
Tree Score: 9897.583475681837
Score Improvement: 0.11249171845903105

Step Number: 2
Time Spent: 10.995389777 seconds
New Tree:
Tree: (((24,(((25,(26,27)),(28,29)),30)),((((19,20),21),(22,23)),((((16,17),18),((((8,(9,(10,11))),12),13),(14,15))),(0,((((1,2),3),((4,5),6)),7))))),(31,(((32,33),(34,35)),36)));
Tree Score: 10235.100348647567
Score Improvement: 0.03410093724341934

Step Number: 3
Time Spent: 11.302095121 seconds
New Tree:
Tree: (((24,(((25,(26,27)),(28,29)),30)),((0,((((1,2),3),((4,5),6)),7)),((((16,17),18),((((8,(9,(10,11))),12),13),(14,15))),(((19,20),21),(22,23))))),(31,(((32,33),(34,35)),36)));
Tree Score: 11057.31830150618
Score Improvement: 0.08033315989591228

Step Number: 4
Time Spent: 12.261700807 seconds
New Tree:
Tree: (((24,(((25,(26,27)),(28,29)),30)),((0,((((1,2),3),((4,5),6)),7)),((((16,17),18),(((19,20),21),(22,23))),((((8,(9,(10,11))),12),13),(14,15))))),(31,(((32,33),(34,35)),36)));
Tree Score: 12222.768951070713
Score Improvement: 0.10540084112490278

Step Number: 5
Time Spent: 12.262906408 seconds
New Tree:
Tree: (((24,(((25,(26,27)),30),(28,29))),((0,((((1,2),3),((4,5),6)),7)),((((16,17),18),(((19,20),21),(22,23))),((((8,(9,(10,11))),12),13),(14,15))))),(31,(((32,33),(34,35)),36)));
Tree Score: 12277.971150682526
Score Improvement: 0.004516341577984084

Step Number: 6
Time Spent: 11.218596862 seconds
New Tree:
Tree: (((24,(((25,(26,27)),30),(28,29))),((0,((((1,2),3),((4,5),6)),7)),((((16,17),18),(((19,20),21),(22,23))),(((((10,11),(9,8)),12),13),(14,15))))),(31,(((32,33),(34,35)),36)));
Tree Score: 12330.995800517718
Score Improvement: 0.00431868174183192

Step Number: 7
Time Spent: 11.539891351 seconds
New Tree:
Tree: (((24,(((25,(26,27)),30),(28,29))),((0,((((1,2),3),((4,5),6)),7)),((((16,17),18),(((19,20),21),(22,23))),(((((10,11),(9,8)),12),13),(14,15))))),(36,(((32,33),(34,35)),31)));
Tree Score: 12372.710100614218
Score Improvement: 0.0033828817048782156

Step Number: 8
Time Spent: 12.780664497 seconds
New Tree:
Tree: (((24,(((25,(26,27)),30),(28,29))),((0,((((1,2),3),((4,5),6)),7)),((((16,17),18),(((19,20),21),(22,23))),(((((10,11),(9,8)),12),13),(14,15))))),(36,(((32,33),31),(34,35))));
Tree Score: 12419.380925369202
Score Improvement: 0.003772077772408622

Step Number: 9
Time Spent: 13.506451763 seconds
New Tree:
Tree: (((24,(((25,(26,27)),30),(28,29))),((0,((((1,2),3),((4,5),6)),7)),((((16,17),18),(((19,20),21),(22,23))),(((((10,11),12),(9,8)),13),(14,15))))),(36,(((32,33),31),(34,35))));
Tree Score: 12443.095325842718
Score Improvement: 0.0019094671961525922

Step Number: 10
Time Spent: 12.330245837 seconds
New Tree:
Tree: (((24,(((25,(26,27)),30),(28,29))),((0,((((1,2),3),((4,5),6)),7)),((((16,17),18),(((19,20),21),(22,23))),(((13,(9,8)),((10,11),12)),(14,15))))),(36,(((32,33),31),(34,35))));
Tree Score: 12607.80815047257
Score Improvement: 0.013237287050896773

Step Number: 11
Time Spent: 10.253542158 seconds
New Tree:
Tree: (((24,(((25,(26,27)),30),(28,29))),((0,((((1,2),3),((4,5),6)),7)),((((16,17),18),(((19,20),21),(22,23))),(((13,(9,8)),((10,11),12)),(14,15))))),(36,(((32,31),33),(34,35))));
Tree Score: 12621.744900575359
Score Improvement: 0.0011054062638371498

Step Number: 12
Time Spent: 9.666123535 seconds
New Tree:
Tree: (((24,(((25,(26,27)),30),(28,29))),((0,((((3,2),1),((4,5),6)),7)),((((16,17),18),(((19,20),21),(22,23))),(((13,(9,8)),((10,11),12)),(14,15))))),(36,(((32,31),33),(34,35))));
Tree Score: 12632.92617573448
Score Improvement: 8.858739617381151E-4

Step Number: 13
Time Spent: 10.08115634 seconds
New Tree:
Tree: (((24,(((25,(26,27)),30),(28,29))),((0,((((3,2),1),((4,5),6)),7)),((((16,17),18),(((19,20),21),(22,23))),(((13,(9,8)),((10,11),12)),(14,15))))),(36,(((32,31),33),(34,35))));
Tree Score: 12632.92617573448
Score Improvement: 0.0

TOTAL STEPS: 13
TOTAL TIME: 150.035893535 seconds
Final tree: Tree: (((24,(((25,(26,27)),30),(28,29))),((0,((((3,2),1),((4,5),6)),7)),((((16,17),18),(((19,20),21),(22,23))),(((13,(9,8)),((10,11),12)),(14,15))))),(36,(((32,31),33),(34,35))));
Tree Score: 12632.92617573448
Total Score Improvement: 0.4199451598402162

--------------ITERATION 6--------------
Input tree: ((((0,(((1,(2,3)),(4,(5,6))),(7,8))),(9,((10,11),(12,13)))),((14,15),16)),((((17,18),((19,(20,21)),22)),((23,24),(25,(((26,27),28),(29,(30,31)))))),((32,33),(34,(35,36)))));
Initial Score: 9563.882825819439

Step Number: 1
Time Spent: 12.464244232 seconds
New Tree:
Tree: (((((14,15),16),(9,((10,11),(12,13)))),(0,(((1,(2,3)),(4,(5,6))),(7,8)))),((((17,18),((19,(20,21)),22)),((23,24),(25,(((26,27),28),(29,(30,31)))))),((32,33),(34,(35,36)))));
Tree Score: 10626.14152390907
Score Improvement: 0.1110698152032843

Step Number: 2
Time Spent: 11.039096592 seconds
New Tree:
Tree: (((((14,15),16),(9,((10,11),(12,13)))),(0,(((1,(2,3)),(4,(5,6))),(7,8)))),((((32,33),(34,(35,36))),((23,24),(25,(((26,27),28),(29,(30,31)))))),((17,18),((19,(20,21)),22))));
Tree Score: 11478.722000785068
Score Improvement: 0.08023424824125236

Step Number: 3
Time Spent: 9.449359168 seconds
New Tree:
Tree: (((((14,15),16),(9,((10,11),(12,13)))),((17,18),((19,(20,21)),22))),((((32,33),(34,(35,36))),((23,24),(25,(((26,27),28),(29,(30,31)))))),(0,(((1,(2,3)),(4,(5,6))),(7,8)))));
Tree Score: 12345.730999098056
Score Improvement: 0.07553184041339178

Step Number: 4
Time Spent: 9.155088716 seconds
New Tree:
Tree: (((((14,15),16),(9,((10,11),(12,13)))),((17,18),((19,(20,21)),22))),((((32,33),(36,(35,34))),((23,24),(25,(((26,27),28),(29,(30,31)))))),(0,(((1,(2,3)),(4,(5,6))),(7,8)))));
Tree Score: 12358.18419908815
Score Improvement: 0.0010087049516147584

Step Number: 5
Time Spent: 8.559801285 seconds
New Tree:
Tree: (((((14,15),16),(9,((10,11),(12,13)))),((17,18),((21,(20,19)),22))),((((32,33),(36,(35,34))),((23,24),(25,(((26,27),28),(29,(30,31)))))),(0,(((1,(2,3)),(4,(5,6))),(7,8)))));
Tree Score: 12370.239398860269
Score Improvement: 9.75483095081886E-4

Step Number: 6
Time Spent: 7.997692444 seconds
New Tree:
Tree: (((((14,15),16),(9,((10,11),(12,13)))),((17,18),((21,(20,19)),22))),((((32,33),(36,(35,34))),((23,24),(25,(((28,27),26),(29,(30,31)))))),(0,(((1,(2,3)),(4,(5,6))),(7,8)))));
Tree Score: 12373.185798861914
Score Improvement: 2.3818455784430093E-4

Step Number: 7
Time Spent: 7.436248772 seconds
New Tree:
Tree: (((((14,15),16),(9,((10,11),(12,13)))),((17,18),((21,(20,19)),22))),((((32,33),(36,(35,34))),((23,24),(25,(((28,27),26),(29,(30,31)))))),(0,(((1,(2,3)),(4,(5,6))),(7,8)))));
Tree Score: 12373.185798861914
Score Improvement: 0.0

TOTAL STEPS: 7
TOTAL TIME: 66.101531209 seconds
Final tree: Tree: (((((14,15),16),(9,((10,11),(12,13)))),((17,18),((21,(20,19)),22))),((((32,33),(36,(35,34))),((23,24),(25,(((28,27),26),(29,(30,31)))))),(0,(((1,(2,3)),(4,(5,6))),(7,8)))));
Tree Score: 12373.185798861914
Total Score Improvement: 0.2937408398039185

--------------ITERATION 7--------------
Input tree: ((((0,1),(((2,3),(((4,(5,6)),7),8)),(9,(10,(11,12))))),(13,(14,15))),((((((16,17),(18,19)),(20,21)),((22,(23,24)),((25,(26,27)),28))),29),(((30,31),(32,(33,(34,35)))),36)));
Initial Score: 8492.774501837977

Step Number: 1
Time Spent: 9.948879253 seconds
New Tree:
Tree: ((((0,1),(((2,3),(((4,(5,6)),7),8)),(9,(10,(11,12))))),(13,(14,15))),(((((30,31),(32,(33,(34,35)))),36),29),((((16,17),(18,19)),(20,21)),((22,(23,24)),((25,(26,27)),28)))));
Tree Score: 9467.035425768654
Score Improvement: 0.1147164479311007

Step Number: 2
Time Spent: 9.296231107 seconds
New Tree:
Tree: ((((0,1),(((2,3),(((4,(5,6)),7),8)),(9,(10,(11,12))))),(13,(14,15))),((((16,17),(18,19)),(20,21)),(((((30,31),(32,(33,(34,35)))),36),29),((22,(23,24)),((25,(26,27)),28)))));
Tree Score: 10816.439299890028
Score Improvement: 0.1425371104504778

Step Number: 3
Time Spent: 9.899423593 seconds
New Tree:
Tree: ((((0,1),(((2,3),(((4,(5,6)),7),8)),((11,12),(10,9)))),(13,(14,15))),((((16,17),(18,19)),(20,21)),(((((30,31),(32,(33,(34,35)))),36),29),((22,(23,24)),((25,(26,27)),28)))));
Tree Score: 10966.197800279782
Score Improvement: 0.01384545285538441

Step Number: 4
Time Spent: 9.329657144 seconds
New Tree:
Tree: ((((0,1),(((2,3),((8,7),(4,(5,6)))),((11,12),(10,9)))),(13,(14,15))),((((16,17),(18,19)),(20,21)),(((((30,31),(32,(33,(34,35)))),36),29),((22,(23,24)),((25,(26,27)),28)))));
Tree Score: 11088.34340028063
Score Improvement: 0.011138372864087032

Step Number: 5
Time Spent: 9.872817487 seconds
New Tree:
Tree: ((((0,1),(((2,3),((8,7),(4,(5,6)))),((11,12),(10,9)))),(13,(14,15))),((((16,17),(18,19)),(20,21)),(((((30,31),((34,35),(33,32))),36),29),((22,(23,24)),((25,(26,27)),28)))));
Tree Score: 11161.455675117379
Score Improvement: 0.006593615673455622

Step Number: 6
Time Spent: 9.328082642 seconds
New Tree:
Tree: ((((0,1),(((2,3),((8,7),(4,(5,6)))),((11,12),(10,9)))),(13,(14,15))),((((16,17),(18,19)),(20,21)),(((((34,35),((30,31),(33,32))),36),29),((22,(23,24)),((25,(26,27)),28)))));
Tree Score: 11229.30257497326
Score Improvement: 0.006078678429654705

Step Number: 7
Time Spent: 10.449668216 seconds
New Tree:
Tree: ((((0,1),(((2,3),((8,7),(4,(5,6)))),((11,12),(10,9)))),(13,(14,15))),((((16,17),(18,19)),(20,21)),(((((34,35),36),((30,31),(33,32))),29),((22,(23,24)),((25,(26,27)),28)))));
Tree Score: 11351.65985025995
Score Improvement: 0.010896248851588242

Step Number: 8
Time Spent: 9.833090228 seconds
New Tree:
Tree: ((((0,1),(((2,3),((8,7),(4,(5,6)))),((11,12),(10,9)))),(13,(14,15))),((((16,17),(18,19)),(20,21)),(((29,((30,31),(33,32))),((34,35),36)),((22,(23,24)),((25,(26,27)),28)))));
Tree Score: 11359.46242508356
Score Improvement: 6.873510065077415E-4

Step Number: 9
Time Spent: 9.798115459 seconds
New Tree:
Tree: ((((0,1),(((2,3),((8,7),(4,(5,6)))),((11,12),(10,9)))),(13,(14,15))),((((16,17),(18,19)),(20,21)),((((30,31),(29,(33,32))),((34,35),36)),((22,(23,24)),((25,(26,27)),28)))));
Tree Score: 11505.959375244272
Score Improvement: 0.01289646857207094

Step Number: 10
Time Spent: 9.233757938 seconds
New Tree:
Tree: ((((0,1),(((2,3),((8,7),(4,(5,6)))),((11,12),(10,9)))),(13,(14,15))),((((16,17),(18,19)),(20,21)),((((30,31),(29,(33,32))),((34,35),36)),((22,(23,24)),((25,(26,27)),28)))));
Tree Score: 11505.959375244272
Score Improvement: 0.0

TOTAL STEPS: 10
TOTAL TIME: 96.989723067 seconds
Final tree: Tree: ((((0,1),(((2,3),((8,7),(4,(5,6)))),((11,12),(10,9)))),(13,(14,15))),((((16,17),(18,19)),(20,21)),((((30,31),(29,(33,32))),((34,35),36)),((22,(23,24)),((25,(26,27)),28)))));
Tree Score: 11505.959375244272
Total Score Improvement: 0.35479393368494505

--------------ITERATION 8--------------
Input tree: (((0,1),(((((2,3),(4,5)),6),((7,8),9)),((10,(11,12)),(13,(14,15))))),((16,(((17,18),((((19,((20,21),22)),23),(24,25)),26)),(27,28))),((29,((30,31),(((32,33),34),35))),36)));
Initial Score: 7278.7441763751995

Step Number: 1
Time Spent: 10.476179408 seconds
New Tree:
Tree: (((0,1),((29,((30,31),(((32,33),34),35))),36)),((16,(((17,18),((((19,((20,21),22)),23),(24,25)),26)),(27,28))),(((((2,3),(4,5)),6),((7,8),9)),((10,(11,12)),(13,(14,15))))));
Tree Score: 9346.582626686999
Score Improvement: 0.2840927500960171

Step Number: 2
Time Spent: 9.877672573 seconds
New Tree:
Tree: (((29,((30,31),(((32,33),34),35))),((0,1),36)),((16,(((17,18),((((19,((20,21),22)),23),(24,25)),26)),(27,28))),(((((2,3),(4,5)),6),((7,8),9)),((10,(11,12)),(13,(14,15))))));
Tree Score: 9896.169352258192
Score Improvement: 0.0588008203128676

Step Number: 3
Time Spent: 10.462398745 seconds
New Tree:
Tree: ((((((32,33),34),35),((30,31),29)),((0,1),36)),((16,(((17,18),((((19,((20,21),22)),23),(24,25)),26)),(27,28))),(((((2,3),(4,5)),6),((7,8),9)),((10,(11,12)),(13,(14,15))))));
Tree Score: 10124.719051780747
Score Improvement: 0.023094764386828448

Step Number: 4
Time Spent: 9.919215426 seconds
New Tree:
Tree: ((((((32,33),34),35),((30,31),29)),((0,1),36)),((16,(((17,18),((((24,25),23),(19,((20,21),22))),26)),(27,28))),(((((2,3),(4,5)),6),((7,8),9)),((10,(11,12)),(13,(14,15))))));
Tree Score: 10339.376501264618
Score Improvement: 0.021201324045245107

Step Number: 5
Time Spent: 9.881903628 seconds
New Tree:
Tree: ((((((32,33),34),35),((30,31),29)),((0,1),36)),(((27,28),(((17,18),((((24,25),23),(19,((20,21),22))),26)),16)),(((((2,3),(4,5)),6),((7,8),9)),((10,(11,12)),(13,(14,15))))));
Tree Score: 10405.35910115634
Score Improvement: 0.0063816807409664555

Step Number: 6
Time Spent: 9.918962879 seconds
New Tree:
Tree: ((((((32,33),34),35),((30,31),29)),((0,1),36)),(((27,28),(((17,18),16),((((24,25),23),(19,((20,21),22))),26))),(((((2,3),(4,5)),6),((7,8),9)),((10,(11,12)),(13,(14,15))))));
Tree Score: 10847.592976818254
Score Improvement: 0.04250058756864705

Step Number: 7
Time Spent: 9.988913046 seconds
New Tree:
Tree: ((((((32,33),34),35),((30,31),29)),((0,1),36)),(((((((2,3),(4,5)),6),((7,8),9)),((10,(11,12)),(13,(14,15)))),(((17,18),16),((((24,25),23),(19,((20,21),22))),26))),(27,28)));
Tree Score: 11359.001599511757
Score Improvement: 0.04714489415176293

Step Number: 8
Time Spent: 10.03428767 seconds
New Tree:
Tree: ((((((32,33),34),35),((30,31),29)),(27,28)),(((((((2,3),(4,5)),6),((7,8),9)),((10,(11,12)),(13,(14,15)))),(((17,18),16),((((24,25),23),(19,((20,21),22))),26))),((0,1),36)));
Tree Score: 11550.288699821846
Score Improvement: 0.016840133231278864

Step Number: 9
Time Spent: 9.988371916 seconds
New Tree:
Tree: ((((27,28),((30,31),29)),(((32,33),34),35)),(((((((2,3),(4,5)),6),((7,8),9)),((10,(11,12)),(13,(14,15)))),(((17,18),16),((((24,25),23),(19,((20,21),22))),26))),((0,1),36)));
Tree Score: 11774.03754915185
Score Improvement: 0.019371710538582

Step Number: 10
Time Spent: 9.949510828 seconds
New Tree:
Tree: ((((27,28),((30,31),29)),(((32,33),34),35)),(((((((2,3),(4,5)),6),((7,8),9)),((10,(11,12)),(13,(14,15)))),(((17,18),16),((((24,25),23),26),(19,((20,21),22))))),((0,1),36)));
Tree Score: 11804.515724569836
Score Improvement: 0.002588591661165651

Step Number: 11
Time Spent: 9.399747482 seconds
New Tree:
Tree: ((((27,28),((30,31),29)),(((32,33),34),35)),(((((((2,3),(4,5)),6),((7,8),9)),((10,(11,12)),(13,(14,15)))),(((17,18),16),((((24,25),23),26),(22,((20,21),19))))),((0,1),36)));
Tree Score: 11806.233099505582
Score Improvement: 1.454845735155974E-4

Step Number: 12
Time Spent: 9.449114095 seconds
New Tree:
Tree: ((((27,28),((30,31),29)),(((32,33),34),35)),(((((((2,3),(4,5)),6),((7,8),9)),((10,(11,12)),(13,(14,15)))),(((17,18),16),((((24,25),23),26),(22,((20,19),21))))),((0,1),36)));
Tree Score: 11818.288299277701
Score Improvement: 0.001021087731414072

Step Number: 13
Time Spent: 8.859342659 seconds
New Tree:
Tree: ((((27,28),((30,31),29)),(((32,33),34),35)),(((((((2,3),(4,5)),6),((7,8),9)),((10,(11,12)),(13,(14,15)))),(((17,18),16),((((24,23),25),26),(22,((20,19),21))))),((0,1),36)));
Tree Score: 11819.2991992834
Score Improvement: 8.55369221073321E-5

Step Number: 14
Time Spent: 8.855266651 seconds
New Tree:
Tree: ((((27,28),((30,31),29)),(((32,33),34),35)),(((((((2,3),(4,5)),6),((7,8),9)),((10,(11,12)),(13,(14,15)))),(((17,18),16),(((26,25),(24,23)),(22,((20,19),21))))),((0,1),36)));
Tree Score: 11922.97424882678
Score Improvement: 0.00877167485104935

Step Number: 15
Time Spent: 8.253652647 seconds
New Tree:
Tree: ((((27,28),((30,31),29)),(((32,33),34),35)),(((((((2,3),(4,5)),6),((7,8),9)),((10,(11,12)),(13,(14,15)))),(((17,18),16),(((26,25),(24,23)),(22,((20,19),21))))),((0,1),36)));
Tree Score: 11922.97424882678
Score Improvement: 0.0

TOTAL STEPS: 15
TOTAL TIME: 145.314539653 seconds
Final tree: Tree: ((((27,28),((30,31),29)),(((32,33),34),35)),(((((((2,3),(4,5)),6),((7,8),9)),((10,(11,12)),(13,(14,15)))),(((17,18),16),(((26,25),(24,23)),(22,((20,19),21))))),((0,1),36)));
Tree Score: 11922.97424882678
Total Score Improvement: 0.6380537576145997

--------------ITERATION 9--------------
Input tree: ((((((0,((1,2),3)),(4,(5,6))),((7,8),((9,(10,11)),(12,13)))),(((14,15),16),17)),((18,(19,(20,21))),(((22,(23,24)),(25,(26,27))),(28,29)))),(30,((31,32),(33,((34,35),36)))));
Initial Score: 10224.385501578405

Step Number: 1
Time Spent: 11.255392603 seconds
New Tree:
Tree: (((((((14,15),16),17),((7,8),((9,(10,11)),(12,13)))),((0,((1,2),3)),(4,(5,6)))),((18,(19,(20,21))),(((22,(23,24)),(25,(26,27))),(28,29)))),(30,((31,32),(33,((34,35),36)))));
Tree Score: 11353.923999535107
Score Improvement: 0.11047495204306679

Step Number: 2
Time Spent: 11.189173009 seconds
New Tree:
Tree: (((((((14,15),16),17),((7,8),((9,(10,11)),(12,13)))),((18,(19,(20,21))),(((22,(23,24)),(25,(26,27))),(28,29)))),((0,((1,2),3)),(4,(5,6)))),(30,((31,32),(33,((34,35),36)))));
Tree Score: 11789.252501667997
Score Improvement: 0.03834167836165858

Step Number: 3
Time Spent: 10.062908489 seconds
New Tree:
Tree: ((((((22,(23,24)),(25,(26,27))),(28,29)),((18,(19,(20,21))),((((14,15),16),17),((7,8),((9,(10,11)),(12,13)))))),((0,((1,2),3)),(4,(5,6)))),(30,((31,32),(33,((34,35),36)))));
Tree Score: 12059.966124499795
Score Improvement: 0.022962747026878505

Step Number: 4
Time Spent: 10.640549193 seconds
New Tree:
Tree: ((((((22,(23,24)),(25,(26,27))),(28,29)),(((7,8),((9,(10,11)),(12,13))),((((14,15),16),17),(18,(19,(20,21)))))),((0,((1,2),3)),(4,(5,6)))),(30,((31,32),(33,((34,35),36)))));
Tree Score: 13348.038377279063
Score Improvement: 0.10680562776727465

Step Number: 5
Time Spent: 11.575653161 seconds
New Tree:
Tree: (((((0,((1,2),3)),(4,(5,6))),(((7,8),((9,(10,11)),(12,13))),((((14,15),16),17),(18,(19,(20,21)))))),(((22,(23,24)),(25,(26,27))),(28,29))),(30,((31,32),(33,((34,35),36)))));
Tree Score: 13589.749550261082
Score Improvement: 0.018108366649099317

Step Number: 6
Time Spent: 12.841431651 seconds
New Tree:
Tree: (((((0,((1,2),3)),(4,(5,6))),(((7,8),((9,(10,11)),(12,13))),((((14,15),16),17),(18,(19,(20,21)))))),(((22,(23,24)),(25,(26,27))),(28,29))),((33,((34,35),36)),((31,32),30)));
Tree Score: 13777.987975758047
Score Improvement: 0.013851500706526965

Step Number: 7
Time Spent: 12.08209382 seconds
New Tree:
Tree: (((((0,((1,2),3)),(4,(5,6))),(((7,8),((9,(10,11)),(12,13))),((((14,15),16),17),(18,(19,(20,21)))))),(((28,29),(25,(26,27))),(22,(23,24)))),((33,((34,35),36)),((31,32),30)));
Tree Score: 13838.270774940507
Score Improvement: 0.004375297705915049

Step Number: 8
Time Spent: 12.808831137 seconds
New Tree:
Tree: (((((0,((1,2),3)),(4,(5,6))),(((7,8),((9,(10,11)),(12,13))),((((14,15),16),17),(18,(19,(20,21)))))),(((28,29),(25,(26,27))),(22,(23,24)))),((33,((31,32),30)),((34,35),36)));
Tree Score: 13863.89785033326
Score Improvement: 0.0018518986808062632

Step Number: 9
Time Spent: 10.854522772 seconds
New Tree:
Tree: (((((0,((3,2),1)),(4,(5,6))),(((7,8),((9,(10,11)),(12,13))),((((14,15),16),17),(18,(19,(20,21)))))),(((28,29),(25,(26,27))),(22,(23,24)))),((33,((31,32),30)),((34,35),36)));
Tree Score: 13881.249075560378
Score Improvement: 0.0012515401811548088

Step Number: 10
Time Spent: 8.86421325 seconds
New Tree:
Tree: (((((0,((3,2),1)),(4,(5,6))),(((7,8),((9,(10,11)),(12,13))),(((17,16),(14,15)),(18,(19,(20,21)))))),(((28,29),(25,(26,27))),(22,(23,24)))),((33,((31,32),30)),((34,35),36)));
Tree Score: 13893.727825707303
Score Improvement: 8.98964500888777E-4

Step Number: 11
Time Spent: 8.850129126 seconds
New Tree:
Tree: (((((0,((3,2),1)),(4,(5,6))),(((7,8),((9,(10,11)),(12,13))),(((17,16),(14,15)),(18,(21,(20,19)))))),(((28,29),(25,(26,27))),(22,(23,24)))),((33,((31,32),30)),((34,35),36)));
Tree Score: 13906.010925388442
Score Improvement: 8.840751622045673E-4

Step Number: 12
Time Spent: 8.264873068 seconds
New Tree:
Tree: (((((0,((3,2),1)),(4,(5,6))),(((7,8),((9,(10,11)),(12,13))),(((17,16),(14,15)),(18,(21,(20,19)))))),(((28,29),(25,(26,27))),(22,(23,24)))),((33,((31,32),30)),((34,35),36)));
Tree Score: 13906.010925388442
Score Improvement: 0.0

TOTAL STEPS: 12
TOTAL TIME: 129.289771279 seconds
Final tree: Tree: (((((0,((3,2),1)),(4,(5,6))),(((7,8),((9,(10,11)),(12,13))),(((17,16),(14,15)),(18,(21,(20,19)))))),(((28,29),(25,(26,27))),(22,(23,24)))),((33,((31,32),30)),((34,35),36)));
Tree Score: 13906.010925388442
Total Score Improvement: 0.3600828062715047

--------------ITERATION 10--------------
Input tree: ((((0,1),((2,3),(4,((5,(6,7)),8)))),(9,((((10,11),((12,13),(14,(15,16)))),17),(((18,(19,20)),21),22)))),(23,((((24,25),(26,27)),(28,29)),((30,(31,32)),(((33,34),35),36)))));
Initial Score: 7091.141799024101

Step Number: 1
Time Spent: 10.587376789 seconds
New Tree:
Tree: ((((0,1),((2,3),(4,((5,(6,7)),8)))),(9,((((10,11),((12,13),(14,(15,16)))),17),(((18,(19,20)),21),22)))),(((30,(31,32)),(((33,34),35),36)),((((24,25),(26,27)),(28,29)),23)));
Tree Score: 9641.890197033788
Score Improvement: 0.35970912305839486

Step Number: 2
Time Spent: 9.952061572 seconds
New Tree:
Tree: ((((0,1),((2,3),(4,((5,(6,7)),8)))),((((18,(19,20)),21),22),((((10,11),((12,13),(14,(15,16)))),17),9))),(((30,(31,32)),(((33,34),35),36)),((((24,25),(26,27)),(28,29)),23)));
Tree Score: 12158.709071148447
Score Improvement: 0.26102961376690725

Step Number: 3
Time Spent: 9.420701334 seconds
New Tree:
Tree: ((((4,((5,(6,7)),8)),((2,3),(0,1))),((((18,(19,20)),21),22),((((10,11),((12,13),(14,(15,16)))),17),9))),(((30,(31,32)),(((33,34),35),36)),((((24,25),(26,27)),(28,29)),23)));
Tree Score: 12384.489422468743
Score Improvement: 0.018569434468668433

Step Number: 4
Time Spent: 8.829393668 seconds
New Tree:
Tree: ((((4,((5,(6,7)),8)),((2,3),(0,1))),((((18,(19,20)),21),22),((((14,(15,16)),((12,13),(10,11))),17),9))),(((30,(31,32)),(((33,34),35),36)),((((24,25),(26,27)),(28,29)),23)));
Tree Score: 12469.524972592755
Score Improvement: 0.006866294380270199

Step Number: 5
Time Spent: 10.008454009 seconds
New Tree:
Tree: ((((4,((5,(6,7)),8)),((2,3),(0,1))),((((18,(19,20)),21),22),((((14,(15,16)),17),((12,13),(10,11))),9))),(((30,(31,32)),(((33,34),35),36)),((((24,25),(26,27)),(28,29)),23)));
Tree Score: 12593.487422924763
Score Improvement: 0.009941232773860387

Step Number: 6
Time Spent: 9.395047722 seconds
New Tree:
Tree: ((((4,((5,(6,7)),8)),((2,3),(0,1))),((((18,(19,20)),21),22),((9,((12,13),(10,11))),((14,(15,16)),17)))),(((30,(31,32)),(((33,34),35),36)),((((24,25),(26,27)),(28,29)),23)));
Tree Score: 12865.93544835066
Score Improvement: 0.021634041173530738

Step Number: 7
Time Spent: 9.348247008 seconds
New Tree:
Tree: ((((4,((5,(6,7)),8)),((2,3),(0,1))),((((18,(19,20)),21),22),((9,((12,13),(10,11))),((14,(15,16)),17)))),(((30,(31,32)),(((33,34),35),36)),((((28,29),(26,27)),(24,25)),23)));
Tree Score: 12909.825848561055
Score Improvement: 0.0034113648701712407

Step Number: 8
Time Spent: 7.182313827 seconds
New Tree:
Tree: ((((4,((5,(6,7)),8)),((2,3),(0,1))),((((18,(19,20)),21),22),((9,((12,13),(10,11))),((14,(15,16)),17)))),(((30,(31,32)),(((33,34),35),36)),((23,(24,25)),((28,29),(26,27)))));
Tree Score: 13429.536423884607
Score Improvement: 0.04025697801194417

Step Number: 9
Time Spent: 4.166774141 seconds
New Tree:
Tree: ((((4,((5,(6,7)),8)),((2,3),(0,1))),((((18,(19,20)),21),22),((9,((12,13),(10,11))),((14,(15,16)),17)))),(((30,(31,32)),(((35,34),33),36)),((23,(24,25)),((28,29),(26,27)))));
Tree Score: 13438.064198888182
Score Improvement: 6.35001442671479E-4

Step Number: 10
Time Spent: 4.156035834 seconds
New Tree:
Tree: ((((4,((5,(6,7)),8)),((2,3),(0,1))),((((21,(19,20)),18),22),((9,((12,13),(10,11))),((14,(15,16)),17)))),(((30,(31,32)),(((35,34),33),36)),((23,(24,25)),((28,29),(26,27)))));
Tree Score: 13439.513998574852
Score Improvement: 1.0788753984303234E-4

Step Number: 11
Time Spent: 4.158881307 seconds
New Tree:
Tree: ((((4,((5,(6,7)),8)),((2,3),(0,1))),((((21,(19,20)),18),22),((9,((12,13),(10,11))),((14,(15,16)),17)))),(((30,(31,32)),(((35,34),33),36)),((23,(24,25)),((28,29),(26,27)))));
Tree Score: 13439.513998574852
Score Improvement: 0.0

TOTAL STEPS: 11
TOTAL TIME: 87.205287211 seconds
Final tree: Tree: ((((4,((5,(6,7)),8)),((2,3),(0,1))),((((21,(19,20)),18),22),((9,((12,13),(10,11))),((14,(15,16)),17)))),(((30,(31,32)),(((35,34),33),36)),((23,(24,25)),((28,29),(26,27)))));
Tree Score: 13439.513998574852
Total Score Improvement: 0.8952538786383357

===========================================================
RESULTS FROM 10 ITERATION(S):
AVERAGE TIME PER RUN: 117.955428958 seconds
AVERAGE IMPROVEMENT: 0.5160860009607897
BEST Tree: (((4,(5,6)),(3,(0,(1,2)))),(((((((13,10),(12,11)),((8,7),9)),((14,15),(16,17))),((23,(22,21)),(18,(19,20)))),(((33,((26,(27,28)),(29,30))),(31,32)),(24,25))),(36,(34,35))));
Tree Score: 14265.428448976932
BEST'S IMPROVEMENT :0.5795039678840279
