--------------ITERATION 1--------------
Input tree: (((((0,1),(2,3)),(4,5)),(((((6,(7,8)),9),(((10,(11,12)),(13,(14,15))),(16,17))),(18,(19,20))),(((21,22),(23,24)),(((25,26),27),((28,29),30))))),((31,(32,33)),((34,35),36)));
Initial Score: 12625.141802730039

Step Number: 1
Time Spent: 37.580393779 seconds
New Tree:
Tree: (((((0,1),(2,3)),(4,5)),(((((6,(7,8)),9),(18,(19,20))),(((10,(11,12)),(13,(14,15))),(16,17))),(((21,22),(23,24)),(((25,26),27),((28,29),30))))),((31,(32,33)),((34,35),36)));
Tree Score: 13540.504577994347
Score Improvement: 0.07250316785086497

Step Number: 2
Time Spent: 37.246772024 seconds
New Tree:
Tree: (((((0,1),(2,3)),(4,5)),((((10,(11,12)),(13,(14,15))),((((6,(7,8)),9),(18,(19,20))),(16,17))),(((21,22),(23,24)),(((25,26),27),((28,29),30))))),((31,(32,33)),((34,35),36)));
Tree Score: 13887.934155698866
Score Improvement: 0.025658539953463233

Step Number: 3
Time Spent: 37.292604319 seconds
New Tree:
Tree: (((((0,1),(2,3)),(4,5)),((((10,(11,12)),(13,(14,15))),((((6,(7,8)),9),(18,(19,20))),(16,17))),(((25,26),27),(((21,22),(23,24)),((28,29),30))))),((31,(32,33)),((34,35),36)));
Tree Score: 14062.388656550553
Score Improvement: 0.012561587554769549

Step Number: 4
Time Spent: 37.346459631 seconds
New Tree:
Tree: (((((0,1),(2,3)),(4,5)),((((10,(11,12)),(13,(14,15))),((((6,(7,8)),9),(18,(19,20))),(16,17))),(((25,26),27),((((28,29),30),(23,24)),(21,22))))),((31,(32,33)),((34,35),36)));
Tree Score: 14187.457281603944
Score Improvement: 0.008893839311938656

Step Number: 5
Time Spent: 37.423209544 seconds
New Tree:
Tree: (((((0,1),(2,3)),(4,5)),((((10,(11,12)),(13,(14,15))),((((6,9),(7,8)),(18,(19,20))),(16,17))),(((25,26),27),((((28,29),30),(23,24)),(21,22))))),((31,(32,33)),((34,35),36)));
Tree Score: 14258.45993162645
Score Improvement: 0.005004607140884243

Step Number: 6
Time Spent: 37.370666411 seconds
New Tree:
Tree: (((((0,1),(2,3)),(4,5)),((((10,(11,12)),(13,(14,15))),(((16,17),(18,(19,20))),((6,9),(7,8)))),(((25,26),27),((((28,29),30),(23,24)),(21,22))))),((31,(32,33)),((34,35),36)));
Tree Score: 14304.606505942997
Score Improvement: 0.003236434687745593

Step Number: 7
Time Spent: 37.2316231 seconds
New Tree:
Tree: (((((0,1),(2,3)),(4,5)),((((16,17),(18,(19,20))),(((10,(11,12)),(13,(14,15))),((6,9),(7,8)))),(((25,26),27),((((28,29),30),(23,24)),(21,22))))),((31,(32,33)),((34,35),36)));
Tree Score: 14787.942305650096
Score Improvement: 0.03378882176914777

Step Number: 8
Time Spent: 37.222647797 seconds
New Tree:
Tree: (((((0,1),(2,3)),(4,5)),((((19,20),(18,(16,17))),(((10,(11,12)),(13,(14,15))),((6,9),(7,8)))),(((25,26),27),((((28,29),30),(23,24)),(21,22))))),((31,(32,33)),((34,35),36)));
Tree Score: 14828.724080573302
Score Improvement: 0.0027577721146250234

Step Number: 9
Time Spent: 37.234471089 seconds
New Tree:
Tree: (((((0,1),(2,3)),(4,5)),((((19,20),(18,(16,17))),(((10,(11,12)),(13,(14,15))),((6,9),(7,8)))),(((25,26),27),((((28,29),30),(23,24)),(21,22))))),((31,((34,35),36)),(32,33)));
Tree Score: 14848.944505938562
Score Improvement: 0.0013635984630497866

Step Number: 10
Time Spent: 37.25100238 seconds
New Tree:
Tree: (((((0,1),(2,3)),(4,5)),((((19,20),(18,(16,17))),(((10,(11,12)),(13,(14,15))),((6,9),(7,8)))),(((25,26),27),((((28,29),30),(23,24)),(21,22))))),(((34,35),(31,36)),(32,33)));
Tree Score: 14925.193755767541
Score Improvement: 0.005134994598335663

Step Number: 11
Time Spent: 47.339040392 seconds
New Tree:
Tree: (((((0,1),(2,3)),(4,5)),((((19,20),(18,(16,17))),(((10,(11,12)),(13,(14,15))),((6,9),(7,8)))),(((25,26),27),((((28,29),30),(23,24)),(21,22))))),(((34,35),(32,33)),(31,36)));
Tree Score: 14953.706906159874
Score Improvement: 0.001910404036216562

Step Number: 12
Time Spent: 47.997067715 seconds
New Tree:
Tree: (((((0,1),(2,3)),(4,5)),((((19,20),(18,(16,17))),(((11,(10,12)),(13,(14,15))),((6,9),(7,8)))),(((25,26),27),((((28,29),30),(23,24)),(21,22))))),(((34,35),(32,33)),(31,36)));
Tree Score: 14972.18743132567
Score Improvement: 0.0012358490962653956

Step Number: 13
Time Spent: 48.036639577 seconds
New Tree:
Tree: (((((0,1),(4,5)),(2,3)),((((19,20),(18,(16,17))),(((11,(10,12)),(13,(14,15))),((6,9),(7,8)))),(((25,26),27),((((28,29),30),(23,24)),(21,22))))),(((34,35),(32,33)),(31,36)));
Tree Score: 14989.060481762048
Score Improvement: 0.0011269596051859399

Step Number: 14
Time Spent: 48.017308906 seconds
New Tree:
Tree: (((((0,1),(4,5)),(2,3)),((((19,20),(17,(16,18))),(((11,(10,12)),(13,(14,15))),((6,9),(7,8)))),(((25,26),27),((((28,29),30),(23,24)),(21,22))))),(((34,35),(32,33)),(31,36)));
Tree Score: 15004.32040678477
Score Improvement: 0.0010180708151314999

Step Number: 15
Time Spent: 47.915245648 seconds
New Tree:
Tree: (((((0,1),(4,5)),(2,3)),((((19,20),(17,(16,18))),(((11,(10,12)),(14,(13,15))),((6,9),(7,8)))),(((25,26),27),((((28,29),30),(23,24)),(21,22))))),(((34,35),(32,33)),(31,36)));
Tree Score: 15006.810856697615
Score Improvement: 1.659821868187361E-4

Step Number: 16
Time Spent: 47.919313344 seconds
New Tree:
Tree: (((((0,1),(4,5)),(2,3)),((((19,20),(17,(16,18))),(((11,(10,12)),(14,(13,15))),((6,9),(7,8)))),(((25,27),26),((((28,29),30),(23,24)),(21,22))))),(((34,35),(32,33)),(31,36)));
Tree Score: 15008.289906961378
Score Improvement: 9.855859968421754E-5

Step Number: 17
Time Spent: 47.932733486 seconds
New Tree:
Tree: (((((0,1),(4,5)),(2,3)),((((19,20),(17,(16,18))),(((11,(10,12)),(14,(13,15))),((6,9),(7,8)))),(((25,27),26),((((30,29),28),(23,24)),(21,22))))),(((34,35),(32,33)),(31,36)));
Tree Score: 15009.55828196695
Score Improvement: 8.451162746969665E-5

Step Number: 18
Time Spent: 39.868299455 seconds
New Tree:
Tree: (((((0,1),(4,5)),(2,3)),((((19,20),(17,(16,18))),(((11,(10,12)),(14,(13,15))),((6,9),(7,8)))),(((25,27),26),((((30,29),28),(23,24)),(21,22))))),(((34,35),(32,33)),(31,36)));
Tree Score: 15009.55828196695
Score Improvement: 0.0

TOTAL STEPS: 18
TOTAL TIME: 748.225498597 seconds
Final tree: Tree: (((((0,1),(4,5)),(2,3)),((((19,20),(17,(16,18))),(((11,(10,12)),(14,(13,15))),((6,9),(7,8)))),(((25,27),26),((((30,29),28),(23,24)),(21,22))))),(((34,35),(32,33)),(31,36)));
Tree Score: 15009.55828196695
Total Score Improvement: 0.18886255033755828

--------------ITERATION 2--------------
Input tree: (((((((((0,(1,(2,3))),(4,5)),6),7),(8,((((((9,10),11),12),((13,14),15)),(16,(17,18))),((19,(20,21)),22)))),(23,(24,((25,26),((27,28),29))))),30),31),((32,33),(34,(35,36))));
Initial Score: 8962.747273800764

Step Number: 1
Time Spent: 39.801222 seconds
New Tree:
Tree: (((((((((((9,10),11),12),((13,14),15)),(16,(17,18))),((19,(20,21)),22)),(8,((((0,(1,(2,3))),(4,5)),6),7))),(23,(24,((25,26),((27,28),29))))),30),31),((32,33),(34,(35,36))));
Tree Score: 11377.171370170763
Score Improvement: 0.2693843776480973

Step Number: 2
Time Spent: 39.984188912 seconds
New Tree:
Tree: (((((((((19,(20,21)),22),(16,(17,18))),((((9,10),11),12),((13,14),15))),(8,((((0,(1,(2,3))),(4,5)),6),7))),(23,(24,((25,26),((27,28),29))))),30),31),((32,33),(34,(35,36))));
Tree Score: 12631.276097554583
Score Improvement: 0.11022992328935932

Step Number: 3
Time Spent: 39.785864321 seconds
New Tree:
Tree: (((((((((19,(20,21)),22),(16,(17,18))),((((9,10),11),12),((13,14),15))),(8,((((0,(1,(2,3))),(4,5)),6),7))),(((25,26),((27,28),29)),(24,23))),30),31),((32,33),(34,(35,36))));
Tree Score: 13044.583147629965
Score Improvement: 0.03272092596846954

Step Number: 4
Time Spent: 39.756542715 seconds
New Tree:
Tree: (((((((((19,(20,21)),22),(16,(17,18))),((((9,10),11),12),((13,14),15))),(8,((7,6),((0,(1,(2,3))),(4,5))))),(((25,26),((27,28),29)),(24,23))),30),31),((32,33),(34,(35,36))));
Tree Score: 13368.088097561078
Score Improvement: 0.024799945407982582

Step Number: 5
Time Spent: 39.406142569 seconds
New Tree:
Tree: (((31,30),((((((19,(20,21)),22),(16,(17,18))),((((9,10),11),12),((13,14),15))),(8,((7,6),((0,(1,(2,3))),(4,5))))),(((25,26),((27,28),29)),(24,23)))),((32,33),(34,(35,36))));
Tree Score: 13603.739422921019
Score Improvement: 0.017627900387859663

Step Number: 6
Time Spent: 37.609166712 seconds
New Tree:
Tree: (((31,30),((((((19,(20,21)),22),(16,(17,18))),((((9,10),11),12),((13,14),15))),(8,((7,6),((0,(1,(2,3))),(4,5))))),(((25,26),(24,23)),((27,28),29)))),((32,33),(34,(35,36))));
Tree Score: 13795.567973086538
Score Improvement: 0.01410116323180266

Step Number: 7
Time Spent: 37.671430285 seconds
New Tree:
Tree: (((31,30),((((((19,(20,21)),22),(16,(17,18))),((((9,10),11),12),((13,14),15))),(((0,(1,(2,3))),(4,5)),((7,6),8))),(((25,26),(24,23)),((27,28),29)))),((32,33),(34,(35,36))));
Tree Score: 13909.949748568702
Score Improvement: 0.008291197267507266

Step Number: 8
Time Spent: 37.968835005 seconds
New Tree:
Tree: (((31,30),((((((19,(20,21)),22),(16,(17,18))),((((9,10),11),12),((13,14),15))),(((0,(1,(2,3))),((7,6),8)),(4,5))),(((25,26),(24,23)),((27,28),29)))),((32,33),(34,(35,36))));
Tree Score: 14316.54889858875
Score Improvement: 0.029230813724678173

Step Number: 9
Time Spent: 38.018967427 seconds
New Tree:
Tree: (((31,30),((((((19,(20,21)),22),(16,(17,18))),((((9,10),11),12),((13,14),15))),((((2,3),(1,0)),((7,6),8)),(4,5))),(((25,26),(24,23)),((27,28),29)))),((32,33),(34,(35,36))));
Tree Score: 14407.785773079726
Score Improvement: 0.006372825960868855

Step Number: 10
Time Spent: 38.059487104 seconds
New Tree:
Tree: (((31,30),((((((19,22),(20,21)),(16,(17,18))),((((9,10),11),12),((13,14),15))),((((2,3),(1,0)),((7,6),8)),(4,5))),(((25,26),(24,23)),((27,28),29)))),((32,33),(34,(35,36))));
Tree Score: 14480.598722787458
Score Improvement: 0.005053722400827132

Step Number: 11
Time Spent: 38.062305271 seconds
New Tree:
Tree: (((31,30),((((((19,22),(20,21)),(16,(17,18))),(((12,11),(9,10)),((13,14),15))),((((2,3),(1,0)),((7,6),8)),(4,5))),(((25,26),(24,23)),((27,28),29)))),((32,33),(34,(35,36))));
Tree Score: 14537.84069786861
Score Improvement: 0.003953011624517666

Step Number: 12
Time Spent: 32.80826689 seconds
New Tree:
Tree: (((31,30),((((((19,22),(20,21)),(16,(17,18))),(((12,11),(9,10)),((13,14),15))),((((2,3),(1,0)),((7,6),8)),(4,5))),(((25,26),(24,23)),((27,29),28)))),((32,33),(34,(35,36))));
Tree Score: 14569.643972772057
Score Improvement: 0.002187620263861323

Step Number: 13
Time Spent: 20.260011836 seconds
New Tree:
Tree: (((31,30),((((((19,22),(20,21)),(16,(17,18))),(((12,11),(9,10)),((13,14),15))),((((2,3),(1,0)),((7,6),8)),(4,5))),(((25,26),(24,23)),((27,29),28)))),((32,33),(36,(35,34))));
Tree Score: 14582.09717276215
Score Improvement: 8.54736053493621E-4

Step Number: 14
Time Spent: 20.407251928 seconds
New Tree:
Tree: (((31,30),((((((19,22),(20,21)),(16,(17,18))),(((12,11),(9,10)),((13,14),15))),((((2,3),(1,0)),((7,8),6)),(4,5))),(((25,26),(24,23)),((27,29),28)))),((32,33),(36,(35,34))));
Tree Score: 14594.5195231986
Score Improvement: 8.51890526395005E-4

Step Number: 15
Time Spent: 20.141322511 seconds
New Tree:
Tree: (((31,30),((((((19,22),(20,21)),(16,(17,18))),(((12,11),(9,10)),((13,14),15))),((((2,3),(1,0)),((7,8),6)),(4,5))),(((25,26),(24,23)),((27,29),28)))),((35,34),(36,(32,33))));
Tree Score: 14604.018423618632
Score Improvement: 6.508539321854467E-4

Step Number: 16
Time Spent: 20.141205038 seconds
New Tree:
Tree: (((36,(32,33)),((((((19,22),(20,21)),(16,(17,18))),(((12,11),(9,10)),((13,14),15))),((((2,3),(1,0)),((7,8),6)),(4,5))),(((25,26),(24,23)),((27,29),28)))),((35,34),(31,30)));
Tree Score: 14702.236073833541
Score Improvement: 0.006725385258078198

Step Number: 17
Time Spent: 20.295737258 seconds
New Tree:
Tree: (((33,(32,36)),((((((19,22),(20,21)),(16,(17,18))),(((12,11),(9,10)),((13,14),15))),((((2,3),(1,0)),((7,8),6)),(4,5))),(((25,26),(24,23)),((27,29),28)))),((35,34),(31,30)));
Tree Score: 14726.134098551818
Score Improvement: 0.0016254687108996357

Step Number: 18
Time Spent: 20.201762948 seconds
New Tree:
Tree: (((33,(32,36)),((((((19,22),(20,21)),(16,(17,18))),(((12,11),(9,10)),((13,15),14))),((((2,3),(1,0)),((7,8),6)),(4,5))),(((25,26),(24,23)),((27,29),28)))),((35,34),(31,30)));
Tree Score: 14731.658473476418
Score Improvement: 3.751408813494894E-4

Step Number: 19
Time Spent: 20.218977847 seconds
New Tree:
Tree: (((33,(32,36)),((((((19,22),(20,21)),(17,(16,18))),(((12,11),(9,10)),((13,15),14))),((((2,3),(1,0)),((7,8),6)),(4,5))),(((25,26),(24,23)),((27,29),28)))),((35,34),(31,30)));
Tree Score: 14732.439248475828
Score Improvement: 5.299980316642028E-5

Step Number: 20
Time Spent: 20.215217453 seconds
New Tree:
Tree: (((33,(32,36)),((((((19,22),(20,21)),(17,(16,18))),(((12,11),(9,10)),((13,15),14))),((((2,3),(1,0)),((7,8),6)),(4,5))),(((25,26),(24,23)),((27,29),28)))),((35,34),(31,30)));
Tree Score: 14732.439248475828
Score Improvement: 0.0

TOTAL STEPS: 20
TOTAL TIME: 620.81390603 seconds
Final tree: Tree: (((33,(32,36)),((((((19,22),(20,21)),(17,(16,18))),(((12,11),(9,10)),((13,15),14))),((((2,3),(1,0)),((7,8),6)),(4,5))),(((25,26),(24,23)),((27,29),28)))),((35,34),(31,30)));
Tree Score: 14732.439248475828
Total Score Improvement: 0.6437414554285825

--------------ITERATION 3--------------
Input tree: (((0,(((1,2),(3,4)),(5,6))),((7,8),9)),(((10,((11,12),13)),(14,15)),(((16,(17,18)),(19,((20,21),22))),(23,((24,((25,26),27)),((((28,29),(30,31)),((32,33),(34,35))),36))))));
Initial Score: 9517.519449768426

Step Number: 1
Time Spent: 18.993345034 seconds
New Tree:
Tree: (((0,(((1,2),(3,4)),(5,6))),((7,8),9)),(((10,((11,12),13)),(14,15)),(((16,(17,18)),(19,((20,21),22))),(((((28,29),(30,31)),((32,33),(34,35))),36),((24,((25,26),27)),23)))));
Tree Score: 12198.57242500207
Score Improvement: 0.2816966111163426

Step Number: 2
Time Spent: 19.315137771 seconds
New Tree:
Tree: (((0,(((1,2),(3,4)),(5,6))),((7,8),9)),((((((28,29),(30,31)),((32,33),(34,35))),36),((24,((25,26),27)),23)),(((16,(17,18)),(19,((20,21),22))),((10,((11,12),13)),(14,15)))));
Tree Score: 12734.560122549372
Score Improvement: 0.043938559273439814

Step Number: 3
Time Spent: 19.244017343 seconds
New Tree:
Tree: (((0,(((1,2),(3,4)),(5,6))),((7,8),9)),((((36,((32,33),(34,35))),((28,29),(30,31))),((24,((25,26),27)),23)),(((16,(17,18)),(19,((20,21),22))),((10,((11,12),13)),(14,15)))));
Tree Score: 13041.051022971236
Score Improvement: 0.024067647211398757

Step Number: 4
Time Spent: 19.034721036 seconds
New Tree:
Tree: (((((1,2),(3,4)),(0,(5,6))),((7,8),9)),((((36,((32,33),(34,35))),((28,29),(30,31))),((24,((25,26),27)),23)),(((16,(17,18)),(19,((20,21),22))),((10,((11,12),13)),(14,15)))));
Tree Score: 13280.777447812026
Score Improvement: 0.01838244666158606

Step Number: 5
Time Spent: 18.991347015 seconds
New Tree:
Tree: (((((1,2),(3,4)),((7,8),9)),(0,(5,6))),((((36,((32,33),(34,35))),((28,29),(30,31))),((24,((25,26),27)),23)),(((16,(17,18)),(19,((20,21),22))),((10,((11,12),13)),(14,15)))));
Tree Score: 13658.125496936424
Score Improvement: 0.028413099354101856

Step Number: 6
Time Spent: 18.990173122 seconds
New Tree:
Tree: (((((1,2),(3,4)),((7,8),9)),(0,(5,6))),((((36,((32,33),(34,35))),((28,29),(30,31))),((24,23),((25,26),27))),(((16,(17,18)),(19,((20,21),22))),((10,((11,12),13)),(14,15)))));
Tree Score: 13847.647822271494
Score Improvement: 0.013876159314657244

Step Number: 7
Time Spent: 18.910349075 seconds
New Tree:
Tree: (((((1,2),(3,4)),((7,8),9)),(0,(5,6))),((((36,((32,33),(34,35))),((28,29),(30,31))),((24,23),((25,26),27))),(((16,(17,18)),(19,((20,21),22))),((10,(14,15)),((11,12),13)))));
Tree Score: 14016.69542251846
Score Improvement: 0.012207676163968006

Step Number: 8
Time Spent: 18.871564674 seconds
New Tree:
Tree: (((((1,2),(3,4)),((7,8),9)),(0,(5,6))),((((36,((32,33),(34,35))),((28,29),(30,31))),((24,23),((25,26),27))),(((16,(17,18)),((20,21),(19,22))),((10,(14,15)),((11,12),13)))));
Tree Score: 14064.741547190977
Score Improvement: 0.003427778318941588

Step Number: 9
Time Spent: 18.88471893 seconds
New Tree:
Tree: (((((1,2),(3,4)),((7,8),9)),(0,(5,6))),((((36,((32,33),(34,35))),((28,29),(30,31))),((25,26),((24,23),27))),(((16,(17,18)),((20,21),(19,22))),((10,(14,15)),((11,12),13)))));
Tree Score: 14099.16827190241
Score Improvement: 0.0024477324802536504

Step Number: 10
Time Spent: 18.88453881 seconds
New Tree:
Tree: (((((1,2),(3,4)),((7,8),9)),(0,(5,6))),(((((34,35),((32,33),36)),((28,29),(30,31))),((25,26),((24,23),27))),(((16,(17,18)),((20,21),(19,22))),((10,(14,15)),((11,12),13)))));
Tree Score: 14119.835472260995
Score Improvement: 0.0014658453576847918

Step Number: 11
Time Spent: 18.923020309 seconds
New Tree:
Tree: (((((1,2),(3,4)),((7,8),9)),(0,(5,6))),(((((34,35),((32,33),36)),((28,29),(30,31))),((25,26),((24,23),27))),(((16,(17,18)),((20,21),(19,22))),((10,(14,15)),((11,13),12)))));
Tree Score: 14139.434772164954
Score Improvement: 0.0013880685750526922

Step Number: 12
Time Spent: 18.908166185 seconds
New Tree:
Tree: (((((1,2),(3,4)),((7,8),9)),(0,(5,6))),(((((34,35),((36,33),32)),((28,29),(30,31))),((25,26),((24,23),27))),(((16,(17,18)),((20,21),(19,22))),((10,(14,15)),((11,13),12)))));
Tree Score: 14158.633046877963
Score Improvement: 0.0013577823316390791

Step Number: 13
Time Spent: 18.892690545 seconds
New Tree:
Tree: (((((1,2),(3,4)),((7,8),9)),(0,(5,6))),(((((34,35),((36,33),32)),((28,29),(30,31))),((25,26),((24,27),23))),(((16,(17,18)),((20,21),(19,22))),((10,(14,15)),((11,13),12)))));
Tree Score: 14171.479546917064
Score Improvement: 9.073262931926784E-4

Step Number: 14
Time Spent: 18.901276133 seconds
New Tree:
Tree: (((((1,2),(3,4)),((7,8),9)),(0,(5,6))),(((((34,35),((36,33),32)),((28,29),(30,31))),((24,27),((25,26),23))),(((16,(17,18)),((20,21),(19,22))),((10,(14,15)),((11,13),12)))));
Tree Score: 14180.8634464754
Score Improvement: 6.621679498790556E-4

Step Number: 15
Time Spent: 18.901701537 seconds
New Tree:
Tree: (((((1,2),(3,4)),((7,8),9)),(0,(5,6))),(((((34,35),((36,33),32)),((28,29),(30,31))),((24,27),((25,26),23))),(((16,(17,18)),((20,21),(19,22))),((14,(10,15)),((11,13),12)))));
Tree Score: 14183.281621498449
Score Improvement: 1.7052382121707232E-4

Step Number: 16
Time Spent: 18.918388924 seconds
New Tree:
Tree: (((((1,2),(3,4)),((7,8),9)),(0,(5,6))),(((((34,35),((36,33),32)),((28,29),(30,31))),((24,27),((25,26),23))),(((17,(16,18)),((20,21),(19,22))),((14,(10,15)),((11,13),12)))));
Tree Score: 14184.062396497859
Score Improvement: 5.5048966822068834E-5

Step Number: 17
Time Spent: 18.969240502 seconds
New Tree:
Tree: (((((1,2),(3,4)),((7,8),9)),(0,(5,6))),(((((34,35),((36,33),32)),((28,29),(30,31))),((24,27),((23,26),25))),(((17,(16,18)),((20,21),(19,22))),((14,(10,15)),((11,13),12)))));
Tree Score: 14184.59219659811
Score Improvement: 3.73517886089747E-5

Step Number: 18
Time Spent: 18.964593194 seconds
New Tree:
Tree: (((((1,2),(3,4)),((7,8),9)),(0,(5,6))),(((((34,35),((36,33),32)),((28,29),(30,31))),((23,26),((24,27),25))),(((17,(16,18)),((20,21),(19,22))),((14,(10,15)),((11,13),12)))));
Tree Score: 14187.546546484737
Score Improvement: 2.0827880320273273E-4

Step Number: 19
Time Spent: 18.973936211 seconds
New Tree:
Tree: (((((1,2),(3,4)),((7,8),9)),(0,(5,6))),(((((34,35),((36,33),32)),((28,29),(30,31))),((23,26),((25,27),24))),(((17,(16,18)),((20,21),(19,22))),((14,(10,15)),((11,13),12)))));
Tree Score: 14188.66234650409
Score Improvement: 7.864643937538496E-5

Step Number: 20
Time Spent: 18.984761331 seconds
New Tree:
Tree: (((((1,2),(3,4)),((7,8),9)),(0,(5,6))),(((((34,35),((36,33),32)),((28,29),(30,31))),((23,26),((25,27),24))),(((17,(16,18)),((20,21),(19,22))),((14,(10,15)),((11,13),12)))));
Tree Score: 14188.66234650409
Score Improvement: 0.0

TOTAL STEPS: 20
TOTAL TIME: 379.457687681 seconds
Final tree: Tree: (((((1,2),(3,4)),((7,8),9)),(0,(5,6))),(((((34,35),((36,33),32)),((28,29),(30,31))),((23,26),((25,27),24))),(((17,(16,18)),((20,21),(19,22))),((14,(10,15)),((11,13),12)))));
Tree Score: 14188.66234650409
Total Score Improvement: 0.490794152971163

--------------ITERATION 4--------------
Input tree: (((((0,1),((2,3),(4,5))),(6,(((7,8),9),(10,11)))),(12,(((13,14),(15,((16,(17,18)),19))),((20,21),22)))),(23,((24,(25,(26,(27,(28,29))))),((30,(31,(32,33))),((34,35),36)))));
Initial Score: 6930.922475216124

Step Number: 1
Time Spent: 19.045766574 seconds
New Tree:
Tree: ((((12,(((13,14),(15,((16,(17,18)),19))),((20,21),22))),(6,(((7,8),9),(10,11)))),((0,1),((2,3),(4,5)))),(23,((24,(25,(26,(27,(28,29))))),((30,(31,(32,33))),((34,35),36)))));
Tree Score: 10443.595624579262
Score Improvement: 0.5068117789405231

Step Number: 2
Time Spent: 19.41207426 seconds
New Tree:
Tree: ((((12,(((13,14),(15,((16,(17,18)),19))),((20,21),22))),(6,(((7,8),9),(10,11)))),((0,1),((2,3),(4,5)))),((24,(25,(26,(27,(28,29))))),(23,((30,(31,(32,33))),((34,35),36)))));
Tree Score: 12356.232200775441
Score Improvement: 0.18313966232996814

Step Number: 3
Time Spent: 19.134333633 seconds
New Tree:
Tree: ((((12,(6,(((7,8),9),(10,11)))),(((13,14),(15,((16,(17,18)),19))),((20,21),22))),((0,1),((2,3),(4,5)))),((24,(25,(26,(27,(28,29))))),(23,((30,(31,(32,33))),((34,35),36)))));
Tree Score: 13477.265225850191
Score Improvement: 0.09072612159266469

Step Number: 4
Time Spent: 18.974230033 seconds
New Tree:
Tree: (((((((7,8),9),(10,11)),(6,12)),(((13,14),(15,((16,(17,18)),19))),((20,21),22))),((0,1),((2,3),(4,5)))),((24,(25,(26,(27,(28,29))))),(23,((30,(31,(32,33))),((34,35),36)))));
Tree Score: 14201.863024439808
Score Improvement: 0.05376445342930514

Step Number: 5
Time Spent: 19.141201616 seconds
New Tree:
Tree: (((((((7,8),9),(10,11)),(6,12)),(((13,14),(15,((16,(17,18)),19))),((20,21),22))),((0,1),((2,3),(4,5)))),(((26,(27,(28,29))),(25,24)),(23,((30,(31,(32,33))),((34,35),36)))));
Tree Score: 14550.77302442133
Score Improvement: 0.024567903477247244

Step Number: 6
Time Spent: 19.279414094 seconds
New Tree:
Tree: ((((((6,12),(10,11)),((7,8),9)),(((13,14),(15,((16,(17,18)),19))),((20,21),22))),((0,1),((2,3),(4,5)))),(((26,(27,(28,29))),(25,24)),(23,((30,(31,(32,33))),((34,35),36)))));
Tree Score: 14886.860824738309
Score Improvement: 0.023097590743316854

Step Number: 7
Time Spent: 19.193658775 seconds
New Tree:
Tree: ((((((6,12),(10,11)),((7,8),9)),(((13,14),(15,((16,(17,18)),19))),((20,21),22))),((0,1),((2,3),(4,5)))),(((26,(25,24)),(27,(28,29))),(23,((30,(31,(32,33))),((34,35),36)))));
Tree Score: 15073.947399926052
Score Improvement: 0.012567228067105418

Step Number: 8
Time Spent: 19.139714834 seconds
New Tree:
Tree: ((((((6,12),(10,11)),((7,8),9)),(((13,14),((16,(17,18)),(15,19))),((20,21),22))),((0,1),((2,3),(4,5)))),(((26,(25,24)),(27,(28,29))),(23,((30,(31,(32,33))),((34,35),36)))));
Tree Score: 15174.060425030679
Score Improvement: 0.006641460424965828

Step Number: 9
Time Spent: 19.145838797 seconds
New Tree:
Tree: ((((((6,12),(10,11)),((7,8),9)),(((13,14),((16,(17,18)),(15,19))),((20,21),22))),((2,3),((0,1),(4,5)))),(((26,(25,24)),(27,(28,29))),(23,((30,(31,(32,33))),((34,35),36)))));
Tree Score: 15264.964925679058
Score Improvement: 0.00599078282952048

Step Number: 10
Time Spent: 19.161254585 seconds
New Tree:
Tree: ((((((6,12),(10,11)),((7,8),9)),(((13,14),((16,(17,18)),(15,19))),((20,21),22))),((2,3),((0,1),(4,5)))),(((26,(25,24)),(27,(28,29))),(23,(((32,33),(31,30)),((34,35),36)))));
Tree Score: 15335.198000658915
Score Improvement: 0.004600932614113651

Step Number: 11
Time Spent: 19.253466241 seconds
New Tree:
Tree: ((((((6,12),(10,11)),((7,8),9)),(((13,14),((16,(17,18)),(15,19))),((20,21),22))),((2,3),((0,1),(4,5)))),(((24,(25,26)),(27,(28,29))),(23,(((32,33),(31,30)),((34,35),36)))));
Tree Score: 15349.456350427732
Score Improvement: 9.297793069384941E-4

Step Number: 12
Time Spent: 19.187600113 seconds
New Tree:
Tree: ((((((6,(10,11)),12),((7,8),9)),(((13,14),((16,(17,18)),(15,19))),((20,21),22))),((2,3),((0,1),(4,5)))),(((24,(25,26)),(27,(28,29))),(23,(((32,33),(31,30)),((34,35),36)))));
Tree Score: 15359.919650576805
Score Improvement: 6.816723609095465E-4

Step Number: 13
Time Spent: 19.224649937 seconds
New Tree:
Tree: ((((((6,(10,11)),12),((7,8),9)),(((13,14),((16,(17,18)),(15,19))),((20,22),21))),((2,3),((0,1),(4,5)))),(((24,(25,26)),(27,(28,29))),(23,(((32,33),(31,30)),((34,35),36)))));
Tree Score: 15362.5999510845
Score Improvement: 1.7449964379157024E-4

Step Number: 14
Time Spent: 19.332197622 seconds
New Tree:
Tree: ((((((6,(10,11)),12),((7,8),9)),(((13,14),((16,(17,18)),(15,19))),((20,22),21))),((2,3),((0,1),(4,5)))),(((24,(25,26)),(28,(27,29))),(23,(((32,33),(31,30)),((34,35),36)))));
Tree Score: 15363.166976161097
Score Improvement: 3.690944751566505E-5

Step Number: 15
Time Spent: 19.350739085 seconds
New Tree:
Tree: ((((((6,(10,11)),12),((7,8),9)),(((13,14),((16,(17,18)),(15,19))),((20,22),21))),((2,3),((0,1),(4,5)))),(((24,(25,26)),(28,(27,29))),(23,(((32,33),(31,30)),((36,35),34)))));
Tree Score: 15363.475951134955
Score Improvement: 2.0111411555667758E-5

Step Number: 16
Time Spent: 19.353612007 seconds
New Tree:
Tree: ((((((6,(10,11)),12),((7,8),9)),(((13,14),((17,(16,18)),(15,19))),((20,22),21))),((2,3),((0,1),(4,5)))),(((24,(25,26)),(28,(27,29))),(23,(((32,33),(31,30)),((36,35),34)))));
Tree Score: 15363.55682604367
Score Improvement: 5.264102275637228E-6

Step Number: 17
Time Spent: 19.35028819 seconds
New Tree:
Tree: ((((((6,(10,11)),12),((7,8),9)),(((13,14),((17,(16,18)),(15,19))),((20,22),21))),((2,3),((0,1),(4,5)))),(((24,(25,26)),(28,(27,29))),(23,(((32,33),(31,30)),((36,35),34)))));
Tree Score: 15363.55682604367
Score Improvement: 0.0

TOTAL STEPS: 17
TOTAL TIME: 326.680040396 seconds
Final tree: Tree: ((((((6,(10,11)),12),((7,8),9)),(((13,14),((17,(16,18)),(15,19))),((20,22),21))),((2,3),((0,1),(4,5)))),(((24,(25,26)),(28,(27,29))),(23,(((32,33),(31,30)),((36,35),34)))));
Tree Score: 15363.55682604367
Total Score Improvement: 1.2166683989009117

--------------ITERATION 5--------------
Input tree: ((((0,1),((((2,(3,(4,(5,6)))),(7,8)),9),((10,11),12))),(((13,14),((15,16),17)),18)),(((((19,20),21),(22,23)),((24,((25,(26,(27,28))),29)),((30,(31,32)),(33,(34,35))))),36));
Initial Score: 8400.909222695816

Step Number: 1
Time Spent: 23.875496668 seconds
New Tree:
Tree: ((((0,1),((((2,(3,(4,(5,6)))),(7,8)),9),((10,11),12))),(((13,14),((15,16),17)),18)),(((((19,20),21),(22,23)),36),((24,((25,(26,(27,28))),29)),((30,(31,32)),(33,(34,35))))));
Tree Score: 9588.498448390354
Score Improvement: 0.1413643683336272

Step Number: 2
Time Spent: 28.493128911 seconds
New Tree:
Tree: ((((0,1),((((2,(3,(4,(5,6)))),(7,8)),9),((10,11),12))),((24,((25,(26,(27,28))),29)),((30,(31,32)),(33,(34,35))))),(((((19,20),21),(22,23)),36),(((13,14),((15,16),17)),18)));
Tree Score: 10970.16365085177
Score Improvement: 0.1440960969956

Step Number: 3
Time Spent: 23.12259478 seconds
New Tree:
Tree: ((((((2,(3,(4,(5,6)))),(7,8)),9),((0,1),((10,11),12))),((24,((25,(26,(27,28))),29)),((30,(31,32)),(33,(34,35))))),(((((19,20),21),(22,23)),36),(((13,14),((15,16),17)),18)));
Tree Score: 11875.354799831824
Score Improvement: 0.08251391481382075

Step Number: 4
Time Spent: 19.665213992 seconds
New Tree:
Tree: ((((((2,(3,(4,(5,6)))),(7,8)),9),((0,1),((10,11),12))),((24,((25,(26,(27,28))),29)),((30,(31,32)),(33,(34,35))))),(((36,(22,23)),((19,20),21)),(((13,14),((15,16),17)),18)));
Tree Score: 12164.717724729868
Score Improvement: 0.024366676177299595

Step Number: 5
Time Spent: 19.497761133 seconds
New Tree:
Tree: ((((((0,1),((10,11),12)),9),((2,(3,(4,(5,6)))),(7,8))),((24,((25,(26,(27,28))),29)),((30,(31,32)),(33,(34,35))))),(((36,(22,23)),((19,20),21)),(((13,14),((15,16),17)),18)));
Tree Score: 12409.80442607301
Score Improvement: 0.020147339781251272

Step Number: 6
Time Spent: 19.285081085 seconds
New Tree:
Tree: ((((((0,1),((10,11),12)),9),((2,(3,(4,(5,6)))),(7,8))),(((25,(26,(27,28))),(24,29)),((30,(31,32)),(33,(34,35))))),(((36,(22,23)),((19,20),21)),(((13,14),((15,16),17)),18)));
Tree Score: 12636.339075921947
Score Improvement: 0.018254489923546835

Step Number: 7
Time Spent: 19.291380839 seconds
New Tree:
Tree: ((((((0,1),((10,11),12)),9),((2,(3,(4,(5,6)))),(7,8))),(((25,(26,(27,28))),(24,29)),((30,(31,32)),(33,(34,35))))),(((36,(22,23)),((19,20),21)),(((13,14),18),((15,16),17))));
Tree Score: 12841.18520078613
Score Improvement: 0.016210875921690793

Step Number: 8
Time Spent: 19.199024681 seconds
New Tree:
Tree: ((((((0,1),((10,11),12)),9),(((4,(5,6)),(3,2)),(7,8))),(((25,(26,(27,28))),(24,29)),((30,(31,32)),(33,(34,35))))),(((36,(22,23)),((19,20),21)),(((13,14),18),((15,16),17))));
Tree Score: 12995.68175072575
Score Improvement: 0.01203133102777465

Step Number: 9
Time Spent: 19.285712451 seconds
New Tree:
Tree: ((((((0,1),((10,11),12)),9),(((4,(5,6)),(3,2)),(7,8))),(((25,(24,29)),(26,(27,28))),((30,(31,32)),(33,(34,35))))),(((36,(22,23)),((19,20),21)),(((13,14),18),((15,16),17))));
Tree Score: 13130.583051126245
Score Improvement: 0.010380471220216014

Step Number: 10
Time Spent: 19.185107827 seconds
New Tree:
Tree: ((((((0,1),((10,11),12)),9),(((7,8),(3,2)),(4,(5,6)))),(((25,(24,29)),(26,(27,28))),((30,(31,32)),(33,(34,35))))),(((36,(22,23)),((19,20),21)),(((13,14),18),((15,16),17))));
Tree Score: 13250.681076337098
Score Improvement: 0.0091464350625734

Step Number: 11
Time Spent: 19.100754782 seconds
New Tree:
Tree: ((((((0,1),9),((10,11),12)),(((7,8),(3,2)),(4,(5,6)))),(((25,(24,29)),(26,(27,28))),((30,(31,32)),(33,(34,35))))),(((36,(22,23)),((19,20),21)),(((13,14),18),((15,16),17))));
Tree Score: 13317.479126499189
Score Improvement: 0.005041103153661908

Step Number: 12
Time Spent: 19.016723706 seconds
New Tree:
Tree: (((((10,11),(((0,1),9),12)),(((7,8),(3,2)),(4,(5,6)))),(((25,(24,29)),(26,(27,28))),((30,(31,32)),(33,(34,35))))),(((36,(22,23)),((19,20),21)),(((13,14),18),((15,16),17))));
Tree Score: 13363.417951177029
Score Improvement: 0.0034495135484335915

Step Number: 13
Time Spent: 19.02472591 seconds
New Tree:
Tree: (((((10,11),((12,9),(0,1))),(((7,8),(3,2)),(4,(5,6)))),(((25,(24,29)),(26,(27,28))),((30,(31,32)),(33,(34,35))))),(((36,(22,23)),((19,20),21)),(((13,14),18),((15,16),17))));
Tree Score: 13421.967676214097
Score Improvement: 0.0043813435493058606

Step Number: 14
Time Spent: 19.081402321 seconds
New Tree:
Tree: (((((10,11),((12,9),(0,1))),(((7,8),(3,2)),(4,(5,6)))),(((25,(24,29)),(26,(27,28))),((30,(31,32)),(34,(33,35))))),(((36,(22,23)),((19,20),21)),(((13,14),18),((15,16),17))));
Tree Score: 13467.236651185356
Score Improvement: 0.0033727524952607

Step Number: 15
Time Spent: 20.163456191 seconds
New Tree:
Tree: (((((10,11),((12,9),(0,1))),(((7,8),(3,2)),(4,(5,6)))),(((25,(24,29)),(26,(27,28))),((30,(31,32)),(34,(33,35))))),(((36,(22,23)),((19,20),21)),(((18,14),13),((15,16),17))));
Tree Score: 13493.72267613133
Score Improvement: 0.001966700788883946

Step Number: 16
Time Spent: 27.477308813 seconds
New Tree:
Tree: (((((10,11),((12,9),(0,1))),(((7,8),(3,2)),(4,(5,6)))),(((25,(24,29)),(26,(27,28))),((30,(31,32)),(34,(33,35))))),(((19,20),((36,(22,23)),21)),(((18,14),13),((15,16),17))));
Tree Score: 13512.467800970577
Score Improvement: 0.0013891737135227622

Step Number: 17
Time Spent: 27.508680469 seconds
New Tree:
Tree: (((((10,11),((12,9),(0,1))),(((7,8),(3,2)),(4,(5,6)))),(((25,(24,29)),(26,(27,28))),((30,(31,32)),(34,(33,35))))),(((19,20),((36,21),(22,23))),(((18,14),13),((15,16),17))));
Tree Score: 13537.469776041262
Score Improvement: 0.0018502893356673322

Step Number: 18
Time Spent: 27.442931605 seconds
New Tree:
Tree: (((((10,11),((12,9),(0,1))),(((7,8),(3,2)),(4,(5,6)))),(((24,(25,29)),(26,(27,28))),((30,(31,32)),(34,(33,35))))),(((19,20),((36,21),(22,23))),(((18,14),13),((15,16),17))));
Tree Score: 13541.447300992362
Score Improvement: 2.938159801575413E-4

Step Number: 19
Time Spent: 27.461639571 seconds
New Tree:
Tree: (((((10,11),((12,9),(0,1))),(((7,8),(3,2)),(4,(5,6)))),(((24,(25,29)),(26,(27,28))),((30,(31,32)),(34,(33,35))))),(((19,20),((36,21),(22,23))),(((18,14),13),((15,16),17))));
Tree Score: 13541.447300992362
Score Improvement: 0.0

TOTAL STEPS: 19
TOTAL TIME: 417.178125735 seconds
Final tree: Tree: (((((10,11),((12,9),(0,1))),(((7,8),(3,2)),(4,(5,6)))),(((24,(25,29)),(26,(27,28))),((30,(31,32)),(34,(33,35))))),(((19,20),((36,21),(22,23))),(((18,14),13),((15,16),17))));
Tree Score: 13541.447300992362
Total Score Improvement: 0.6119025860211555

--------------ITERATION 6--------------
Input tree: (((((((0,1),((2,(3,4)),5)),6),(7,(8,9))),10),((11,12),(13,14))),((15,16),(((((17,18),19),(20,(21,(22,23)))),((((24,25),26),27),28)),((((29,30),(31,32)),33),(34,(35,36))))));
Initial Score: 8218.899050139356

Step Number: 1
Time Spent: 29.567447858 seconds
New Tree:
Tree: (((((((0,1),((2,(3,4)),5)),6),(7,(8,9))),10),((11,12),(13,14))),((15,16),((((((29,30),(31,32)),33),(34,(35,36))),((((24,25),26),27),28)),(((17,18),19),(20,(21,(22,23)))))));
Tree Score: 9912.90202577319
Score Improvement: 0.20611069260001558

Step Number: 2
Time Spent: 29.816908702 seconds
New Tree:
Tree: (((((((0,1),((2,(3,4)),5)),6),(7,(8,9))),10),((11,12),(13,14))),((((((29,30),(31,32)),33),(34,(35,36))),((((24,25),26),27),28)),((15,16),(((17,18),19),(20,(21,(22,23)))))));
Tree Score: 11278.328977330588
Score Improvement: 0.13774240358750012

Step Number: 3
Time Spent: 28.833084641 seconds
New Tree:
Tree: (((((((0,1),((2,(3,4)),5)),6),(7,(8,9))),10),((11,12),(13,14))),((((((29,30),(31,32)),33),(34,(35,36))),((((24,25),26),27),28)),((20,(21,(22,23))),(((17,18),19),(15,16)))));
Tree Score: 11992.801076770294
Score Improvement: 0.06334910968422669

Step Number: 4
Time Spent: 28.939027931 seconds
New Tree:
Tree: ((((((7,(8,9)),6),((0,1),((2,(3,4)),5))),10),((11,12),(13,14))),((((((29,30),(31,32)),33),(34,(35,36))),((((24,25),26),27),28)),((20,(21,(22,23))),(((17,18),19),(15,16)))));
Tree Score: 12551.61407835933
Score Improvement: 0.046595703373371045

Step Number: 5
Time Spent: 28.720506149 seconds
New Tree:
Tree: ((((((7,(8,9)),6),((0,1),((2,(3,4)),5))),10),((11,12),(13,14))),((((((29,30),(31,32)),33),(34,(35,36))),((28,27),((24,25),26))),((20,(21,(22,23))),(((17,18),19),(15,16)))));
Tree Score: 12790.898853443214
Score Improvement: 0.019064064078933463

Step Number: 6
Time Spent: 28.429553158 seconds
New Tree:
Tree: ((((((7,6),(8,9)),((0,1),((2,(3,4)),5))),10),((11,12),(13,14))),((((((29,30),(31,32)),33),(34,(35,36))),((28,27),((24,25),26))),((20,(21,(22,23))),(((17,18),19),(15,16)))));
Tree Score: 12964.059427249827
Score Improvement: 0.013537795567822863

Step Number: 7
Time Spent: 28.368237121 seconds
New Tree:
Tree: ((((((7,6),(8,9)),((0,1),((2,(3,4)),5))),10),((11,12),(13,14))),((((((29,30),33),(31,32)),(34,(35,36))),((28,27),((24,25),26))),((20,(21,(22,23))),(((17,18),19),(15,16)))));
Tree Score: 13127.600476767519
Score Improvement: 0.012614956791538345

Step Number: 8
Time Spent: 28.307605877 seconds
New Tree:
Tree: ((((((7,6),(8,9)),((2,(3,4)),((0,1),5))),10),((11,12),(13,14))),((((((29,30),33),(31,32)),(34,(35,36))),((28,27),((24,25),26))),((20,(21,(22,23))),(((17,18),19),(15,16)))));
Tree Score: 13234.083675880567
Score Improvement: 0.00811139852263909

Step Number: 9
Time Spent: 28.404702512 seconds
New Tree:
Tree: (((((11,12),(13,14)),10),(((7,6),(8,9)),((2,(3,4)),((0,1),5)))),((((((29,30),33),(31,32)),(34,(35,36))),((28,27),((24,25),26))),((20,(21,(22,23))),(((17,18),19),(15,16)))));
Tree Score: 13294.592625478399
Score Improvement: 0.004572205456741196

Step Number: 10
Time Spent: 27.542779149 seconds
New Tree:
Tree: ((((2,(3,4)),((0,1),5)),(((7,6),(8,9)),(((11,12),(13,14)),10))),((((((29,30),33),(31,32)),(34,(35,36))),((28,27),((24,25),26))),((20,(21,(22,23))),(((17,18),19),(15,16)))));
Tree Score: 14076.61880059319
Score Improvement: 0.0588228761230396

Step Number: 11
Time Spent: 27.611729188 seconds
New Tree:
Tree: ((((20,(21,(22,23))),(((17,18),19),(15,16))),(((7,6),(8,9)),(((11,12),(13,14)),10))),((((((29,30),33),(31,32)),(34,(35,36))),((28,27),((24,25),26))),((2,(3,4)),((0,1),5))));
Tree Score: 16209.622023431235
Score Improvement: 0.1515280944276305

Step Number: 12
Time Spent: 27.859948322 seconds
New Tree:
Tree: ((((20,(21,(22,23))),(((17,18),19),(15,16))),(((7,6),(8,9)),((10,(13,14)),(11,12)))),((((((29,30),33),(31,32)),(34,(35,36))),((28,27),((24,25),26))),((2,(3,4)),((0,1),5))));
Tree Score: 16282.759523084038
Score Improvement: 0.004511980572223129

Step Number: 13
Time Spent: 27.731473116 seconds
New Tree:
Tree: (((((22,23),(21,20)),(((17,18),19),(15,16))),(((7,6),(8,9)),((10,(13,14)),(11,12)))),((((((29,30),33),(31,32)),(34,(35,36))),((28,27),((24,25),26))),((2,(3,4)),((0,1),5))));
Tree Score: 16325.263123243698
Score Improvement: 0.0026103437872064816

Step Number: 14
Time Spent: 27.793000773 seconds
New Tree:
Tree: (((((22,23),(21,20)),(((17,18),19),(15,16))),(((7,6),(8,9)),((10,(13,14)),(11,12)))),((((((29,30),33),(31,32)),(34,(35,36))),((28,27),((26,25),24))),((2,(3,4)),((0,1),5))));
Tree Score: 16343.898673116812
Score Improvement: 0.001141516049844249

Step Number: 15
Time Spent: 27.829226818 seconds
New Tree:
Tree: (((((22,23),(21,20)),(((17,18),19),(15,16))),(((7,6),(8,9)),((10,(13,14)),(11,12)))),((((((29,30),33),(31,32)),(34,(35,36))),((28,27),((26,25),24))),((2,(3,4)),((5,1),0))));
Tree Score: 16355.982073243358
Score Improvement: 7.393217718867362E-4

Step Number: 16
Time Spent: 27.83304085 seconds
New Tree:
Tree: (((((22,23),(21,20)),(((17,18),19),(15,16))),(((7,6),(8,9)),((13,(10,14)),(11,12)))),((((((29,30),33),(31,32)),(34,(35,36))),((28,27),((26,25),24))),((2,(3,4)),((5,1),0))));
Tree Score: 16357.480873372057
Score Improvement: 9.163620515040272E-5

Step Number: 17
Time Spent: 27.829175206 seconds
New Tree:
Tree: (((((22,23),(21,20)),(((17,18),19),(15,16))),(((7,6),(8,9)),((13,(10,14)),(11,12)))),((((((29,30),33),(31,32)),(34,(35,36))),((28,27),((26,25),24))),((2,(3,4)),((5,1),0))));
Tree Score: 16357.480873372057
Score Improvement: 0.0

TOTAL STEPS: 17
TOTAL TIME: 481.417447371 seconds
Final tree: Tree: (((((22,23),(21,20)),(((17,18),19),(15,16))),(((7,6),(8,9)),((13,(10,14)),(11,12)))),((((((29,30),33),(31,32)),(34,(35,36))),((28,27),((26,25),24))),((2,(3,4)),((5,1),0))));
Tree Score: 16357.480873372057
Total Score Improvement: 0.9902277389688472

--------------ITERATION 7--------------
Input tree: (((0,1),((2,(((3,4),(5,6)),7)),((((8,9),(10,11)),(12,13)),(14,15)))),((((16,(17,18)),(19,20)),21),((((22,(23,(((24,25),26),27))),(28,29)),(30,31)),(((32,33),(34,35)),36))));
Initial Score: 9848.34219951895

Step Number: 1
Time Spent: 28.694417426 seconds
New Tree:
Tree: ((((((8,9),(10,11)),(12,13)),(14,15)),((2,(((3,4),(5,6)),7)),(0,1))),((((16,(17,18)),(19,20)),21),((((22,(23,(((24,25),26),27))),(28,29)),(30,31)),(((32,33),(34,35)),36))));
Tree Score: 10962.553424534206
Score Improvement: 0.11313693233259925

Step Number: 2
Time Spent: 28.999043385 seconds
New Tree:
Tree: ((((((22,(23,(((24,25),26),27))),(28,29)),(30,31)),(((32,33),(34,35)),36)),((2,(((3,4),(5,6)),7)),(0,1))),((((16,(17,18)),(19,20)),21),((((8,9),(10,11)),(12,13)),(14,15))));
Tree Score: 11952.142973402042
Score Improvement: 0.09026998642972472

Step Number: 3
Time Spent: 29.444099002 seconds
New Tree:
Tree: (((((((32,33),(34,35)),36),(30,31)),((22,(23,(((24,25),26),27))),(28,29))),((2,(((3,4),(5,6)),7)),(0,1))),((((16,(17,18)),(19,20)),21),((((8,9),(10,11)),(12,13)),(14,15))));
Tree Score: 12660.603648143115
Score Improvement: 0.0592747824651747

Step Number: 4
Time Spent: 29.13600298 seconds
New Tree:
Tree: (((((((32,33),(34,35)),36),(30,31)),((22,(23,(((24,25),26),27))),(28,29))),((2,(((3,4),(5,6)),7)),(0,1))),((((16,(17,18)),(19,20)),21),(((14,15),(12,13)),((8,9),(10,11)))));
Tree Score: 13157.278948454412
Score Improvement: 0.039229985719057225

Step Number: 5
Time Spent: 28.881181959 seconds
New Tree:
Tree: (((((((32,33),(34,35)),36),(30,31)),((22,(23,(((24,25),26),27))),(28,29))),((2,(((3,4),(5,6)),7)),(0,1))),(((21,(19,20)),(16,(17,18))),(((14,15),(12,13)),((8,9),(10,11)))));
Tree Score: 13628.365373013767
Score Improvement: 0.03580424390217041

Step Number: 6
Time Spent: 28.603143808 seconds
New Tree:
Tree: (((((((32,33),(34,35)),36),(30,31)),((22,(23,(((24,25),26),27))),(28,29))),((2,(0,1)),(((3,4),(5,6)),7))),(((21,(19,20)),(16,(17,18))),(((14,15),(12,13)),((8,9),(10,11)))));
Tree Score: 13926.859499043407
Score Improvement: 0.02190241587011621

Step Number: 7
Time Spent: 28.3575315 seconds
New Tree:
Tree: ((((((30,31),36),((32,33),(34,35))),((22,(23,(((24,25),26),27))),(28,29))),((2,(0,1)),(((3,4),(5,6)),7))),(((21,(19,20)),(16,(17,18))),(((14,15),(12,13)),((8,9),(10,11)))));
Tree Score: 14064.494398197712
Score Improvement: 0.009882694599149255

Step Number: 8
Time Spent: 28.096819575 seconds
New Tree:
Tree: ((((((30,31),36),((32,33),(34,35))),((22,(23,(((24,25),26),27))),(28,29))),(((3,4),(5,6)),((2,(0,1)),7))),(((21,(19,20)),(16,(17,18))),(((14,15),(12,13)),((8,9),(10,11)))));
Tree Score: 14171.481348180983
Score Improvement: 0.007606882050234409

Step Number: 9
Time Spent: 28.072854028 seconds
New Tree:
Tree: ((((((30,31),36),((32,33),(34,35))),((22,(23,(((24,25),26),27))),(28,29))),(((3,4),(5,6)),((2,7),(0,1)))),(((21,(19,20)),(16,(17,18))),(((14,15),(12,13)),((8,9),(10,11)))));
Tree Score: 14256.30109828202
Score Improvement: 0.005985242334028973

Step Number: 10
Time Spent: 28.042288199 seconds
New Tree:
Tree: ((((((30,31),36),((32,33),(34,35))),((22,(28,29)),(23,(((24,25),26),27)))),(((3,4),(5,6)),((2,7),(0,1)))),(((21,(19,20)),(16,(17,18))),(((14,15),(12,13)),((8,9),(10,11)))));
Tree Score: 14332.303423179
Score Improvement: 0.005331139148438746

Step Number: 11
Time Spent: 27.842003233 seconds
New Tree:
Tree: ((((((30,31),36),((32,33),(34,35))),((((24,25),26),27),(23,(22,(28,29))))),(((3,4),(5,6)),((2,7),(0,1)))),(((21,(19,20)),(16,(17,18))),(((14,15),(12,13)),((8,9),(10,11)))));
Tree Score: 14499.453773316265
Score Improvement: 0.011662490334033881

Step Number: 12
Time Spent: 27.94476253 seconds
New Tree:
Tree: ((((((30,31),36),((32,33),(34,35))),(((27,26),(24,25)),(23,(22,(28,29))))),(((3,4),(5,6)),((2,7),(0,1)))),(((21,(19,20)),(16,(17,18))),(((14,15),(12,13)),((8,9),(10,11)))));
Tree Score: 14564.910923458905
Score Improvement: 0.004514456279939516

Step Number: 13
Time Spent: 27.815249551 seconds
New Tree:
Tree: ((((((36,31),30),((32,33),(34,35))),(((27,26),(24,25)),(23,(22,(28,29))))),(((3,4),(5,6)),((2,7),(0,1)))),(((21,(19,20)),(16,(17,18))),(((14,15),(12,13)),((8,9),(10,11)))));
Tree Score: 14593.017223743525
Score Improvement: 0.0019297268917279897

Step Number: 14
Time Spent: 27.824333179 seconds
New Tree:
Tree: ((((((36,31),30),((32,33),(34,35))),(((27,26),(24,25)),((28,29),(22,23)))),(((3,4),(5,6)),((2,7),(0,1)))),(((21,(19,20)),(16,(17,18))),(((14,15),(12,13)),((8,9),(10,11)))));
Tree Score: 14613.827848359164
Score Improvement: 0.001426067296198319

Step Number: 15
Time Spent: 27.882562511 seconds
New Tree:
Tree: ((((((36,31),30),((32,33),(34,35))),(((27,26),(24,25)),((28,29),(22,23)))),(((3,4),(5,6)),((2,7),(0,1)))),(((19,(21,20)),(16,(17,18))),(((14,15),(12,13)),((8,9),(10,11)))));
Tree Score: 14620.24987371188
Score Improvement: 4.394485428016459E-4

Step Number: 16
Time Spent: 27.874976072 seconds
New Tree:
Tree: ((((((36,31),30),((32,33),(34,35))),(((27,26),(24,25)),((28,29),(22,23)))),(((3,4),(5,6)),((2,7),(0,1)))),(((19,(21,20)),(17,(16,18))),(((14,15),(12,13)),((8,9),(10,11)))));
Tree Score: 14620.912123697963
Score Improvement: 4.5296762490654174E-5

Step Number: 17
Time Spent: 27.870214362 seconds
New Tree:
Tree: ((((((36,31),30),((32,33),(34,35))),(((27,26),(24,25)),((28,29),(22,23)))),(((3,4),(5,6)),((2,7),(0,1)))),(((19,(21,20)),(17,(16,18))),(((14,15),(12,13)),((8,9),(10,11)))));
Tree Score: 14620.912123697963
Score Improvement: 0.0

TOTAL STEPS: 17
TOTAL TIME: 481.3814833 seconds
Final tree: Tree: ((((((36,31),30),((32,33),(34,35))),(((27,26),(24,25)),((28,29),(22,23)))),(((3,4),(5,6)),((2,7),(0,1)))),(((19,(21,20)),(17,(16,18))),(((14,15),(12,13)),((8,9),(10,11)))));
Tree Score: 14620.912123697963
Total Score Improvement: 0.4846064268981367

--------------ITERATION 8--------------
Input tree: ((((0,1),(2,(3,4))),(5,(6,7))),(((((8,(9,10)),11),(12,13)),((((14,15),(16,17)),18),(19,20))),(((21,22),((23,24),25)),((26,(27,28)),((29,30),(((31,32),33),((34,35),36)))))));
Initial Score: 12185.406474916625

Step Number: 1
Time Spent: 27.421423563 seconds
New Tree:
Tree: ((((0,1),(2,(3,4))),(5,(6,7))),(((((8,(9,10)),11),(12,13)),((((14,15),(16,17)),18),(19,20))),(((29,30),(((31,32),33),((34,35),36))),((26,(27,28)),((21,22),((23,24),25))))));
Tree Score: 12850.478125807957
Score Improvement: 0.05457935705799932

Step Number: 2
Time Spent: 28.30257053 seconds
New Tree:
Tree: ((((0,1),(5,(6,7))),(2,(3,4))),(((((8,(9,10)),11),(12,13)),((((14,15),(16,17)),18),(19,20))),(((29,30),(((31,32),33),((34,35),36))),((26,(27,28)),((21,22),((23,24),25))))));
Tree Score: 13233.209749103462
Score Improvement: 0.029783453934438153

Step Number: 3
Time Spent: 28.413193048 seconds
New Tree:
Tree: ((((0,1),(5,(6,7))),(2,(3,4))),(((((12,13),11),(8,(9,10))),((((14,15),(16,17)),18),(19,20))),(((29,30),(((31,32),33),((34,35),36))),((26,(27,28)),((21,22),((23,24),25))))));
Tree Score: 13427.885124070974
Score Improvement: 0.01471112289901555

Step Number: 4
Time Spent: 28.235853037 seconds
New Tree:
Tree: ((((0,1),(5,(6,7))),(2,(3,4))),(((((12,13),11),(8,(9,10))),(((19,20),18),((14,15),(16,17)))),(((29,30),(((31,32),33),((34,35),36))),((26,(27,28)),((21,22),((23,24),25))))));
Tree Score: 13507.608349049868
Score Improvement: 0.005937139336706254

Step Number: 5
Time Spent: 27.976912987 seconds
New Tree:
Tree: ((((6,7),(5,(0,1))),(2,(3,4))),(((((12,13),11),(8,(9,10))),(((19,20),18),((14,15),(16,17)))),(((29,30),(((31,32),33),((34,35),36))),((26,(27,28)),((21,22),((23,24),25))))));
Tree Score: 13583.551574476885
Score Improvement: 0.0056222555070128966

Step Number: 6
Time Spent: 27.979851139 seconds
New Tree:
Tree: ((((6,7),(5,(0,1))),(2,(3,4))),(((((12,13),11),(8,(9,10))),(((19,20),18),((14,15),(16,17)))),((((31,32),33),((29,30),((34,35),36))),((26,(27,28)),((21,22),((23,24),25))))));
Tree Score: 13637.992524539011
Score Improvement: 0.004007858310371315

Step Number: 7
Time Spent: 27.958164653 seconds
New Tree:
Tree: ((((6,7),(5,(0,1))),(2,(3,4))),(((((12,13),11),(8,(9,10))),(((19,20),18),((14,15),(16,17)))),((((31,32),33),((34,35),((29,30),36))),((26,(27,28)),((21,22),((23,24),25))))));
Tree Score: 13684.494649424574
Score Improvement: 0.0034097485243440584

Step Number: 8
Time Spent: 27.971518865 seconds
New Tree:
Tree: ((((6,7),(5,(0,1))),(2,(3,4))),(((((12,13),11),(8,(9,10))),(((19,20),18),((14,15),(16,17)))),((((29,30),36),((34,35),((31,32),33))),((26,(27,28)),((21,22),((23,24),25))))));
Tree Score: 13709.137324193849
Score Improvement: 0.0018007734593481484

Step Number: 9
Time Spent: 27.996833397 seconds
New Tree:
Tree: ((((6,7),(5,(0,1))),(2,(3,4))),(((((12,13),11),(8,(9,10))),(((19,20),18),((14,15),(16,17)))),((((29,36),30),((34,35),((31,32),33))),((26,(27,28)),((21,22),((23,24),25))))));
Tree Score: 13740.810849046691
Score Improvement: 0.0023103951841627612

Step Number: 10
Time Spent: 27.984984963 seconds
New Tree:
Tree: ((((6,7),(5,(0,1))),(2,(3,4))),(((((12,13),11),(8,(9,10))),(((18,20),19),((14,15),(16,17)))),((((29,36),30),((34,35),((31,32),33))),((26,(27,28)),((21,22),((23,24),25))))));
Tree Score: 13746.135924306123
Score Improvement: 3.8753719252326846E-4

Step Number: 11
Time Spent: 27.992258304 seconds
New Tree:
Tree: ((((6,7),(1,(0,5))),(2,(3,4))),(((((12,13),11),(8,(9,10))),(((18,20),19),((14,15),(16,17)))),((((29,36),30),((34,35),((31,32),33))),((26,(27,28)),((21,22),((23,24),25))))));
Tree Score: 13746.495548986255
Score Improvement: 2.616187429782535E-5

Step Number: 12
Time Spent: 27.977852072 seconds
New Tree:
Tree: ((((6,7),(1,(0,5))),(2,(3,4))),(((((11,13),12),(8,(9,10))),(((18,20),19),((14,15),(16,17)))),((((29,36),30),((34,35),((31,32),33))),((26,(27,28)),((21,22),((23,24),25))))));
Tree Score: 13746.71039896494
Score Improvement: 1.562943645661008E-5

Step Number: 13
Time Spent: 28.057194984 seconds
New Tree:
Tree: ((((6,7),(1,(0,5))),(3,(2,4))),(((((11,13),12),(8,(9,10))),(((18,20),19),((14,15),(16,17)))),((((29,36),30),((34,35),((31,32),33))),((26,(27,28)),((21,22),((23,24),25))))));
Tree Score: 13746.739599438566
Score Improvement: 2.1241790055803733E-6

Step Number: 14
Time Spent: 28.019240017 seconds
New Tree:
Tree: ((((6,7),(1,(0,5))),(3,(2,4))),(((((11,13),12),(8,(9,10))),(((18,20),19),((14,15),(16,17)))),((((29,36),30),((34,35),((31,32),33))),((26,(27,28)),((21,22),((23,24),25))))));
Tree Score: 13746.739599438566
Score Improvement: 0.0

TOTAL STEPS: 14
TOTAL TIME: 392.287851559 seconds
Final tree: Tree: ((((6,7),(1,(0,5))),(3,(2,4))),(((((11,13),12),(8,(9,10))),(((18,20),19),((14,15),(16,17)))),((((29,36),30),((34,35),((31,32),33))),((26,(27,28)),((21,22),((23,24),25))))));
Tree Score: 13746.739599438566
Total Score Improvement: 0.12813139452802913

--------------ITERATION 9--------------
Input tree: ((((0,1),(((2,3),4),(5,((6,(7,8)),9)))),(((10,11),(12,(13,14))),((15,(16,17)),((18,19),20)))),((21,(((22,23),24),25)),(26,((27,28),(((29,30),((31,32),33)),((34,35),36))))));
Initial Score: 10828.243074986283

Step Number: 1
Time Spent: 28.143907617 seconds
New Tree:
Tree: ((((0,1),(((2,3),4),(5,((6,(7,8)),9)))),(((10,11),(12,(13,14))),((15,(16,17)),((18,19),20)))),((21,(((22,23),24),25)),((((29,30),((31,32),33)),((34,35),36)),((27,28),26))));
Tree Score: 11714.924899709076
Score Improvement: 0.08188602883980933

Step Number: 2
Time Spent: 28.591469628 seconds
New Tree:
Tree: ((((0,1),(((2,3),4),(5,((6,(7,8)),9)))),(((10,11),(12,(13,14))),((15,(16,17)),((18,19),20)))),((((29,30),((31,32),33)),((34,35),36)),((21,(((22,23),24),25)),((27,28),26))));
Tree Score: 12296.129776817179
Score Improvement: 0.04961234340670306

Step Number: 3
Time Spent: 28.610493067 seconds
New Tree:
Tree: ((((0,1),(((6,(7,8)),9),(5,((2,3),4)))),(((10,11),(12,(13,14))),((15,(16,17)),((18,19),20)))),((((29,30),((31,32),33)),((34,35),36)),((21,(((22,23),24),25)),((27,28),26))));
Tree Score: 12575.671750593232
Score Improvement: 0.02273414308810362

Step Number: 4
Time Spent: 28.656231634 seconds
New Tree:
Tree: ((((0,1),(((6,(7,8)),9),((2,3),(5,4)))),(((10,11),(12,(13,14))),((15,(16,17)),((18,19),20)))),((((29,30),((31,32),33)),((34,35),36)),((21,(((22,23),24),25)),((27,28),26))));
Tree Score: 12722.144125419436
Score Improvement: 0.01164728037842555

Step Number: 5
Time Spent: 28.683786536 seconds
New Tree:
Tree: ((((0,1),(((6,9),(7,8)),((2,3),(5,4)))),(((10,11),(12,(13,14))),((15,(16,17)),((18,19),20)))),((((29,30),((31,32),33)),((34,35),36)),((21,(((22,23),24),25)),((27,28),26))));
Tree Score: 12819.193575578509
Score Improvement: 0.007628387888261923

Step Number: 6
Time Spent: 28.626936149 seconds
New Tree:
Tree: ((((0,1),(((6,9),(7,8)),((2,3),(5,4)))),(((10,11),(12,(13,14))),((15,(16,17)),((18,19),20)))),((((31,32),((29,30),33)),((34,35),36)),((21,(((22,23),24),25)),((27,28),26))));
Tree Score: 12870.130950490711
Score Improvement: 0.003973524123174421

Step Number: 7
Time Spent: 28.609505512 seconds
New Tree:
Tree: ((((0,1),(((6,9),(7,8)),((2,3),(5,4)))),(((10,11),(12,(13,14))),((15,(16,17)),((18,19),20)))),((((31,32),((29,30),33)),((34,35),36)),((((22,23),24),(21,25)),((27,28),26))));
Tree Score: 12908.29700048524
Score Improvement: 0.002965474876778451

Step Number: 8
Time Spent: 28.702338126 seconds
New Tree:
Tree: ((((0,1),(((6,9),(7,8)),((2,3),(5,4)))),(((10,11),(12,(13,14))),((17,(16,15)),((18,19),20)))),((((31,32),((29,30),33)),((34,35),36)),((((22,23),24),(21,25)),((27,28),26))));
Tree Score: 12940.193925360916
Score Improvement: 0.0024710405156060933

Step Number: 9
Time Spent: 28.72571582 seconds
New Tree:
Tree: ((((0,1),(((6,9),(7,8)),((2,3),(5,4)))),(((10,11),(12,(13,14))),((17,(16,15)),((18,19),20)))),((((31,32),((29,30),33)),((34,35),36)),((((21,25),24),(22,23)),((27,28),26))));
Tree Score: 12950.211400675355
Score Improvement: 7.741364134277173E-4

Step Number: 10
Time Spent: 28.746458122 seconds
New Tree:
Tree: ((((0,1),(((6,9),(7,8)),((2,3),(5,4)))),(((13,14),(12,(10,11))),((17,(16,15)),((18,19),20)))),((((31,32),((29,30),33)),((34,35),36)),((((21,25),24),(22,23)),((27,28),26))));
Tree Score: 12957.793275459437
Score Improvement: 5.854633989748059E-4

Step Number: 11
Time Spent: 28.746822763 seconds
New Tree:
Tree: ((((0,1),(((6,9),(7,8)),((2,3),(5,4)))),(((13,14),(12,(10,11))),((17,(16,15)),((18,19),20)))),((((31,32),((29,30),33)),((36,35),34)),((((21,25),24),(22,23)),((27,28),26))));
Tree Score: 12964.370900488226
Score Improvement: 5.076192287498671E-4

Step Number: 12
Time Spent: 19.938138224 seconds
New Tree:
Tree: ((((0,1),(((6,9),(7,8)),((2,3),(5,4)))),(((13,14),(12,(10,11))),((17,(16,15)),((18,19),20)))),((((31,32),((29,30),33)),((36,35),34)),((((21,24),25),(22,23)),((27,28),26))));
Tree Score: 12966.736575540854
Score Improvement: 1.8247511358526758E-4

Step Number: 13
Time Spent: 26.830964818 seconds
New Tree:
Tree: ((((0,1),(((6,9),(7,8)),((2,3),(5,4)))),(((13,14),(12,(10,11))),((17,(16,15)),((18,19),20)))),((((31,32),((29,30),33)),((36,35),34)),((((22,23),25),(21,24)),((27,28),26))));
Tree Score: 12966.975700414507
Score Improvement: 1.8441407539926402E-5

Step Number: 14
Time Spent: 28.453451728 seconds
New Tree:
Tree: ((((0,1),(((6,9),(7,8)),((2,3),(5,4)))),(((13,14),(12,(10,11))),((17,(16,15)),((18,20),19)))),((((31,32),((29,30),33)),((36,35),34)),((((22,23),25),(21,24)),((27,28),26))));
Tree Score: 12966.985575656174
Score Improvement: 7.615686106188235E-7

Step Number: 15
Time Spent: 28.402364226 seconds
New Tree:
Tree: ((((0,1),(((6,9),(7,8)),((2,3),(5,4)))),(((13,14),(12,(10,11))),((17,(16,15)),((18,20),19)))),((((31,32),((29,30),33)),((36,35),34)),((((22,23),25),(21,24)),((27,28),26))));
Tree Score: 12966.985575656174
Score Improvement: 0.0

TOTAL STEPS: 15
TOTAL TIME: 418.46858397 seconds
Final tree: Tree: ((((0,1),(((6,9),(7,8)),((2,3),(5,4)))),(((13,14),(12,(10,11))),((17,(16,15)),((18,20),19)))),((((31,32),((29,30),33)),((36,35),34)),((((22,23),25),(21,24)),((27,28),26))));
Tree Score: 12966.985575656174
Total Score Improvement: 0.1975151911403319

--------------ITERATION 10--------------
Input tree: ((((0,(1,2)),((3,4),5)),((6,((7,8),((9,10),((11,12),13)))),(14,((15,16),17)))),((18,(19,20)),((21,22),((((23,24),((((25,26),27),(28,29)),(30,31))),((32,33),34)),(35,36)))));
Initial Score: 9398.375473229622

Step Number: 1
Time Spent: 29.18184184 seconds
New Tree:
Tree: ((((0,(1,2)),((3,4),5)),((6,((7,8),((9,10),((11,12),13)))),(14,((15,16),17)))),(((((23,24),((((25,26),27),(28,29)),(30,31))),((32,33),34)),(35,36)),((21,22),(18,(19,20)))));
Tree Score: 10442.842424411734
Score Improvement: 0.1111327116220433

Step Number: 2
Time Spent: 23.335596168 seconds
New Tree:
Tree: ((((0,(1,2)),((3,4),5)),((6,((7,8),((9,10),((11,12),13)))),(14,((15,16),17)))),((((35,36),((32,33),34)),((23,24),((((25,26),27),(28,29)),(30,31)))),((21,22),(18,(19,20)))));
Tree Score: 12004.032300017716
Score Improvement: 0.1494985572085683

Step Number: 3
Time Spent: 19.498357089 seconds
New Tree:
Tree: ((((21,22),(18,(19,20))),((6,((7,8),((9,10),((11,12),13)))),(14,((15,16),17)))),((((35,36),((32,33),34)),((23,24),((((25,26),27),(28,29)),(30,31)))),((0,(1,2)),((3,4),5))));
Tree Score: 13118.30699978018
Score Improvement: 0.09282503344820392

Step Number: 4
Time Spent: 19.474431561 seconds
New Tree:
Tree: (((6,((7,8),((9,10),((11,12),13)))),(((21,22),(18,(19,20))),(14,((15,16),17)))),((((35,36),((32,33),34)),((23,24),((((25,26),27),(28,29)),(30,31)))),((0,(1,2)),((3,4),5))));
Tree Score: 13933.756151504756
Score Improvement: 0.06216115781847775

Step Number: 5
Time Spent: 19.450862502 seconds
New Tree:
Tree: (((((9,10),((11,12),13)),((7,8),6)),(((21,22),(18,(19,20))),(14,((15,16),17)))),((((35,36),((32,33),34)),((23,24),((((25,26),27),(28,29)),(30,31)))),((0,(1,2)),((3,4),5))));
Tree Score: 15226.512878460751
Score Improvement: 0.09277876782825611

Step Number: 6
Time Spent: 19.603631929 seconds
New Tree:
Tree: (((((9,10),((11,12),13)),((7,8),6)),(((21,22),(18,(19,20))),(14,((15,16),17)))),((((35,36),((32,33),34)),((0,(1,2)),((3,4),5))),((23,24),((((25,26),27),(28,29)),(30,31)))));
Tree Score: 16050.736729845346
Score Improvement: 0.05413083468050872

Step Number: 7
Time Spent: 21.114617928 seconds
New Tree:
Tree: (((((9,10),((11,12),13)),((7,8),6)),(((21,22),(18,(19,20))),(14,((15,16),17)))),((((35,36),((32,33),34)),((0,(1,2)),((3,4),5))),((((25,26),27),(28,29)),((23,24),(30,31)))));
Tree Score: 16994.67170376511
Score Improvement: 0.05880944842641256

Step Number: 8
Time Spent: 19.549668502 seconds
New Tree:
Tree: (((((9,10),((11,12),13)),((7,8),6)),(((21,22),(18,(19,20))),((15,16),(14,17)))),((((35,36),((32,33),34)),((0,(1,2)),((3,4),5))),((((25,26),27),(28,29)),((23,24),(30,31)))));
Tree Score: 17101.577753769176
Score Improvement: 0.006290562822721668

Step Number: 9
Time Spent: 20.523464262 seconds
New Tree:
Tree: (((((11,12),((9,10),13)),((7,8),6)),(((21,22),(18,(19,20))),((15,16),(14,17)))),((((35,36),((32,33),34)),((0,(1,2)),((3,4),5))),((((25,26),27),(28,29)),((23,24),(30,31)))));
Tree Score: 17165.129403913335
Score Improvement: 0.0037161278952846377

Step Number: 10
Time Spent: 28.22990724 seconds
New Tree:
Tree: (((((11,12),((9,10),13)),((7,8),6)),(((19,20),(18,(21,22))),((15,16),(14,17)))),((((35,36),((32,33),34)),((0,(1,2)),((3,4),5))),((((25,26),27),(28,29)),((23,24),(30,31)))));
Tree Score: 17207.43895401986
Score Improvement: 0.002464854712769027

Step Number: 11
Time Spent: 24.660781096 seconds
New Tree:
Tree: (((((11,12),((9,10),13)),((7,8),6)),(((19,20),(18,(21,22))),((15,16),(14,17)))),((((35,36),((34,33),32)),((0,(1,2)),((3,4),5))),((((25,26),27),(28,29)),((23,24),(30,31)))));
Tree Score: 17228.33187879523
Score Improvement: 0.0012141797992832881

Step Number: 12
Time Spent: 19.538153001 seconds
New Tree:
Tree: (((((11,12),((9,10),13)),((7,8),6)),(((19,20),(18,(21,22))),((15,16),(14,17)))),((((34,33),((35,36),32)),((0,(1,2)),((3,4),5))),((((25,26),27),(28,29)),((23,24),(30,31)))));
Tree Score: 17251.623678955133
Score Improvement: 0.0013519474969350131

Step Number: 13
Time Spent: 19.54346066 seconds
New Tree:
Tree: (((((11,12),((9,10),13)),((7,8),6)),(((19,20),(18,(21,22))),((15,16),(14,17)))),((((34,33),((35,36),32)),((1,(0,2)),((3,4),5))),((((25,26),27),(28,29)),((23,24),(30,31)))));
Tree Score: 17265.55557883426
Score Improvement: 8.075703561818415E-4

Step Number: 14
Time Spent: 19.550944293 seconds
New Tree:
Tree: (((((11,12),((9,10),13)),((7,8),6)),(((19,20),(18,(21,22))),((15,16),(14,17)))),((((34,33),((35,36),32)),((1,(0,2)),((3,4),5))),((((27,26),25),(28,29)),((23,24),(30,31)))));
Tree Score: 17271.539328909363
Score Improvement: 3.465715335819741E-4

Step Number: 15
Time Spent: 19.542081365 seconds
New Tree:
Tree: (((((11,12),((9,10),13)),((7,8),6)),(((19,20),(18,(21,22))),((15,16),(14,17)))),((((34,33),((35,36),32)),((1,(0,2)),((3,4),5))),((((28,29),25),(27,26)),((23,24),(30,31)))));
Tree Score: 17293.767653535004
Score Improvement: 0.0012869915183781888

Step Number: 16
Time Spent: 21.148502125 seconds
New Tree:
Tree: (((((11,12),((9,13),10)),((7,8),6)),(((19,20),(18,(21,22))),((15,16),(14,17)))),((((34,33),((35,36),32)),((1,(0,2)),((3,4),5))),((((28,29),25),(27,26)),((23,24),(30,31)))));
Tree Score: 17296.635453696246
Score Improvement: 1.6582853538316122E-4

Step Number: 17
Time Spent: 20.089147719 seconds
New Tree:
Tree: (((((11,12),((9,13),10)),((7,8),6)),(((19,20),(18,(21,22))),((15,16),(14,17)))),((((34,33),((35,36),32)),((1,(0,2)),((3,4),5))),((((28,25),29),(27,26)),((23,24),(30,31)))));
Tree Score: 17298.883003699477
Score Improvement: 1.2994145649014577E-4

Step Number: 18
Time Spent: 28.133830357 seconds
New Tree:
Tree: (((((11,12),((9,13),10)),((7,8),6)),(((19,20),(18,(21,22))),((15,16),(14,17)))),((((34,33),((35,32),36)),((1,(0,2)),((3,4),5))),((((28,25),29),(27,26)),((23,24),(30,31)))));
Tree Score: 17299.682328718947
Score Improvement: 4.6206741747489843E-5

Step Number: 19
Time Spent: 28.193507919 seconds
New Tree:
Tree: (((((11,12),((9,13),10)),((7,8),6)),(((19,20),(18,(21,22))),((15,16),(14,17)))),((((34,33),((35,32),36)),((1,(0,2)),((3,4),5))),((((28,25),29),(27,26)),((23,24),(30,31)))));
Tree Score: 17299.682328718947
Score Improvement: 0.0

TOTAL STEPS: 19
TOTAL TIME: 420.362787556 seconds
Final tree: Tree: (((((11,12),((9,13),10)),((7,8),6)),(((19,20),(18,(21,22))),((15,16),(14,17)))),((((34,33),((35,32),36)),((1,(0,2)),((3,4),5))),((((28,25),29),(27,26)),((23,24),(30,31)))));
Tree Score: 17299.682328718947
Total Score Improvement: 0.8407098522500454

===========================================================
RESULTS FROM 10 ITERATION(S):
AVERAGE TIME PER RUN: 468.627341219 seconds
AVERAGE IMPROVEMENT: 0.579315974744476
BEST Tree: (((((11,12),((9,13),10)),((7,8),6)),(((19,20),(18,(21,22))),((15,16),(14,17)))),((((34,33),((35,32),36)),((1,(0,2)),((3,4),5))),((((28,25),29),(27,26)),((23,24),(30,31)))));
Tree Score: 17299.682328718947
BEST'S IMPROVEMENT :0.8407098522500454
