--------------ITERATION 1--------------
Input tree: (((((((0,(((1,2),3),4)),5),((6,((7,(8,9)),10)),11)),((12,13),14)),(((((15,16),((17,18),19)),(((20,21),(22,23)),((24,25),26))),(27,((28,(29,30)),31))),32)),(33,(34,35))),36);
Initial Score: 8089.84407693454

Step Number: 1
Time Spent: 41.836424591 seconds
New Tree:
Tree: (((((((0,(((1,2),3),4)),5),((6,((7,(8,9)),10)),11)),((12,13),14)),((32,(27,((28,(29,30)),31))),(((15,16),((17,18),19)),(((20,21),(22,23)),((24,25),26))))),(33,(34,35))),36);
Tree Score: 9511.144626815607
Score Improvement: 0.17568948627000447

Step Number: 2
Time Spent: 40.858388837 seconds
New Tree:
Tree: ((((32,(27,((28,(29,30)),31))),(((((0,(((1,2),3),4)),5),((6,((7,(8,9)),10)),11)),((12,13),14)),(((15,16),((17,18),19)),(((20,21),(22,23)),((24,25),26))))),(33,(34,35))),36);
Tree Score: 10671.248325723493
Score Improvement: 0.12197308993042788

Step Number: 3
Time Spent: 40.959341898 seconds
New Tree:
Tree: ((((32,(27,((28,(29,30)),31))),(((((12,13),14),((6,((7,(8,9)),10)),11)),((0,(((1,2),3),4)),5)),(((15,16),((17,18),19)),(((20,21),(22,23)),((24,25),26))))),(33,(34,35))),36);
Tree Score: 11491.587602122025
Score Improvement: 0.07687378752315888

Step Number: 4
Time Spent: 40.721072911 seconds
New Tree:
Tree: ((((32,(27,((28,(29,30)),31))),(((((12,13),14),((6,((7,(8,9)),10)),11)),(((15,16),((17,18),19)),(((20,21),(22,23)),((24,25),26)))),((0,(((1,2),3),4)),5))),(33,(34,35))),36);
Tree Score: 12855.50435090837
Score Improvement: 0.11868827841807383

Step Number: 5
Time Spent: 41.002180167 seconds
New Tree:
Tree: ((((32,(27,((28,(29,30)),31))),((((6,((7,(8,9)),10)),(((12,13),14),11)),(((15,16),((17,18),19)),(((20,21),(22,23)),((24,25),26)))),((0,(((1,2),3),4)),5))),(33,(34,35))),36);
Tree Score: 13456.061001718313
Score Improvement: 0.046715915176638534

Step Number: 6
Time Spent: 40.952514912 seconds
New Tree:
Tree: (((((0,(((1,2),3),4)),5),((((6,((7,(8,9)),10)),(((12,13),14),11)),(((15,16),((17,18),19)),(((20,21),(22,23)),((24,25),26)))),(32,(27,((28,(29,30)),31))))),(33,(34,35))),36);
Tree Score: 13800.444525217907
Score Improvement: 0.025593189823947426

Step Number: 7
Time Spent: 40.921265408 seconds
New Tree:
Tree: (((((0,(((1,2),3),4)),5),((((6,((7,(8,9)),10)),(((12,13),14),11)),(((15,16),((17,18),19)),(((20,21),(22,23)),((24,25),26)))),(((28,(29,30)),31),(27,32)))),(33,(34,35))),36);
Tree Score: 14303.928224611365
Score Improvement: 0.036483150848759305

Step Number: 8
Time Spent: 41.071124897 seconds
New Tree:
Tree: (((((0,(((1,2),3),4)),5),((((6,((7,(8,9)),10)),(((12,13),14),11)),(((15,16),((17,18),19)),(((20,21),(22,23)),((24,25),26)))),(((27,32),31),(28,(29,30))))),(33,(34,35))),36);
Tree Score: 14514.433699773894
Score Improvement: 0.01471661992824691

Step Number: 9
Time Spent: 42.477570997 seconds
New Tree:
Tree: (((((0,(((1,2),3),4)),5),(((((7,(8,9)),(6,10)),(((12,13),14),11)),(((15,16),((17,18),19)),(((20,21),(22,23)),((24,25),26)))),(((27,32),31),(28,(29,30))))),(33,(34,35))),36);
Tree Score: 14667.77777502154
Score Improvement: 0.010564936835946614

Step Number: 10
Time Spent: 51.888092335 seconds
New Tree:
Tree: (((((0,5),(((1,2),3),4)),(((((7,(8,9)),(6,10)),(((12,13),14),11)),(((15,16),((17,18),19)),(((20,21),(22,23)),((24,25),26)))),(((27,32),31),(28,(29,30))))),(33,(34,35))),36);
Tree Score: 14774.511925163017
Score Improvement: 0.00727677714910846

Step Number: 11
Time Spent: 51.682765945 seconds
New Tree:
Tree: ((((((1,2),3),((0,5),4)),(((((7,(8,9)),(6,10)),(((12,13),14),11)),(((15,16),((17,18),19)),(((20,21),(22,23)),((24,25),26)))),(((27,32),31),(28,(29,30))))),(33,(34,35))),36);
Tree Score: 14948.377726057814
Score Improvement: 0.011767955637077998

Step Number: 12
Time Spent: 51.731841669 seconds
New Tree:
Tree: ((33,(((((1,2),3),((0,5),4)),(((((7,(8,9)),(6,10)),(((12,13),14),11)),(((15,16),((17,18),19)),(((20,21),(22,23)),((24,25),26)))),(((27,32),31),(28,(29,30))))),(34,35))),36);
Tree Score: 14992.729951099762
Score Improvement: 0.0029670259779852604

Step Number: 13
Time Spent: 53.695191199 seconds
New Tree:
Tree: ((33,(((((1,2),3),((0,5),4)),(((((7,(8,9)),(6,10)),((11,14),(12,13))),(((15,16),((17,18),19)),(((20,21),(22,23)),((24,25),26)))),(((27,32),31),(28,(29,30))))),(34,35))),36);
Tree Score: 15015.693451163628
Score Improvement: 0.0015316423452409467

Step Number: 14
Time Spent: 53.503466538 seconds
New Tree:
Tree: ((33,(((((1,2),3),((0,5),4)),(((((7,(6,10)),(8,9)),((11,14),(12,13))),(((15,16),((17,18),19)),(((20,21),(22,23)),((24,25),26)))),(((27,32),31),(28,(29,30))))),(34,35))),36);
Tree Score: 15037.435149266421
Score Improvement: 0.0014479316705222622

Step Number: 15
Time Spent: 53.526205394 seconds
New Tree:
Tree: ((33,(((((3,2),1),((0,5),4)),(((((7,(6,10)),(8,9)),((11,14),(12,13))),(((15,16),((17,18),19)),(((20,21),(22,23)),((24,25),26)))),(((27,32),31),(28,(29,30))))),(34,35))),36);
Tree Score: 15046.916274472176
Score Improvement: 6.305014859011582E-4

Step Number: 16
Time Spent: 53.573666597 seconds
New Tree:
Tree: ((33,(((((3,2),1),((0,5),4)),(((((7,(6,10)),(8,9)),((11,14),(12,13))),(((17,18),((15,16),19)),(((20,21),(22,23)),((24,25),26)))),(((27,32),31),(28,(29,30))))),(34,35))),36);
Tree Score: 15051.604174459855
Score Improvement: 3.11552207918675E-4

Step Number: 17
Time Spent: 53.365291286 seconds
New Tree:
Tree: ((33,(((((3,2),1),((0,5),4)),(((((7,(6,10)),(8,9)),((11,14),(12,13))),(((17,18),((19,16),15)),(((20,21),(22,23)),((24,25),26)))),(((27,32),31),(28,(29,30))))),(34,35))),36);
Tree Score: 15061.01622448516
Score Improvement: 6.253187312270647E-4

Step Number: 18
Time Spent: 53.286870559 seconds
New Tree:
Tree: ((33,(((((3,2),1),((0,5),4)),(((((7,(6,10)),(8,9)),((11,14),(12,13))),(((17,18),((19,16),15)),(((20,21),(22,23)),((24,25),26)))),(((27,32),31),(30,(29,28))))),(34,35))),36);
Tree Score: 15061.510499507458
Score Improvement: 3.281817208944382E-5

Step Number: 19
Time Spent: 53.291708465 seconds
New Tree:
Tree: ((33,(((((3,2),1),((0,5),4)),(((((7,(6,10)),(8,9)),((11,14),(12,13))),(((17,18),((19,16),15)),(((20,21),(22,23)),((24,25),26)))),(((27,31),32),(30,(29,28))))),(34,35))),36);
Tree Score: 15061.759399577313
Score Improvement: 1.6525571579606435E-5

Step Number: 20
Time Spent: 53.279340901 seconds
New Tree:
Tree: ((33,(((((3,2),1),((0,5),4)),(((((7,(6,10)),(8,9)),((11,14),(12,13))),(((17,18),((19,16),15)),(((20,21),(22,23)),((24,25),26)))),(((27,31),32),(30,(29,28))))),(34,35))),36);
Tree Score: 15061.759399577313
Score Improvement: 0.0

TOTAL STEPS: 20
TOTAL TIME: 953.624325506 seconds
Final tree: Tree: ((33,(((((3,2),1),((0,5),4)),(((((7,(6,10)),(8,9)),((11,14),(12,13))),(((17,18),((19,16),15)),(((20,21),(22,23)),((24,25),26)))),(((27,31),32),(30,(29,28))))),(34,35))),36);
Tree Score: 15061.759399577313
Total Score Improvement: 0.8618108403993641

--------------ITERATION 2--------------
Input tree: (((((((0,1),2),((3,(4,5)),(6,(7,8)))),((((9,10),(11,(12,13))),(((14,((15,16),17)),18),19)),(20,(21,22)))),(((23,24),25),(26,27))),((28,29),(30,31))),((32,33),((34,35),36)));
Initial Score: 12575.747997057102

Step Number: 1
Time Spent: 43.109939959 seconds
New Tree:
Tree: (((((((0,1),2),((3,(4,5)),(6,(7,8)))),(((20,(21,22)),(((14,((15,16),17)),18),19)),((9,10),(11,(12,13))))),(((23,24),25),(26,27))),((28,29),(30,31))),((32,33),((34,35),36)));
Tree Score: 13470.580698004202
Score Improvement: 0.07115542559826293

Step Number: 2
Time Spent: 41.024573726 seconds
New Tree:
Tree: (((((((0,1),2),((3,(4,5)),(6,(7,8)))),((((14,((15,16),17)),18),((20,(21,22)),19)),((9,10),(11,(12,13))))),(((23,24),25),(26,27))),((28,29),(30,31))),((32,33),((34,35),36)));
Tree Score: 13608.465548729035
Score Improvement: 0.010235999012667918

Step Number: 3
Time Spent: 40.900451099 seconds
New Tree:
Tree: (((((((0,1),2),((3,(4,5)),(6,(7,8)))),((((14,((15,16),17)),18),((20,19),(21,22))),((9,10),(11,(12,13))))),(((23,24),25),(26,27))),((28,29),(30,31))),((32,33),((34,35),36)));
Tree Score: 13722.16887335244
Score Improvement: 0.008355337654804451

Step Number: 4
Time Spent: 41.141319508 seconds
New Tree:
Tree: (((((((0,1),2),((3,(4,5)),(6,(7,8)))),((((14,18),((15,16),17)),((20,19),(21,22))),((9,10),(11,(12,13))))),(((23,24),25),(26,27))),((28,29),(30,31))),((32,33),((34,35),36)));
Tree Score: 13811.014098407211
Score Improvement: 0.006474575985382591

Step Number: 5
Time Spent: 40.771490985 seconds
New Tree:
Tree: (((((((0,1),2),((3,(4,5)),(6,(7,8)))),((((14,18),((15,16),17)),((20,19),(21,22))),((9,10),(11,(12,13))))),(((23,24),25),(26,27))),((28,29),(30,31))),((34,35),((32,33),36)));
Tree Score: 13885.667873893375
Score Improvement: 0.0054053797175381835

Step Number: 6
Time Spent: 40.72138594 seconds
New Tree:
Tree: (((((((0,1),2),((3,(4,5)),(6,(7,8)))),((((15,16),((14,18),17)),((20,19),(21,22))),((9,10),(11,(12,13))))),(((23,24),25),(26,27))),((28,29),(30,31))),((34,35),((32,33),36)));
Tree Score: 13921.752249096031
Score Improvement: 0.0025986776819355573

Step Number: 7
Time Spent: 40.70872169 seconds
New Tree:
Tree: (((((((0,1),2),((3,(4,5)),(6,(7,8)))),((((15,16),((14,18),17)),((20,19),(21,22))),((9,10),(11,(12,13))))),(((23,24),25),(26,27))),((28,29),(30,31))),((34,35),((36,33),32)));
Tree Score: 13940.95052380904
Score Improvement: 0.001379012811713931

Step Number: 8
Time Spent: 40.745282693 seconds
New Tree:
Tree: (((((((0,1),2),((3,(4,5)),(6,(7,8)))),((((15,16),((17,18),14)),((20,19),(21,22))),((9,10),(11,(12,13))))),(((23,24),25),(26,27))),((28,29),(30,31))),((34,35),((36,33),32)));
Tree Score: 13948.969498966331
Score Improvement: 5.752100721967413E-4

Step Number: 9
Time Spent: 40.855968767 seconds
New Tree:
Tree: (((((((0,1),2),((3,(4,5)),(6,(7,8)))),((((15,16),((17,18),14)),((20,19),(21,22))),((9,10),(11,(12,13))))),(((23,25),24),(26,27))),((28,29),(30,31))),((34,35),((36,33),32)));
Tree Score: 13955.40884890079
Score Improvement: 4.6163624738992937E-4

Step Number: 10
Time Spent: 24.502375966 seconds
New Tree:
Tree: (((((((0,2),1),((3,(4,5)),(6,(7,8)))),((((15,16),((17,18),14)),((20,19),(21,22))),((9,10),(11,(12,13))))),(((23,25),24),(26,27))),((28,29),(30,31))),((34,35),((36,33),32)));
Tree Score: 13956.218798639695
Score Improvement: 5.803840988649611E-5

Step Number: 11
Time Spent: 21.026053383 seconds
New Tree:
Tree: (((((((0,2),1),((3,(4,5)),(6,(7,8)))),((((15,16),((17,18),14)),((20,19),(21,22))),((9,10),(12,(11,13))))),(((23,25),24),(26,27))),((28,29),(30,31))),((34,35),((36,33),32)));
Tree Score: 13956.57629860423
Score Improvement: 2.5615818273871938E-5

Step Number: 12
Time Spent: 21.022084793 seconds
New Tree:
Tree: (((((((0,2),1),((3,(4,5)),(6,(7,8)))),((((15,16),((17,18),14)),((20,19),(21,22))),((9,10),(12,(11,13))))),(((23,25),24),(26,27))),((28,29),(30,31))),((34,35),((36,33),32)));
Tree Score: 13956.57629860423
Score Improvement: 0.0

TOTAL STEPS: 12
TOTAL TIME: 436.529648509 seconds
Final tree: Tree: (((((((0,2),1),((3,(4,5)),(6,(7,8)))),((((15,16),((17,18),14)),((20,19),(21,22))),((9,10),(12,(11,13))))),(((23,25),24),(26,27))),((28,29),(30,31))),((34,35),((36,33),32)));
Tree Score: 13956.57629860423
Total Score Improvement: 0.10980088833445611

--------------ITERATION 3--------------
Input tree: ((((0,1),(2,((3,(4,5)),((6,7),8)))),9),((((10,(11,12)),((((13,14),(15,16)),(((17,18),19),(20,21))),(22,23))),((24,25),(26,(27,(28,29))))),(((30,31),(32,((33,34),35))),36)));
Initial Score: 9014.124050889053

Step Number: 1
Time Spent: 19.851141196 seconds
New Tree:
Tree: ((((0,1),(2,((3,(4,5)),((6,7),8)))),9),(((((30,31),(32,((33,34),35))),36),((24,25),(26,(27,(28,29))))),((10,(11,12)),((((13,14),(15,16)),(((17,18),19),(20,21))),(22,23)))));
Tree Score: 10846.996677965572
Score Improvement: 0.20333341506385683

Step Number: 2
Time Spent: 19.533174296 seconds
New Tree:
Tree: ((((0,1),9),(2,((3,(4,5)),((6,7),8)))),(((((30,31),(32,((33,34),35))),36),((24,25),(26,(27,(28,29))))),((10,(11,12)),((((13,14),(15,16)),(((17,18),19),(20,21))),(22,23)))));
Tree Score: 11722.604452169368
Score Improvement: 0.08072352192957633

Step Number: 3
Time Spent: 19.272425635 seconds
New Tree:
Tree: ((((0,1),9),(2,((3,(4,5)),((6,7),8)))),(((((30,31),(32,((33,34),35))),36),((24,25),(26,(27,(28,29))))),((((13,14),(15,16)),(((17,18),19),(20,21))),((10,(11,12)),(22,23)))));
Tree Score: 12437.246277458367
Score Improvement: 0.06096271764562955

Step Number: 4
Time Spent: 19.252975396 seconds
New Tree:
Tree: ((((0,1),9),(2,((3,(4,5)),((6,7),8)))),(((((30,31),(32,((33,34),35))),36),((24,25),(26,(27,(28,29))))),((((13,14),(15,16)),((10,(11,12)),(22,23))),(((17,18),19),(20,21)))));
Tree Score: 12921.571325353447
Score Improvement: 0.03894150176738753

Step Number: 5
Time Spent: 19.242885077 seconds
New Tree:
Tree: ((((3,(4,5)),((6,7),8)),(2,((0,1),9))),(((((30,31),(32,((33,34),35))),36),((24,25),(26,(27,(28,29))))),((((13,14),(15,16)),((10,(11,12)),(22,23))),(((17,18),19),(20,21)))));
Tree Score: 13194.87562617988
Score Improvement: 0.0211510112775668

Step Number: 6
Time Spent: 19.371058569 seconds
New Tree:
Tree: ((((3,(4,5)),((6,7),8)),(2,((0,1),9))),(((((30,31),(32,((33,34),35))),36),((27,(28,29)),(26,(24,25)))),((((13,14),(15,16)),((10,(11,12)),(22,23))),(((17,18),19),(20,21)))));
Tree Score: 13355.92832608477
Score Improvement: 0.012205700490677263

Step Number: 7
Time Spent: 19.416381232 seconds
New Tree:
Tree: ((((3,(4,5)),((6,7),8)),(2,((0,1),9))),(((((30,31),36),(32,((33,34),35))),((27,(28,29)),(26,(24,25)))),((((13,14),(15,16)),((10,(11,12)),(22,23))),(((17,18),19),(20,21)))));
Tree Score: 13513.121100824352
Score Improvement: 0.011769513200559523

Step Number: 8
Time Spent: 19.279911573 seconds
New Tree:
Tree: ((((3,(4,5)),((6,7),8)),(2,((0,1),9))),(((((30,31),36),((33,34),(32,35))),((27,(28,29)),(26,(24,25)))),((((13,14),(15,16)),((10,(11,12)),(22,23))),(((17,18),19),(20,21)))));
Tree Score: 13572.293025920775
Score Improvement: 0.004378849612530544

Step Number: 9
Time Spent: 19.277695928 seconds
New Tree:
Tree: ((((3,(4,5)),((6,7),8)),(2,((0,1),9))),(((((30,31),36),((33,34),(32,35))),((27,(28,29)),(26,(24,25)))),(((10,(11,12)),(((13,14),(15,16)),(22,23))),(((17,18),19),(20,21)))));
Tree Score: 13627.02302585929
Score Improvement: 0.0040324799821216395

Step Number: 10
Time Spent: 19.279619636 seconds
New Tree:
Tree: ((((3,(4,5)),((6,7),8)),(2,((0,1),9))),(((((30,31),36),((33,34),(32,35))),((27,(28,29)),(26,(24,25)))),(((11,(10,12)),(((13,14),(15,16)),(22,23))),(((17,18),19),(20,21)))));
Tree Score: 13658.5378258714
Score Improvement: 0.0023126694621640187

Step Number: 11
Time Spent: 19.284938609 seconds
New Tree:
Tree: ((((3,(4,5)),((6,7),8)),(2,((0,1),9))),(((((36,31),30),((33,34),(32,35))),((27,(28,29)),(26,(24,25)))),(((11,(10,12)),(((13,14),(15,16)),(22,23))),(((17,18),19),(20,21)))));
Tree Score: 13686.644126156021
Score Improvement: 0.002057782512516315

Step Number: 12
Time Spent: 19.275746589 seconds
New Tree:
Tree: ((((3,(4,5)),((6,7),8)),((0,1),(2,9))),(((((36,31),30),((33,34),(32,35))),((27,(28,29)),(26,(24,25)))),(((11,(10,12)),(((13,14),(15,16)),(22,23))),(((17,18),19),(20,21)))));
Tree Score: 13703.419651192587
Score Improvement: 0.0012256857767278806

Step Number: 13
Time Spent: 19.156100088 seconds
New Tree:
Tree: ((((3,(4,5)),((6,7),8)),((0,1),(2,9))),(((((36,31),30),((33,34),(32,35))),((27,(28,29)),(26,(24,25)))),(((11,(10,12)),(((13,14),(15,16)),(22,23))),(((19,18),17),(20,21)))));
Tree Score: 13718.354801113692
Score Improvement: 0.0010898848828442276

Step Number: 14
Time Spent: 19.462610015 seconds
New Tree:
Tree: ((((3,(4,5)),((6,7),8)),((0,1),(2,9))),(((((36,31),30),((33,34),(32,35))),((27,(28,29)),(24,(26,25)))),(((11,(10,12)),(((13,14),(15,16)),(22,23))),(((19,18),17),(20,21)))));
Tree Score: 13732.61315088251
Score Improvement: 0.0010393629539060534

Step Number: 15
Time Spent: 19.168594066 seconds
New Tree:
Tree: ((((3,(4,5)),((8,7),6)),((0,1),(2,9))),(((((36,31),30),((33,34),(32,35))),((27,(28,29)),(24,(26,25)))),(((11,(10,12)),(((13,14),(15,16)),(22,23))),(((19,18),17),(20,21)))));
Tree Score: 13745.25682659724
Score Improvement: 9.207042808103694E-4

Step Number: 16
Time Spent: 19.179174601 seconds
New Tree:
Tree: ((((8,7),((3,(4,5)),6)),((0,1),(2,9))),(((((36,31),30),((33,34),(32,35))),((27,(28,29)),(24,(26,25)))),(((11,(10,12)),(((13,14),(15,16)),(22,23))),(((19,18),17),(20,21)))));
Tree Score: 13745.85882631295
Score Improvement: 4.379690560196714E-5

Step Number: 17
Time Spent: 19.176491438 seconds
New Tree:
Tree: ((((8,7),((3,6),(4,5))),((0,1),(2,9))),(((((36,31),30),((33,34),(32,35))),((27,(28,29)),(24,(26,25)))),(((11,(10,12)),(((13,14),(15,16)),(22,23))),(((19,18),17),(20,21)))));
Tree Score: 13824.805125966108
Score Improvement: 0.005743278804961616

Step Number: 18
Time Spent: 19.129285156 seconds
New Tree:
Tree: ((((8,7),((3,6),(4,5))),((0,1),(2,9))),(((((36,31),30),((33,34),(32,35))),((28,(27,29)),(24,(26,25)))),(((11,(10,12)),(((13,14),(15,16)),(22,23))),(((19,18),17),(20,21)))));
Tree Score: 13825.372151042706
Score Improvement: 4.101505022546803E-5

Step Number: 19
Time Spent: 19.149688728 seconds
New Tree:
Tree: ((((8,7),((3,6),(4,5))),((0,1),(2,9))),(((((36,31),30),((33,34),(32,35))),((28,(27,29)),(24,(26,25)))),(((11,(10,12)),(((13,14),(15,16)),(22,23))),(((19,18),17),(20,21)))));
Tree Score: 13825.372151042706
Score Improvement: 0.0

TOTAL STEPS: 19
TOTAL TIME: 366.759897828 seconds
Final tree: Tree: ((((8,7),((3,6),(4,5))),((0,1),(2,9))),(((((36,31),30),((33,34),(32,35))),((28,(27,29)),(24,(26,25)))),(((11,(10,12)),(((13,14),(15,16)),(22,23))),(((19,18),17),(20,21)))));
Tree Score: 13825.372151042706
Total Score Improvement: 0.533745494625085

--------------ITERATION 4--------------
Input tree: (((0,1),((2,(((3,4),5),6)),7)),(((((8,9),((10,11),((12,13),(14,(15,16))))),(((17,18),(19,20)),(21,22))),23),((((24,25),((26,27),(28,29))),((((30,31),32),33),34)),(35,36))));
Initial Score: 8533.571025300358

Step Number: 1
Time Spent: 31.575353263 seconds
New Tree:
Tree: (((0,1),((2,(((3,4),5),6)),7)),((((((24,25),((26,27),(28,29))),((((30,31),32),33),34)),(35,36)),23),(((8,9),((10,11),((12,13),(14,(15,16))))),(((17,18),(19,20)),(21,22)))));
Tree Score: 11291.498898250147
Score Improvement: 0.3231856704271958

Step Number: 2
Time Spent: 28.598788506 seconds
New Tree:
Tree: (((0,1),((2,(((3,4),5),6)),7)),(((23,(35,36)),(((24,25),((26,27),(28,29))),((((30,31),32),33),34))),(((8,9),((10,11),((12,13),(14,(15,16))))),(((17,18),(19,20)),(21,22)))));
Tree Score: 12333.869698477074
Score Improvement: 0.0923146527861296

Step Number: 3
Time Spent: 19.18680937 seconds
New Tree:
Tree: (((0,1),((2,(((3,4),5),6)),7)),(((((8,9),((10,11),((12,13),(14,(15,16))))),(((17,18),(19,20)),(21,22))),(((24,25),((26,27),(28,29))),((((30,31),32),33),34))),(23,(35,36))));
Tree Score: 13972.435000638869
Score Improvement: 0.1328508685610743

Step Number: 4
Time Spent: 19.757875496 seconds
New Tree:
Tree: (((0,1),(23,(35,36))),(((((8,9),((10,11),((12,13),(14,(15,16))))),(((17,18),(19,20)),(21,22))),(((24,25),((26,27),(28,29))),((((30,31),32),33),34))),((2,(((3,4),5),6)),7)));
Tree Score: 14445.475649550512
Score Improvement: 0.03385527639885355

Step Number: 5
Time Spent: 27.82975852 seconds
New Tree:
Tree: (((0,1),(23,(35,36))),((((((12,13),(14,(15,16))),((10,11),(8,9))),(((17,18),(19,20)),(21,22))),(((24,25),((26,27),(28,29))),((((30,31),32),33),34))),((2,(((3,4),5),6)),7)));
Tree Score: 14812.305698990776
Score Improvement: 0.0253941135854312

Step Number: 6
Time Spent: 25.652410827 seconds
New Tree:
Tree: (((0,1),(23,(35,36))),((((((12,13),(14,(15,16))),((10,11),(8,9))),(((17,18),(19,20)),(21,22))),(((24,25),((26,27),(28,29))),((((30,31),32),33),34))),((2,7),(((3,4),5),6))));
Tree Score: 14975.624274535321
Score Improvement: 0.011025871249448427

Step Number: 7
Time Spent: 20.208291642 seconds
New Tree:
Tree: (((0,1),(23,(35,36))),((((((12,13),(14,(15,16))),((10,11),(8,9))),(((17,18),(19,20)),(21,22))),(((24,25),((26,27),(28,29))),((34,33),((30,31),32)))),((2,7),(((3,4),5),6))));
Tree Score: 15088.857649350755
Score Improvement: 0.007561178935824309

Step Number: 8
Time Spent: 30.269521076 seconds
New Tree:
Tree: (((0,1),(23,(35,36))),((((((12,13),(14,(15,16))),((10,11),(8,9))),(((17,18),(19,20)),(21,22))),(((24,25),((26,27),(28,29))),((34,33),((30,31),32)))),(((3,4),5),((2,7),6))));
Tree Score: 15167.688199266926
Score Improvement: 0.005224421341105456

Step Number: 9
Time Spent: 30.967310089 seconds
New Tree:
Tree: (((0,1),(23,(35,36))),((((((12,13),(14,(15,16))),((10,11),(8,9))),(((17,18),(19,20)),(21,22))),(((24,25),((26,27),(28,29))),((30,31),((34,33),32)))),(((3,4),5),((2,7),6))));
Tree Score: 15240.334149430815
Score Improvement: 0.0047895202755683375

Step Number: 10
Time Spent: 21.458813444 seconds
New Tree:
Tree: (((0,1),(23,(35,36))),((((((12,13),(14,(15,16))),((10,11),(8,9))),(((17,18),(19,20)),(21,22))),(((26,27),((24,25),(28,29))),((30,31),((34,33),32)))),(((3,4),5),((2,7),6))));
Tree Score: 15309.97099959043
Score Improvement: 0.004569246938868288

Step Number: 11
Time Spent: 19.499098454 seconds
New Tree:
Tree: (((0,1),(23,(35,36))),((((((12,13),(14,(15,16))),((10,11),(8,9))),(((17,18),(21,22)),(19,20))),(((26,27),((24,25),(28,29))),((30,31),((34,33),32)))),(((3,4),5),((2,7),6))));
Tree Score: 15361.981524345774
Score Improvement: 0.0033971667716898857

Step Number: 12
Time Spent: 19.501072378 seconds
New Tree:
Tree: (((0,1),(23,(35,36))),((((((15,16),(14,(12,13))),((10,11),(8,9))),(((17,18),(21,22)),(19,20))),(((26,27),((24,25),(28,29))),((30,31),((34,33),32)))),(((3,4),5),((2,7),6))));
Tree Score: 15382.000899094466
Score Improvement: 0.0013031765932647321

Step Number: 13
Time Spent: 19.493364206 seconds
New Tree:
Tree: (((35,36),(23,(0,1))),((((((15,16),(14,(12,13))),((10,11),(8,9))),(((17,18),(21,22)),(19,20))),(((26,27),((24,25),(28,29))),((30,31),((34,33),32)))),(((3,4),5),((2,7),6))));
Tree Score: 15398.079899135355
Score Improvement: 0.0010453126447180772

Step Number: 14
Time Spent: 19.518298312 seconds
New Tree:
Tree: (((35,36),(23,(0,1))),((((((15,16),(14,(12,13))),((10,11),(8,9))),(((17,18),(21,22)),(19,20))),(((26,27),((24,25),(28,29))),((30,31),((32,33),34)))),(((3,4),5),((2,7),6))));
Tree Score: 15414.009524219513
Score Improvement: 0.0010345202251518248

Step Number: 15
Time Spent: 19.527173184 seconds
New Tree:
Tree: (((35,36),(23,(0,1))),((((((15,16),(12,(14,13))),((10,11),(8,9))),(((17,18),(21,22)),(19,20))),(((26,27),((24,25),(28,29))),((30,31),((32,33),34)))),(((3,4),5),((2,7),6))));
Tree Score: 15416.29547425437
Score Improvement: 1.4830340095906003E-4

Step Number: 16
Time Spent: 19.539884017 seconds
New Tree:
Tree: (((35,36),(23,(0,1))),((((((15,16),(12,(14,13))),((10,11),(8,9))),(((17,18),(21,22)),(19,20))),(((26,27),((24,25),(28,29))),((30,31),((32,33),34)))),(((3,4),5),((2,6),7))));
Tree Score: 15416.707924215782
Score Improvement: 2.6754155179498085E-5

Step Number: 17
Time Spent: 19.600483973 seconds
New Tree:
Tree: (((35,36),(23,(0,1))),((((((15,16),(12,(14,13))),((10,11),(8,9))),(((17,18),(21,22)),(19,20))),(((26,27),((24,25),(28,29))),((30,31),((32,33),34)))),(((3,4),5),((2,6),7))));
Tree Score: 15416.707924215782
Score Improvement: 0.0

TOTAL STEPS: 17
TOTAL TIME: 392.184306757 seconds
Final tree: Tree: (((35,36),(23,(0,1))),((((((15,16),(12,(14,13))),((10,11),(8,9))),(((17,18),(21,22)),(19,20))),(((26,27),((24,25),(28,29))),((30,31),((32,33),34)))),(((3,4),5),((2,6),7))));
Tree Score: 15416.707924215782
Total Score Improvement: 0.8065951380152903

--------------ITERATION 5--------------
Input tree: (((((0,((((1,((2,3),(4,(5,(6,7))))),8),9),(((10,(11,(12,(13,14)))),15),(16,(17,18))))),((19,20),((21,22),23))),((24,25),((26,27),((28,29),30)))),((31,(32,33)),(34,35))),36);
Initial Score: 9146.451377709931

Step Number: 1
Time Spent: 20.961942786 seconds
New Tree:
Tree: (((((0,((19,20),((21,22),23))),((((1,((2,3),(4,(5,(6,7))))),8),9),(((10,(11,(12,(13,14)))),15),(16,(17,18))))),((24,25),((26,27),((28,29),30)))),((31,(32,33)),(34,35))),36);
Tree Score: 10460.987603041878
Score Improvement: 0.14372090016631978

Step Number: 2
Time Spent: 20.534987376 seconds
New Tree:
Tree: ((((((19,20),(0,((21,22),23))),((((1,((2,3),(4,(5,(6,7))))),8),9),(((10,(11,(12,(13,14)))),15),(16,(17,18))))),((24,25),((26,27),((28,29),30)))),((31,(32,33)),(34,35))),36);
Tree Score: 11101.34840194655
Score Improvement: 0.061214181987794936

Step Number: 3
Time Spent: 20.548763359 seconds
New Tree:
Tree: ((((((19,20),(0,((21,22),23))),(((9,8),(1,((2,3),(4,(5,(6,7)))))),(((10,(11,(12,(13,14)))),15),(16,(17,18))))),((24,25),((26,27),((28,29),30)))),((31,(32,33)),(34,35))),36);
Tree Score: 11553.93597518584
Score Improvement: 0.04076870276046196

Step Number: 4
Time Spent: 20.065530611 seconds
New Tree:
Tree: ((((((9,8),(1,((2,3),(4,(5,(6,7)))))),(((19,20),(0,((21,22),23))),(((10,(11,(12,(13,14)))),15),(16,(17,18))))),((24,25),((26,27),((28,29),30)))),((31,(32,33)),(34,35))),36);
Tree Score: 12015.736249152349
Score Improvement: 0.03996908715422243

Step Number: 5
Time Spent: 20.047368175 seconds
New Tree:
Tree: (((((((2,3),(4,(5,(6,7)))),(1,(9,8))),(((19,20),(0,((21,22),23))),(((10,(11,(12,(13,14)))),15),(16,(17,18))))),((24,25),((26,27),((28,29),30)))),((31,(32,33)),(34,35))),36);
Tree Score: 12496.853948460088
Score Improvement: 0.04004063415936576

Step Number: 6
Time Spent: 20.200712325 seconds
New Tree:
Tree: (((((((2,3),(4,(5,(6,7)))),(1,(9,8))),(((19,20),(0,((21,22),23))),(((10,(11,(12,(13,14)))),15),(16,(17,18))))),(((28,29),30),((26,27),(24,25)))),((31,(32,33)),(34,35))),36);
Tree Score: 12724.195022574753
Score Improvement: 0.018191864532647317

Step Number: 7
Time Spent: 20.230215798 seconds
New Tree:
Tree: (((((((2,3),(4,(5,(6,7)))),(1,(9,8))),(((19,20),(0,((21,22),23))),(((10,15),(11,(12,(13,14)))),(16,(17,18))))),(((28,29),30),((26,27),(24,25)))),((31,(32,33)),(34,35))),36);
Tree Score: 12929.894947934092
Score Improvement: 0.016166046260246203

Step Number: 8
Time Spent: 20.119229409 seconds
New Tree:
Tree: (((((((2,3),(4,(5,(6,7)))),(1,(9,8))),(((10,15),(11,(12,(13,14)))),(((19,20),(0,((21,22),23))),(16,(17,18))))),(((28,29),30),((26,27),(24,25)))),((31,(32,33)),(34,35))),36);
Tree Score: 13200.08097339993
Score Improvement: 0.020896227429056502

Step Number: 9
Time Spent: 20.123783409 seconds
New Tree:
Tree: (((((((19,20),(0,((21,22),23))),(16,(17,18))),(((10,15),(11,(12,(13,14)))),(((2,3),(4,(5,(6,7)))),(1,(9,8))))),(((28,29),30),((26,27),(24,25)))),((31,(32,33)),(34,35))),36);
Tree Score: 13461.430750295181
Score Improvement: 0.01979910406776364

Step Number: 10
Time Spent: 20.125116469 seconds
New Tree:
Tree: (((((((19,20),(0,((21,22),23))),(16,(17,18))),(((10,15),(11,(12,(13,14)))),(((2,3),(1,(9,8))),(4,(5,(6,7)))))),(((28,29),30),((26,27),(24,25)))),((31,(32,33)),(34,35))),36);
Tree Score: 13662.753651406074
Score Improvement: 0.01495553517641346

Step Number: 11
Time Spent: 20.075961336 seconds
New Tree:
Tree: (((((((19,20),(0,((21,22),23))),(16,(17,18))),(((12,(13,14)),(11,(10,15))),(((2,3),(1,(9,8))),(4,(5,(6,7)))))),(((28,29),30),((26,27),(24,25)))),((31,(32,33)),(34,35))),36);
Tree Score: 13836.581751219386
Score Improvement: 0.01272277201568528

Step Number: 12
Time Spent: 24.394609399 seconds
New Tree:
Tree: (((((((19,20),(0,((21,22),23))),(16,(17,18))),(((12,(13,14)),(11,(10,15))),(((2,3),(8,(9,1))),(4,(5,(6,7)))))),(((28,29),30),((26,27),(24,25)))),((31,(32,33)),(34,35))),36);
Tree Score: 13864.196126209277
Score Improvement: 0.0019957512257287036

Step Number: 13
Time Spent: 20.138743761 seconds
New Tree:
Tree: (((((((19,20),((21,22),(0,23))),(16,(17,18))),(((12,(13,14)),(11,(10,15))),(((2,3),(8,(9,1))),(4,(5,(6,7)))))),(((28,29),30),((26,27),(24,25)))),((31,(32,33)),(34,35))),36);
Tree Score: 13885.543501466218
Score Improvement: 0.0015397485048977977

Step Number: 14
Time Spent: 20.138121196 seconds
New Tree:
Tree: (((((((19,20),((21,22),(0,23))),(16,(17,18))),(((12,(13,14)),(11,(10,15))),(((2,3),(8,(9,1))),(4,(5,(6,7)))))),(((28,29),30),((26,27),(24,25)))),((33,(32,31)),(34,35))),36);
Tree Score: 13899.480251569006
Score Improvement: 0.0010036877635590802

Step Number: 15
Time Spent: 20.396020333 seconds
New Tree:
Tree: (((((((19,20),((21,22),(0,23))),(16,(17,18))),(((12,(13,14)),(15,(10,11))),(((2,3),(8,(9,1))),(4,(5,(6,7)))))),(((28,29),30),((26,27),(24,25)))),((33,(32,31)),(34,35))),36);
Tree Score: 13908.321251466576
Score Improvement: 6.360669418967735E-4

Step Number: 16
Time Spent: 20.175030708 seconds
New Tree:
Tree: (((((((19,20),((21,22),(0,23))),(16,(17,18))),(((14,(13,12)),(15,(10,11))),(((2,3),(8,(9,1))),(4,(5,(6,7)))))),(((28,29),30),((26,27),(24,25)))),((33,(32,31)),(34,35))),36);
Tree Score: 13915.171351447407
Score Improvement: 4.925181017161329E-4

Step Number: 17
Time Spent: 20.131202229 seconds
New Tree:
Tree: (((((((19,20),((21,22),(0,23))),(17,(16,18))),(((14,(13,12)),(15,(10,11))),(((2,3),(8,(9,1))),(4,(5,(6,7)))))),(((28,29),30),((26,27),(24,25)))),((33,(32,31)),(34,35))),36);
Tree Score: 13916.341551873538
Score Improvement: 8.409529401953719E-5

Step Number: 18
Time Spent: 20.146241363 seconds
New Tree:
Tree: (((33,(32,31)),((((((19,20),((21,22),(0,23))),(17,(16,18))),(((14,(13,12)),(15,(10,11))),(((2,3),(8,(9,1))),(4,(5,(6,7)))))),(((28,29),30),((26,27),(24,25)))),(34,35))),36);
Tree Score: 13916.841452200602
Score Improvement: 3.592182077460926E-5

Step Number: 19
Time Spent: 21.11995904 seconds
New Tree:
Tree: (((((((((19,20),((21,22),(0,23))),(17,(16,18))),(((14,(13,12)),(15,(10,11))),(((2,3),(8,(9,1))),(4,(5,(6,7)))))),(((28,29),30),((26,27),(24,25)))),(34,35)),(32,31)),33),36);
Tree Score: 13991.36267681856
Score Improvement: 0.005354751282746983

Step Number: 20
Time Spent: 22.176642994 seconds
New Tree:
Tree: (((((((((19,20),((21,22),(0,23))),(17,(16,18))),(((14,(13,12)),(15,(10,11))),(((2,3),(8,(9,1))),(4,(5,(6,7)))))),(((28,29),30),((26,27),(24,25)))),(34,35)),(32,31)),33),36);
Tree Score: 13991.36267681856
Score Improvement: 0.0

TOTAL STEPS: 20
TOTAL TIME: 411.850182076 seconds
Final tree: Tree: (((((((((19,20),((21,22),(0,23))),(17,(16,18))),(((14,(13,12)),(15,(10,11))),(((2,3),(8,(9,1))),(4,(5,(6,7)))))),(((28,29),30),((26,27),(24,25)))),(34,35)),(32,31)),33),36);
Tree Score: 13991.36267681856
Total Score Improvement: 0.5297039364267291

--------------ITERATION 6--------------
Input tree: (((((((0,(1,2)),3),(4,5)),((6,7),((8,9),10))),(11,12)),(((13,14),15),16)),(((17,(((((18,19),20),((21,22),23)),24),25)),((26,27),((28,29),((30,31),32)))),(33,((34,35),36))));
Initial Score: 9713.595700522186

Step Number: 1
Time Spent: 20.437607464 seconds
New Tree:
Tree: ((((((13,14),15),16),(11,12)),((((0,(1,2)),3),(4,5)),((6,7),((8,9),10)))),(((17,(((((18,19),20),((21,22),23)),24),25)),((26,27),((28,29),((30,31),32)))),(33,((34,35),36))));
Tree Score: 10324.790624363115
Score Improvement: 0.06292159388598728

Step Number: 2
Time Spent: 19.865074393 seconds
New Tree:
Tree: (((((0,(1,2)),3),(4,5)),(((((13,14),15),16),(11,12)),((6,7),((8,9),10)))),(((17,(((((18,19),20),((21,22),23)),24),25)),((26,27),((28,29),((30,31),32)))),(33,((34,35),36))));
Tree Score: 11453.999849848682
Score Improvement: 0.10936872877799608

Step Number: 3
Time Spent: 19.868024559 seconds
New Tree:
Tree: (((((0,(1,2)),3),(4,5)),(33,((34,35),36))),(((17,(((((18,19),20),((21,22),23)),24),25)),((26,27),((28,29),((30,31),32)))),(((((13,14),15),16),(11,12)),((6,7),((8,9),10)))));
Tree Score: 13590.112803237746
Score Improvement: 0.18649493464217937

Step Number: 4
Time Spent: 19.756517921 seconds
New Tree:
Tree: (((((0,(1,2)),3),(4,5)),(33,((34,35),36))),(((17,(((((18,19),20),((21,22),23)),24),25)),(((((13,14),15),16),(11,12)),((6,7),((8,9),10)))),((26,27),((28,29),((30,31),32)))));
Tree Score: 14067.343472855166
Score Improvement: 0.0351160197510445

Step Number: 5
Time Spent: 19.849556428 seconds
New Tree:
Tree: (((((0,(1,2)),3),(4,5)),(33,((34,35),36))),(((17,(((((18,19),20),((21,22),23)),24),25)),(((((13,14),15),16),(11,12)),((6,7),((8,9),10)))),(((30,31),32),((28,29),(26,27)))));
Tree Score: 14430.728598479182
Score Improvement: 0.0258318229255734

Step Number: 6
Time Spent: 19.895156011 seconds
New Tree:
Tree: (((((0,(1,2)),3),(4,5)),(33,((34,35),36))),(((((((18,19),20),((21,22),23)),24),(17,25)),(((((13,14),15),16),(11,12)),((6,7),((8,9),10)))),(((30,31),32),((28,29),(26,27)))));
Tree Score: 14687.083173219115
Score Improvement: 0.017764492831425782

Step Number: 7
Time Spent: 19.868284229 seconds
New Tree:
Tree: (((((0,(1,2)),3),(4,5)),(33,((34,35),36))),(((((17,25),24),(((18,19),20),((21,22),23))),(((((13,14),15),16),(11,12)),((6,7),((8,9),10)))),(((30,31),32),((28,29),(26,27)))));
Tree Score: 15063.748448105063
Score Improvement: 0.02564602313771691

Step Number: 8
Time Spent: 27.869879753 seconds
New Tree:
Tree: (((((0,(1,2)),3),(4,5)),(33,((34,35),36))),(((((18,19),20),(((17,25),24),((21,22),23))),(((((13,14),15),16),(11,12)),((6,7),((8,9),10)))),(((30,31),32),((28,29),(26,27)))));
Tree Score: 15313.188972322736
Score Improvement: 0.016558994268724092

Step Number: 9
Time Spent: 29.950331394 seconds
New Tree:
Tree: ((((33,((34,35),36)),(4,5)),((0,(1,2)),3)),(((((18,19),20),(((17,25),24),((21,22),23))),(((((13,14),15),16),(11,12)),((6,7),((8,9),10)))),(((30,31),32),((28,29),(26,27)))));
Tree Score: 15496.645324027631
Score Improvement: 0.011980283926259716

Step Number: 10
Time Spent: 31.139297393 seconds
New Tree:
Tree: ((((33,((34,35),36)),(4,5)),((0,3),(1,2))),(((((18,19),20),(((17,25),24),((21,22),23))),(((((13,14),15),16),(11,12)),((6,7),((8,9),10)))),(((30,31),32),((28,29),(26,27)))));
Tree Score: 15549.968499260489
Score Improvement: 0.0034409495808862545

Step Number: 11
Time Spent: 29.070181342 seconds
New Tree:
Tree: (((((34,35),(33,36)),(4,5)),((0,3),(1,2))),(((((18,19),20),(((17,25),24),((21,22),23))),(((((13,14),15),16),(11,12)),((6,7),((8,9),10)))),(((30,31),32),((28,29),(26,27)))));
Tree Score: 15595.05942450324
Score Improvement: 0.002899743831950241

Step Number: 12
Time Spent: 29.092727435 seconds
New Tree:
Tree: (((((34,35),(33,36)),(4,5)),((0,3),(1,2))),(((((18,19),20),(((17,25),24),((23,22),21))),(((((13,14),15),16),(11,12)),((6,7),((8,9),10)))),(((30,31),32),((28,29),(26,27)))));
Tree Score: 15624.804999355692
Score Improvement: 0.001907371690146542

Step Number: 13
Time Spent: 20.357041772 seconds
New Tree:
Tree: (((((34,35),(33,36)),(4,5)),((0,3),(1,2))),(((((18,19),20),(((17,25),24),((23,22),21))),((((16,15),(13,14)),(11,12)),((6,7),((8,9),10)))),(((30,31),32),((28,29),(26,27)))));
Tree Score: 15645.94614930125
Score Improvement: 0.0013530504826415601

Step Number: 14
Time Spent: 19.521385855 seconds
New Tree:
Tree: (((((34,35),(33,36)),(4,5)),((0,3),(1,2))),(((((18,19),20),(((17,25),24),((23,22),21))),((((11,12),(13,14)),(16,15)),((6,7),((8,9),10)))),(((30,31),32),((28,29),(26,27)))));
Tree Score: 15661.127249116544
Score Improvement: 9.70289662921564E-4

Step Number: 15
Time Spent: 19.525852835 seconds
New Tree:
Tree: (((((4,5),(33,36)),(34,35)),((0,3),(1,2))),(((((18,19),20),(((17,25),24),((23,22),21))),((((11,12),(13,14)),(16,15)),((6,7),((8,9),10)))),(((30,31),32),((28,29),(26,27)))));
Tree Score: 15667.851649353746
Score Improvement: 4.2936885258892943E-4

Step Number: 16
Time Spent: 19.487659848 seconds
New Tree:
Tree: (((((4,5),(33,36)),(34,35)),((0,3),(1,2))),(((((18,19),20),(((17,24),25),((23,22),21))),((((11,12),(13,14)),(16,15)),((6,7),((8,9),10)))),(((30,31),32),((28,29),(26,27)))));
Tree Score: 15669.739849282894
Score Improvement: 1.2051428437076517E-4

Step Number: 17
Time Spent: 19.510362946 seconds
New Tree:
Tree: (((((4,5),(33,36)),(34,35)),((0,3),(1,2))),(((((18,20),19),(((17,24),25),((23,22),21))),((((11,12),(13,14)),(16,15)),((6,7),((8,9),10)))),(((30,31),32),((28,29),(26,27)))));
Tree Score: 15669.764124053065
Score Improvement: 1.5491495330977045E-6

Step Number: 18
Time Spent: 19.515314134 seconds
New Tree:
Tree: (((((4,5),(33,36)),(34,35)),((0,3),(1,2))),(((((18,20),19),(((17,24),25),((23,22),21))),((((11,12),(13,14)),(16,15)),((6,7),((8,9),10)))),(((30,31),32),((28,29),(26,27)))));
Tree Score: 15669.764124053065
Score Improvement: 0.0

TOTAL STEPS: 18
TOTAL TIME: 404.580255712 seconds
Final tree: Tree: (((((4,5),(33,36)),(34,35)),((0,3),(1,2))),(((((18,20),19),(((17,24),25),((23,22),21))),((((11,12),(13,14)),(16,15)),((6,7),((8,9),10)))),(((30,31),32),((28,29),(26,27)))));
Tree Score: 15669.764124053065
Total Score Improvement: 0.6131785393549667

--------------ITERATION 7--------------
Input tree: (((((((((0,1),(2,((((3,4),(5,6)),7),8))),((9,10),11)),((12,13),((14,15),16))),((17,18),19)),(20,((21,22),23))),((24,(25,26)),((27,28),(29,30)))),((31,(32,33)),34)),(35,36));
Initial Score: 9533.016575061061

Step Number: 1
Time Spent: 22.607924583 seconds
New Tree:
Tree: ((((((20,((21,22),23)),((17,18),19)),((((0,1),(2,((((3,4),(5,6)),7),8))),((9,10),11)),((12,13),((14,15),16)))),((24,(25,26)),((27,28),(29,30)))),((31,(32,33)),34)),(35,36));
Tree Score: 11942.235150623645
Score Improvement: 0.25272363229339634

Step Number: 2
Time Spent: 21.730336938 seconds
New Tree:
Tree: ((((((20,((21,22),23)),((17,18),19)),((((12,13),((14,15),16)),((9,10),11)),((0,1),(2,((((3,4),(5,6)),7),8))))),((24,(25,26)),((27,28),(29,30)))),((31,(32,33)),34)),(35,36));
Tree Score: 12697.954673645247
Score Improvement: 0.06328124622316933

Step Number: 3
Time Spent: 21.405822697 seconds
New Tree:
Tree: ((((((0,1),(2,((((3,4),(5,6)),7),8))),((((12,13),((14,15),16)),((9,10),11)),((20,((21,22),23)),((17,18),19)))),((24,(25,26)),((27,28),(29,30)))),((31,(32,33)),34)),(35,36));
Tree Score: 13389.284072779454
Score Improvement: 0.05444415395253133

Step Number: 4
Time Spent: 21.599334594 seconds
New Tree:
Tree: (((((((((3,4),(5,6)),7),8),(2,(0,1))),((((12,13),((14,15),16)),((9,10),11)),((20,((21,22),23)),((17,18),19)))),((24,(25,26)),((27,28),(29,30)))),((31,(32,33)),34)),(35,36));
Tree Score: 13775.559698318735
Score Improvement: 0.028849610138945714

Step Number: 5
Time Spent: 21.728366506 seconds
New Tree:
Tree: (((((((8,7),((3,4),(5,6))),(2,(0,1))),((((12,13),((14,15),16)),((9,10),11)),((20,((21,22),23)),((17,18),19)))),((24,(25,26)),((27,28),(29,30)))),((31,(32,33)),34)),(35,36));
Tree Score: 13956.977648453832
Score Improvement: 0.013169552026059517

Step Number: 6
Time Spent: 21.379573339 seconds
New Tree:
Tree: (((((((8,7),(2,(0,1))),((3,4),(5,6))),((((12,13),((14,15),16)),((9,10),11)),((20,((21,22),23)),((17,18),19)))),((24,(25,26)),((27,28),(29,30)))),((31,(32,33)),34)),(35,36));
Tree Score: 14151.501823079809
Score Improvement: 0.013937413924820952

Step Number: 7
Time Spent: 21.310880246 seconds
New Tree:
Tree: (((((((8,7),(2,(0,1))),((3,4),(5,6))),((((12,13),((14,15),16)),((9,10),11)),((20,((21,22),23)),((17,18),19)))),((24,(25,26)),((27,28),(29,30)))),((31,34),(32,33))),(35,36));
Tree Score: 14224.640698061943
Score Improvement: 0.005168276547359296

Step Number: 8
Time Spent: 21.260497302 seconds
New Tree:
Tree: (((32,33),((31,34),(((((8,7),(2,(0,1))),((3,4),(5,6))),((((12,13),((14,15),16)),((9,10),11)),((20,((21,22),23)),((17,18),19)))),((24,(25,26)),((27,28),(29,30)))))),(35,36));
Tree Score: 14304.449523192168
Score Improvement: 0.0056106039389169915

Step Number: 9
Time Spent: 20.602033961 seconds
New Tree:
Tree: (((32,33),((31,34),(((((8,7),(2,(0,1))),((3,4),(5,6))),((((12,13),((14,15),16)),((9,11),10)),((20,((21,22),23)),((17,18),19)))),((24,(25,26)),((27,28),(29,30)))))),(35,36));
Tree Score: 14323.245198454977
Score Improvement: 0.0013139740353051987

Step Number: 10
Time Spent: 20.603330214 seconds
New Tree:
Tree: (((32,33),((31,34),(((((8,7),(2,(0,1))),((3,4),(5,6))),((((12,13),((14,15),16)),((9,11),10)),(((21,22),(20,23)),((17,18),19)))),((24,(25,26)),((27,28),(29,30)))))),(35,36));
Tree Score: 14340.77159838906
Score Improvement: 0.0012236333101365293

Step Number: 11
Time Spent: 20.609495384 seconds
New Tree:
Tree: (((32,33),((31,34),(((((8,7),(2,(0,1))),((3,4),(5,6))),((((12,13),((14,15),16)),((9,11),10)),(((21,22),(20,23)),((19,18),17)))),((24,(25,26)),((27,28),(29,30)))))),(35,36));
Tree Score: 14348.101223475918
Score Improvement: 5.111039553604702E-4

Step Number: 12
Time Spent: 20.631388671 seconds
New Tree:
Tree: (((32,33),((31,34),(((((8,7),(0,(2,1))),((3,4),(5,6))),((((12,13),((14,15),16)),((9,11),10)),(((21,22),(20,23)),((19,18),17)))),((24,(25,26)),((27,28),(29,30)))))),(35,36));
Tree Score: 14354.878848641798
Score Improvement: 4.7237087753404516E-4

Step Number: 13
Time Spent: 20.658736213 seconds
New Tree:
Tree: (((32,33),((31,34),(((((8,7),(0,(2,1))),((3,4),(5,6))),((((12,13),((14,15),16)),((9,11),10)),(((21,22),(20,23)),((19,18),17)))),((24,(25,26)),((27,28),(29,30)))))),(35,36));
Tree Score: 14354.878848641798
Score Improvement: 0.0

TOTAL STEPS: 13
TOTAL TIME: 276.127720648 seconds
Final tree: Tree: (((32,33),((31,34),(((((8,7),(0,(2,1))),((3,4),(5,6))),((((12,13),((14,15),16)),((9,11),10)),(((21,22),(20,23)),((19,18),17)))),((24,(25,26)),((27,28),(29,30)))))),(35,36));
Tree Score: 14354.878848641798
Total Score Improvement: 0.5058065551039757

--------------ITERATION 8--------------
Input tree: (((((0,1),((2,3),(4,(5,6)))),((7,8),(9,(10,(11,12))))),(((((13,14),(15,16)),(17,18)),19),20)),((((21,22),23),((((24,25),((((26,27),28),29),30)),31),((32,(33,34)),35))),36));
Initial Score: 8213.959348883594

Step Number: 1
Time Spent: 20.566060531 seconds
New Tree:
Tree: ((((((((13,14),(15,16)),(17,18)),19),20),((7,8),(9,(10,(11,12))))),((0,1),((2,3),(4,(5,6))))),((((21,22),23),((((24,25),((((26,27),28),29),30)),31),((32,(33,34)),35))),36));
Tree Score: 10103.911500611282
Score Improvement: 0.230090273332624

Step Number: 2
Time Spent: 27.942740554 seconds
New Tree:
Tree: ((((((((13,14),(15,16)),(17,18)),19),20),((7,8),(9,(10,(11,12))))),((0,1),((2,3),(4,(5,6))))),((((21,22),23),36),((((24,25),((((26,27),28),29),30)),31),((32,(33,34)),35))));
Tree Score: 11350.41214975243
Score Improvement: 0.12336812818142118

Step Number: 3
Time Spent: 32.615711678 seconds
New Tree:
Tree: ((((((((13,14),(15,16)),(17,18)),19),20),((7,8),(9,(10,(11,12))))),((((24,25),((((26,27),28),29),30)),31),((32,(33,34)),35))),((((21,22),23),36),((0,1),((2,3),(4,(5,6))))));
Tree Score: 12123.463376224607
Score Improvement: 0.06810776703725585

Step Number: 4
Time Spent: 32.624767158 seconds
New Tree:
Tree: ((((((((13,14),(15,16)),(17,18)),19),20),((7,8),(9,(10,(11,12))))),((((32,(33,34)),35),31),((24,25),((((26,27),28),29),30)))),((((21,22),23),36),((0,1),((2,3),(4,(5,6))))));
Tree Score: 12877.341651723355
Score Improvement: 0.062183408495066095

Step Number: 5
Time Spent: 32.250204933 seconds
New Tree:
Tree: ((((((((13,14),(15,16)),(17,18)),19),20),((7,8),(9,(10,(11,12))))),((((32,(33,34)),35),31),((24,25),((((26,27),28),29),30)))),(((2,3),(4,(5,6))),((0,1),(((21,22),23),36))));
Tree Score: 13359.446101214662
Score Improvement: 0.03743819668143922

Step Number: 6
Time Spent: 32.254185816 seconds
New Tree:
Tree: (((((20,19),(((13,14),(15,16)),(17,18))),((7,8),(9,(10,(11,12))))),((((32,(33,34)),35),31),((24,25),((((26,27),28),29),30)))),(((2,3),(4,(5,6))),((0,1),(((21,22),23),36))));
Tree Score: 13783.886352196581
Score Improvement: 0.03177079706495678

Step Number: 7
Time Spent: 31.563299007 seconds
New Tree:
Tree: (((((20,19),(((13,14),(15,16)),(17,18))),((7,8),(9,(10,(11,12))))),(((((26,27),28),29),30),((24,25),(((32,(33,34)),35),31)))),(((2,3),(4,(5,6))),((0,1),(((21,22),23),36))));
Tree Score: 13954.608401691787
Score Improvement: 0.012385625151936974

Step Number: 8
Time Spent: 30.580402648 seconds
New Tree:
Tree: (((((20,19),(((13,14),(15,16)),(17,18))),((7,8),(9,(10,(11,12))))),(((30,29),((26,27),28)),((24,25),(((32,(33,34)),35),31)))),(((2,3),(4,(5,6))),((0,1),(((21,22),23),36))));
Tree Score: 14162.878126694135
Score Improvement: 0.014924798962979047

Step Number: 9
Time Spent: 27.824024201 seconds
New Tree:
Tree: (((((20,19),(((13,14),(15,16)),(17,18))),((7,8),(9,(10,(11,12))))),(((30,29),((26,27),28)),(((32,(33,34)),35),((24,25),31)))),(((2,3),(4,(5,6))),((0,1),(((21,22),23),36))));
Tree Score: 14282.389376951627
Score Improvement: 0.008438344889252214

Step Number: 10
Time Spent: 20.44393306 seconds
New Tree:
Tree: (((((20,19),(((13,14),(15,16)),(17,18))),((10,(11,12)),(9,(7,8)))),(((30,29),((26,27),28)),(((32,(33,34)),35),((24,25),31)))),(((2,3),(4,(5,6))),((0,1),(((21,22),23),36))));
Tree Score: 14388.512976933516
Score Improvement: 0.007430381372541817

Step Number: 11
Time Spent: 21.805941245 seconds
New Tree:
Tree: ((((((13,14),(15,16)),((20,19),(17,18))),((10,(11,12)),(9,(7,8)))),(((30,29),((26,27),28)),(((32,(33,34)),35),((24,25),31)))),(((2,3),(4,(5,6))),((0,1),(((21,22),23),36))));
Tree Score: 14445.539401722386
Score Improvement: 0.003963329975813945

Step Number: 12
Time Spent: 22.40922222 seconds
New Tree:
Tree: ((((((13,14),(15,16)),((20,19),(17,18))),((10,(11,12)),(9,(7,8)))),(((30,29),((26,27),28)),(((32,(33,34)),35),((24,25),31)))),(((2,3),(4,(5,6))),((0,1),((36,23),(21,22)))));
Tree Score: 14498.499701754436
Score Improvement: 0.0036662043942599087

Step Number: 13
Time Spent: 23.25157445 seconds
New Tree:
Tree: ((((((13,14),(15,16)),((20,19),(17,18))),((10,(11,12)),(9,(7,8)))),(((26,27),((30,29),28)),(((32,(33,34)),35),((24,25),31)))),(((2,3),(4,(5,6))),((0,1),((36,23),(21,22)))));
Tree Score: 14542.529053223565
Score Improvement: 0.0030368212142530826

Step Number: 14
Time Spent: 25.668511828 seconds
New Tree:
Tree: ((((((13,14),(15,16)),((20,19),(17,18))),((11,(10,12)),(9,(7,8)))),(((26,27),((30,29),28)),(((32,(33,34)),35),((24,25),31)))),(((2,3),(4,(5,6))),((0,1),((36,23),(21,22)))));
Tree Score: 14575.982103762462
Score Improvement: 0.002300359890392123

Step Number: 15
Time Spent: 30.03898785 seconds
New Tree:
Tree: ((((((13,14),(15,16)),((20,19),(17,18))),((11,(10,12)),(9,(7,8)))),(((26,27),((30,28),29)),(((32,(33,34)),35),((24,25),31)))),(((2,3),(4,(5,6))),((0,1),((36,23),(21,22)))));
Tree Score: 14592.664353882208
Score Improvement: 0.0011445026483285492

Step Number: 16
Time Spent: 30.007320694 seconds
New Tree:
Tree: ((((((13,14),(15,16)),((20,19),(17,18))),((11,(10,12)),(9,(7,8)))),(((26,27),((30,28),29)),(((32,(33,34)),35),((24,25),31)))),(((2,3),(4,(5,6))),((21,22),((36,23),(0,1)))));
Tree Score: 14607.750504096284
Score Improvement: 0.0010338173926451866

Step Number: 17
Time Spent: 29.92008935 seconds
New Tree:
Tree: ((((((13,14),(15,16)),((20,19),(17,18))),((11,(10,12)),(9,(7,8)))),(((26,27),((30,28),29)),(((32,(33,34)),35),((24,31),25)))),(((2,3),(4,(5,6))),((21,22),((36,23),(0,1)))));
Tree Score: 14613.062329058781
Score Improvement: 3.636305919250127E-4

Step Number: 18
Time Spent: 29.932193962 seconds
New Tree:
Tree: ((((((13,14),(15,16)),((20,19),(17,18))),((11,(10,12)),(9,(7,8)))),(((26,27),((30,28),29)),(((32,35),(33,34)),((24,31),25)))),(((2,3),(4,(5,6))),((21,22),((36,23),(0,1)))));
Tree Score: 14617.589754196071
Score Improvement: 3.098204219855738E-4

Step Number: 19
Time Spent: 29.870965296 seconds
New Tree:
Tree: ((((((13,14),(15,16)),((20,19),(17,18))),((11,(10,12)),(9,(7,8)))),(((26,27),((30,28),29)),(((32,35),(33,34)),((24,31),25)))),(((36,23),(0,1)),((21,22),((2,3),(4,(5,6))))));
Tree Score: 14619.069279096175
Score Improvement: 1.0121537989382645E-4

Step Number: 20
Time Spent: 29.840741062 seconds
New Tree:
Tree: ((((((13,14),(15,16)),((20,19),(17,18))),((11,(10,12)),(9,(7,8)))),(((26,27),((30,28),29)),(((32,35),(33,34)),((24,31),25)))),(((36,23),(0,1)),((21,22),((2,3),(4,(5,6))))));
Tree Score: 14619.069279096175
Score Improvement: 0.0

TOTAL STEPS: 20
TOTAL TIME: 561.410877543 seconds
Final tree: Tree: ((((((13,14),(15,16)),((20,19),(17,18))),((11,(10,12)),(9,(7,8)))),(((26,27),((30,28),29)),(((32,35),(33,34)),((24,31),25)))),(((36,23),(0,1)),((21,22),((2,3),(4,(5,6))))));
Tree Score: 14619.069279096175
Total Score Improvement: 0.779783495164623

--------------ITERATION 9--------------
Input tree: (((0,1),2),(((3,4),((((5,(6,7)),8),9),((((10,11),((12,13),(14,15))),16),((((17,18),19),(20,21)),((22,23),24))))),(((25,26),((27,((28,29),(30,31))),32)),((33,34),(35,36)))));
Initial Score: 8776.952426423783

Step Number: 1
Time Spent: 30.377991922 seconds
New Tree:
Tree: (((0,1),2),(((((25,26),((27,((28,29),(30,31))),32)),((33,34),(35,36))),((((5,(6,7)),8),9),((((10,11),((12,13),(14,15))),16),((((17,18),19),(20,21)),((22,23),24))))),(3,4)));
Tree Score: 10782.767849846276
Score Improvement: 0.22853210613103125

Step Number: 2
Time Spent: 31.190265886 seconds
New Tree:
Tree: (((0,1),2),(((((25,26),((27,((28,29),(30,31))),32)),((33,34),(35,36))),(((((17,18),19),(20,21)),((22,23),24)),((((10,11),((12,13),(14,15))),16),(((5,(6,7)),8),9)))),(3,4)));
Tree Score: 12776.962573968076
Score Improvement: 0.18494274864224503

Step Number: 3
Time Spent: 31.321455823 seconds
New Tree:
Tree: (((0,1),2),(((((25,26),((27,((28,29),(30,31))),32)),(((((17,18),19),(20,21)),((22,23),24)),((((10,11),((12,13),(14,15))),16),(((5,(6,7)),8),9)))),((33,34),(35,36))),(3,4)));
Tree Score: 14044.15312502239
Score Improvement: 0.09917776182862914

Step Number: 4
Time Spent: 32.046443337 seconds
New Tree:
Tree: (((0,1),2),(((((27,((28,29),(30,31))),((25,26),32)),(((((17,18),19),(20,21)),((22,23),24)),((((10,11),((12,13),(14,15))),16),(((5,(6,7)),8),9)))),((33,34),(35,36))),(3,4)));
Tree Score: 14536.584299980515
Score Improvement: 0.03506307362034966

Step Number: 5
Time Spent: 32.018863224 seconds
New Tree:
Tree: (((0,1),2),(((((27,((28,29),(30,31))),((25,26),32)),(((((22,23),24),(20,21)),((17,18),19)),((((10,11),((12,13),(14,15))),16),(((5,(6,7)),8),9)))),((33,34),(35,36))),(3,4)));
Tree Score: 14841.529649771486
Score Improvement: 0.020977785668080173

Step Number: 6
Time Spent: 32.04570686 seconds
New Tree:
Tree: (((0,1),2),(((((27,((28,29),(30,31))),((25,26),32)),(((((22,23),24),(20,21)),((17,18),19)),((((10,11),16),((12,13),(14,15))),(((5,(6,7)),8),9)))),((33,34),(35,36))),(3,4)));
Tree Score: 15086.396249766663
Score Improvement: 0.016498744116914432

Step Number: 7
Time Spent: 31.853008124 seconds
New Tree:
Tree: (((0,1),2),(((((27,((28,29),(30,31))),((25,26),32)),(((((22,23),24),(20,21)),((17,18),19)),((((10,11),16),((12,13),(14,15))),((9,8),(5,(6,7)))))),((33,34),(35,36))),(3,4)));
Tree Score: 15260.091598029318
Score Improvement: 0.011513375718561036

Step Number: 8
Time Spent: 31.605667524 seconds
New Tree:
Tree: (((0,1),2),(((((27,((25,26),32)),((28,29),(30,31))),(((((22,23),24),(20,21)),((17,18),19)),((((10,11),16),((12,13),(14,15))),((9,8),(5,(6,7)))))),((33,34),(35,36))),(3,4)));
Tree Score: 15433.607446910883
Score Improvement: 0.011370564047202159

Step Number: 9
Time Spent: 31.549139175 seconds
New Tree:
Tree: (((0,1),2),((((((25,26),(27,32)),((28,29),(30,31))),(((((22,23),24),(20,21)),((17,18),19)),((((10,11),16),((12,13),(14,15))),((9,8),(5,(6,7)))))),((33,34),(35,36))),(3,4)));
Tree Score: 15469.97174687318
Score Improvement: 0.002356176291731238

Step Number: 10
Time Spent: 31.447802546 seconds
New Tree:
Tree: (((0,1),2),((((((25,26),(27,32)),((28,29),(30,31))),(((((22,23),24),(20,21)),((17,18),19)),((((10,11),16),((12,13),(14,15))),((6,7),(5,(9,8)))))),((33,34),(35,36))),(3,4)));
Tree Score: 15499.426171815057
Score Improvement: 0.0019039740617388112

Step Number: 11
Time Spent: 31.401167426 seconds
New Tree:
Tree: (((0,1),2),((((((25,26),(27,32)),((28,29),(30,31))),(((((22,23),24),(20,21)),((17,19),18)),((((10,11),16),((12,13),(14,15))),((6,7),(5,(9,8)))))),((33,34),(35,36))),(3,4)));
Tree Score: 15505.418346800177
Score Improvement: 3.8660624714070835E-4

Step Number: 12
Time Spent: 31.406139636 seconds
New Tree:
Tree: (((2,1),0),((((((25,26),(27,32)),((28,29),(30,31))),(((((22,23),24),(20,21)),((17,19),18)),((((10,11),16),((12,13),(14,15))),((6,7),(5,(9,8)))))),((33,34),(35,36))),(3,4)));
Tree Score: 15510.253747046261
Score Improvement: 3.118522917560096E-4

Step Number: 13
Time Spent: 21.679488922 seconds
New Tree:
Tree: (((3,4),0),((((((25,26),(27,32)),((28,29),(30,31))),(((((22,23),24),(20,21)),((17,19),18)),((((10,11),16),((12,13),(14,15))),((6,7),(5,(9,8)))))),((33,34),(35,36))),(2,1)));
Tree Score: 15537.342647243326
Score Improvement: 0.001746515604376997

Step Number: 14
Time Spent: 21.284063148 seconds
New Tree:
Tree: (((3,4),0),((((((25,26),(27,32)),((28,29),(30,31))),(((((22,23),24),(20,21)),((17,19),18)),((((10,16),11),((12,13),(14,15))),((6,7),(5,(9,8)))))),((33,34),(35,36))),(2,1)));
Tree Score: 15539.781047242728
Score Improvement: 1.569380334052184E-4

Step Number: 15
Time Spent: 28.446364095 seconds
New Tree:
Tree: (((3,4),0),((((((25,26),(27,32)),((28,29),(30,31))),(((((22,24),23),(20,21)),((17,19),18)),((((10,16),11),((12,13),(14,15))),((6,7),(5,(9,8)))))),((33,34),(35,36))),(2,1)));
Tree Score: 15540.229747277719
Score Improvement: 2.887428295328398E-5

Step Number: 16
Time Spent: 29.635008964 seconds
New Tree:
Tree: (((3,4),0),((((((25,26),(27,32)),((28,29),(30,31))),(((((22,24),23),(20,21)),((17,19),18)),((((10,16),11),((12,13),(14,15))),((6,7),(5,(9,8)))))),((33,34),(35,36))),(2,1)));
Tree Score: 15540.229747277719
Score Improvement: 0.0

TOTAL STEPS: 16
TOTAL TIME: 479.308576612 seconds
Final tree: Tree: (((3,4),0),((((((25,26),(27,32)),((28,29),(30,31))),(((((22,24),23),(20,21)),((17,19),18)),((((10,16),11),((12,13),(14,15))),((6,7),(5,(9,8)))))),((33,34),(35,36))),(2,1)));
Tree Score: 15540.229747277719
Total Score Improvement: 0.7705724028413894

--------------ITERATION 10--------------
Input tree: ((0,(1,(2,3))),(((4,(5,6)),7),(((((8,9),10),(((11,12),(13,14)),((15,16),(17,18)))),((19,20),((21,22),23))),((24,25),(26,((27,((28,29),(((30,31),(32,33)),34))),(35,36)))))));
Initial Score: 11237.577401151195

Step Number: 1
Time Spent: 20.63770777 seconds
New Tree:
Tree: ((0,(1,(2,3))),(((4,(5,6)),7),(((((8,9),10),(((11,12),(13,14)),((15,16),(17,18)))),((19,20),((21,22),23))),(((27,((28,29),(((30,31),(32,33)),34))),(35,36)),(26,(24,25))))));
Tree Score: 11977.30232538773
Score Improvement: 0.06582601372434227

Step Number: 2
Time Spent: 20.952871103 seconds
New Tree:
Tree: ((0,(1,(2,3))),(((4,(5,6)),7),(((((8,9),10),(((11,12),(13,14)),((15,16),(17,18)))),((19,20),((21,22),23))),(((26,(24,25)),(35,36)),(27,((28,29),(((30,31),(32,33)),34)))))));
Tree Score: 12424.444901672205
Score Improvement: 0.03733249475858069

Step Number: 3
Time Spent: 29.314841224 seconds
New Tree:
Tree: ((0,(1,(2,3))),(((4,(5,6)),7),(((((8,9),10),(((11,12),(13,14)),((15,16),(17,18)))),((19,20),((21,22),23))),(((28,29),(((30,31),(32,33)),34)),(27,((26,(24,25)),(35,36)))))));
Tree Score: 13052.276274642702
Score Improvement: 0.050531945526676836

Step Number: 4
Time Spent: 30.148707738 seconds
New Tree:
Tree: (((2,3),(1,0)),(((4,(5,6)),7),(((((8,9),10),(((11,12),(13,14)),((15,16),(17,18)))),((19,20),((21,22),23))),(((28,29),(((30,31),(32,33)),34)),(27,((26,(24,25)),(35,36)))))));
Tree Score: 13185.338424331303
Score Improvement: 0.0101945551020175

Step Number: 5
Time Spent: 33.423235177 seconds
New Tree:
Tree: (((2,3),(1,0)),(((4,(5,6)),7),(((((8,9),10),(((11,12),(13,14)),((15,16),(17,18)))),((19,20),((21,22),23))),((((30,31),(32,33)),((28,29),34)),(27,((26,(24,25)),(35,36)))))));
Tree Score: 13266.110124505502
Score Improvement: 0.0061258723572197304

Step Number: 6
Time Spent: 31.948321501 seconds
New Tree:
Tree: (((2,3),(1,0)),(((4,7),(5,6)),(((((8,9),10),(((11,12),(13,14)),((15,16),(17,18)))),((19,20),((21,22),23))),((((30,31),(32,33)),((28,29),34)),(27,((26,(24,25)),(35,36)))))));
Tree Score: 13344.560624111164
Score Improvement: 0.005913602319699285

Step Number: 7
Time Spent: 31.363972124 seconds
New Tree:
Tree: (((2,3),(1,0)),(((4,7),(5,6)),(((((15,16),(17,18)),(((11,12),(13,14)),((8,9),10))),((19,20),((21,22),23))),((((30,31),(32,33)),((28,29),34)),(27,((26,(24,25)),(35,36)))))));
Tree Score: 13419.411147854942
Score Improvement: 0.005609066184504963

Step Number: 8
Time Spent: 35.782521297 seconds
New Tree:
Tree: (((2,3),(1,0)),(((4,7),(5,6)),(((((15,16),(17,18)),((19,20),((21,22),23))),(((11,12),(13,14)),((8,9),10))),((((30,31),(32,33)),((28,29),34)),(27,((26,(24,25)),(35,36)))))));
Tree Score: 14538.635124447039
Score Improvement: 0.08340335982410085

Step Number: 9
Time Spent: 31.352439302 seconds
New Tree:
Tree: (((2,3),(1,0)),(((4,7),(5,6)),(((((15,16),(17,18)),((19,20),((21,22),23))),(((11,12),(13,14)),((10,9),8))),((((30,31),(32,33)),((28,29),34)),(27,((26,(24,25)),(35,36)))))));
Tree Score: 14551.610499335668
Score Improvement: 8.924754474930463E-4

Step Number: 10
Time Spent: 31.236809375 seconds
New Tree:
Tree: (((2,3),(1,0)),(((4,7),(5,6)),(((((15,16),(17,18)),((19,20),((21,22),23))),(((11,12),(13,14)),((10,9),8))),((((30,31),(32,33)),((28,29),34)),((26,(24,25)),(27,(35,36)))))));
Tree Score: 14559.019374282663
Score Improvement: 5.09144671466677E-4

Step Number: 11
Time Spent: 27.98399615 seconds
New Tree:
Tree: (((2,3),(1,0)),(((4,7),(5,6)),(((((15,16),(17,18)),((19,20),((21,22),23))),(((11,12),(13,14)),((10,9),8))),((((30,31),(32,33)),((28,29),34)),((26,(24,25)),(36,(35,27)))))));
Tree Score: 14597.323449377884
Score Improvement: 0.0026309515847531273

Step Number: 12
Time Spent: 32.625094365 seconds
New Tree:
Tree: (((2,3),(1,0)),(((4,7),(5,6)),(((((15,16),(17,18)),((19,20),((21,22),23))),(((11,12),(13,14)),((10,9),8))),((((30,31),(32,33)),((28,29),34)),((24,(26,25)),(36,(35,27)))))));
Tree Score: 14604.351149407197
Score Improvement: 4.814375768054102E-4

Step Number: 13
Time Spent: 30.614642826 seconds
New Tree:
Tree: (((2,3),(1,0)),(((4,7),(5,6)),(((((15,16),(17,18)),((19,20),((21,22),23))),(((11,12),(13,14)),((10,9),8))),((((30,31),(32,33)),((28,29),34)),((24,(26,25)),(36,(35,27)))))));
Tree Score: 14604.351149407197
Score Improvement: 0.0

TOTAL STEPS: 13
TOTAL TIME: 387.385159952 seconds
Final tree: Tree: (((2,3),(1,0)),(((4,7),(5,6)),(((((15,16),(17,18)),((19,20),((21,22),23))),(((11,12),(13,14)),((10,9),8))),((((30,31),(32,33)),((28,29),34)),((24,(26,25)),(36,(35,27)))))));
Tree Score: 14604.351149407197
Total Score Improvement: 0.2995996047965912

===========================================================
RESULTS FROM 10 ITERATION(S):
AVERAGE TIME PER RUN: 466.976095114 seconds
AVERAGE IMPROVEMENT: 0.5810596895062471
BEST Tree: (((((4,5),(33,36)),(34,35)),((0,3),(1,2))),(((((18,20),19),(((17,24),25),((23,22),21))),((((11,12),(13,14)),(16,15)),((6,7),((8,9),10)))),(((30,31),32),((28,29),(26,27)))));
Tree Score: 15669.764124053065
BEST'S IMPROVEMENT :0.6131785393549667
