--------------ITERATION 1--------------
Input tree: ((((0,1),2),((3,4),5)),(((6,(7,(8,(9,10)))),(((11,((((12,13),14),15),(16,(17,18)))),19),(((20,(21,22)),23),(24,((((25,(26,27)),28),29),(30,31)))))),((32,(33,34)),(35,36))));
Initial Score: 9036.878374012047

Step Number: 1
Time Spent: 15.587212243 seconds
New Tree:
Tree: ((((0,1),2),((3,4),5)),(((((20,(21,22)),23),(24,((((25,(26,27)),28),29),(30,31)))),(((11,((((12,13),14),15),(16,(17,18)))),19),(6,(7,(8,(9,10)))))),((32,(33,34)),(35,36))));
Tree Score: 12108.147555196576
Score Improvement: 0.3398595238392035

Step Number: 2
Time Spent: 15.678242185 seconds
New Tree:
Tree: ((((0,1),2),((3,4),5)),(((((20,(21,22)),23),(24,((((25,(26,27)),28),29),(30,31)))),(((11,((((12,13),14),15),(16,(17,18)))),19),((8,(9,10)),(7,6)))),((32,(33,34)),(35,36))));
Tree Score: 12510.86095397073
Score Improvement: 0.03325970359531327

Step Number: 3
Time Spent: 14.995359117 seconds
New Tree:
Tree: ((((0,1),2),((3,4),5)),(((((20,(21,22)),23),(24,((((25,(26,27)),28),29),(30,31)))),((((16,(17,18)),((((12,13),14),15),11)),19),((8,(9,10)),(7,6)))),((32,(33,34)),(35,36))));
Tree Score: 12627.5205289879
Score Improvement: 0.009324664021634899

Step Number: 4
Time Spent: 15.203518967 seconds
New Tree:
Tree: ((((0,1),2),((3,4),5)),(((((20,(21,22)),23),(24,((((25,(26,27)),28),29),(30,31)))),((((16,(17,18)),19),((((12,13),14),15),11)),((8,(9,10)),(7,6)))),((32,(33,34)),(35,36))));
Tree Score: 12718.52140393193
Score Improvement: 0.007206551336434552

Step Number: 5
Time Spent: 14.51414115 seconds
New Tree:
Tree: ((((0,1),2),((3,4),5)),(((((20,(21,22)),23),(24,((((25,(26,27)),28),29),(30,31)))),((((16,(17,18)),19),((((12,13),14),15),11)),((10,(9,8)),(7,6)))),((32,(33,34)),(35,36))));
Tree Score: 12743.507053994492
Score Improvement: 0.0019645090234181595

Step Number: 6
Time Spent: 13.79506556 seconds
New Tree:
Tree: ((((0,1),2),((3,4),5)),(((((20,(21,22)),23),(24,((((25,(26,27)),28),(30,31)),29))),((((16,(17,18)),19),((((12,13),14),15),11)),((10,(9,8)),(7,6)))),((32,(33,34)),(35,36))));
Tree Score: 12751.502904132858
Score Improvement: 6.274450278473953E-4

Step Number: 7
Time Spent: 13.090273142 seconds
New Tree:
Tree: ((((0,1),2),((3,4),5)),(((((20,(21,22)),23),(24,((((25,(26,27)),28),(30,31)),29))),((((18,(17,16)),19),((((12,13),14),15),11)),((10,(9,8)),(7,6)))),((32,(33,34)),(35,36))));
Tree Score: 12757.83197908561
Score Improvement: 4.963395295702888E-4

Step Number: 8
Time Spent: 13.097695594 seconds
New Tree:
Tree: ((((0,1),2),((3,4),5)),(((((20,(21,22)),23),(24,((((25,(26,27)),28),(30,31)),29))),((((18,19),(17,16)),((((12,13),14),15),11)),((10,(9,8)),(7,6)))),((32,(33,34)),(35,36))));
Tree Score: 12867.44447935085
Score Improvement: 0.008591781146274124

Step Number: 9
Time Spent: 12.354863352 seconds
New Tree:
Tree: ((((0,1),2),((3,4),5)),(((((20,(21,22)),23),(24,((((25,(26,27)),28),(30,31)),29))),((((18,19),(17,16)),((((14,13),12),15),11)),((10,(9,8)),(7,6)))),((32,(33,34)),(35,36))));
Tree Score: 12871.139429342851
Score Improvement: 2.871549201499679E-4

Step Number: 10
Time Spent: 11.618213881 seconds
New Tree:
Tree: ((((0,1),2),((3,4),5)),(((((22,(21,20)),23),(24,((((25,(26,27)),28),(30,31)),29))),((((18,19),(17,16)),((((14,13),12),15),11)),((10,(9,8)),(7,6)))),((32,(33,34)),(35,36))));
Tree Score: 12874.049029291526
Score Improvement: 2.2605612849169177E-4

Step Number: 11
Time Spent: 10.899629066 seconds
New Tree:
Tree: ((((0,1),2),((3,4),5)),(((((22,(21,20)),23),(24,((((25,(26,27)),28),(30,31)),29))),((((18,19),(17,16)),((((14,13),12),15),11)),((10,(9,8)),(7,6)))),((32,(33,34)),(35,36))));
Tree Score: 12874.049029291526
Score Improvement: 0.0

TOTAL STEPS: 11
TOTAL TIME: 150.834214257 seconds
Final tree: Tree: ((((0,1),2),((3,4),5)),(((((22,(21,20)),23),(24,((((25,(26,27)),28),(30,31)),29))),((((18,19),(17,16)),((((14,13),12),15),11)),((10,(9,8)),(7,6)))),((32,(33,34)),(35,36))));
Tree Score: 12874.049029291526
Total Score Improvement: 0.4246124044685924

--------------ITERATION 2--------------
Input tree: ((((((0,1),2),(3,4)),(5,(6,7))),((8,9),10)),(((11,((12,((13,14),15)),(16,17))),((18,19),(20,((21,(22,23)),24)))),((25,((26,(27,28)),29)),((30,31),(32,(((33,34),35),36))))));
Initial Score: 11844.163298965996

Step Number: 1
Time Spent: 12.064763683 seconds
New Tree:
Tree: (((((8,9),10),(5,(6,7))),(((0,1),2),(3,4))),(((11,((12,((13,14),15)),(16,17))),((18,19),(20,((21,(22,23)),24)))),((25,((26,(27,28)),29)),((30,31),(32,(((33,34),35),36))))));
Tree Score: 12208.356999950553
Score Improvement: 0.03074879092694971

Step Number: 2
Time Spent: 12.028984273 seconds
New Tree:
Tree: (((((8,9),10),(5,(6,7))),(((0,1),2),(3,4))),(((11,((12,((13,14),15)),(16,17))),(((21,(22,23)),24),(20,(18,19)))),((25,((26,(27,28)),29)),((30,31),(32,(((33,34),35),36))))));
Tree Score: 12369.02922470793
Score Improvement: 0.013160839313433259

Step Number: 3
Time Spent: 12.053945268 seconds
New Tree:
Tree: (((((8,9),10),(5,(6,7))),(((0,1),2),(3,4))),(((11,((12,((13,14),15)),(16,17))),(((21,(22,23)),24),(20,(18,19)))),((25,((26,(27,28)),29)),((((33,34),35),36),(32,(30,31))))));
Tree Score: 12469.974224552232
Score Improvement: 0.008161109332869732

Step Number: 4
Time Spent: 10.360034681 seconds
New Tree:
Tree: (((((8,9),10),(5,(6,7))),(((0,1),2),(3,4))),((((16,17),((12,((13,14),15)),11)),(((21,(22,23)),24),(20,(18,19)))),((25,((26,(27,28)),29)),((((33,34),35),36),(32,(30,31))))));
Tree Score: 12506.830650208238
Score Improvement: 0.0029556136197490535

Step Number: 5
Time Spent: 10.045456758 seconds
New Tree:
Tree: (((((8,9),10),(5,(6,7))),(((0,1),2),(3,4))),((((16,17),((12,11),((13,14),15))),(((21,(22,23)),24),(20,(18,19)))),((25,((26,(27,28)),29)),((((33,34),35),36),(32,(30,31))))));
Tree Score: 12631.198125282022
Score Improvement: 0.009943964106663206

Step Number: 6
Time Spent: 9.475073751 seconds
New Tree:
Tree: (((((8,9),10),(5,(6,7))),(((0,1),2),(3,4))),((((16,17),((12,11),((13,14),15))),(((21,(22,23)),24),(20,(18,19)))),((25,((26,(27,28)),29)),((((35,34),33),36),(32,(30,31))))));
Tree Score: 12639.725900285597
Score Improvement: 6.751358753929182E-4

Step Number: 7
Time Spent: 9.469247312 seconds
New Tree:
Tree: (((((8,9),10),(5,(6,7))),(((3,4),2),(0,1))),((((16,17),((12,11),((13,14),15))),(((21,(22,23)),24),(20,(18,19)))),((25,((26,(27,28)),29)),((((35,34),33),36),(32,(30,31))))));
Tree Score: 12645.07732580062
Score Improvement: 4.2338145282894146E-4

Step Number: 8
Time Spent: 8.921127749 seconds
New Tree:
Tree: (((((8,9),10),(5,(6,7))),(((3,4),2),(0,1))),((((16,17),((12,11),((13,14),15))),(((23,(22,21)),24),(20,(18,19)))),((25,((26,(27,28)),29)),((((35,34),33),36),(32,(30,31))))));
Tree Score: 12645.91855086591
Score Improvement: 6.652589332722947E-5

Step Number: 9
Time Spent: 8.920317242 seconds
New Tree:
Tree: (((((8,9),10),(5,(6,7))),(((3,4),2),(0,1))),((((16,17),((12,11),((13,14),15))),(((23,24),(22,21)),(20,(18,19)))),((25,((26,(27,28)),29)),((((35,34),33),36),(32,(30,31))))));
Tree Score: 12659.318750908784
Score Improvement: 0.0010596462399290463

Step Number: 10
Time Spent: 8.361956364 seconds
New Tree:
Tree: (((((8,9),10),(5,(6,7))),(((3,4),2),(0,1))),((((16,17),((12,11),((13,14),15))),(((23,24),(22,21)),(20,(18,19)))),((25,((26,(27,28)),29)),((((35,34),33),36),(32,(30,31))))));
Tree Score: 12659.318750908784
Score Improvement: 0.0

TOTAL STEPS: 10
TOTAL TIME: 101.700907081 seconds
Final tree: Tree: (((((8,9),10),(5,(6,7))),(((3,4),2),(0,1))),((((16,17),((12,11),((13,14),15))),(((23,24),(22,21)),(20,(18,19)))),((25,((26,(27,28)),29)),((((35,34),33),36),(32,(30,31))))));
Tree Score: 12659.318750908784
Total Score Improvement: 0.06882338847978842

--------------ITERATION 3--------------
Input tree: ((((((0,1),(2,3)),(4,5)),(((6,7),(8,9)),10)),((11,(12,(13,14))),(((15,((16,17),18)),(19,20)),((21,22),(23,24))))),(((25,26),((27,28),29)),((30,31),((32,33),((34,35),36)))));
Initial Score: 12075.43492823653

Step Number: 1
Time Spent: 7.309995217 seconds
New Tree:
Tree: (((((15,((16,17),18)),(19,20)),((21,22),(23,24))),((11,(12,(13,14))),((((0,1),(2,3)),(4,5)),(((6,7),(8,9)),10)))),(((25,26),((27,28),29)),((30,31),((32,33),((34,35),36)))));
Tree Score: 12624.029302111827
Score Improvement: 0.0454306099230013

Step Number: 2
Time Spent: 7.296938109 seconds
New Tree:
Tree: (((((15,((16,17),18)),(19,20)),((21,22),(23,24))),((((0,1),(2,3)),(4,5)),((11,(12,(13,14))),(((6,7),(8,9)),10)))),(((25,26),((27,28),29)),((30,31),((32,33),((34,35),36)))));
Tree Score: 13321.14162841579
Score Improvement: 0.05522106370486202

Step Number: 3
Time Spent: 7.857547598 seconds
New Tree:
Tree: (((((0,1),(2,3)),(4,5)),((((15,((16,17),18)),(19,20)),((21,22),(23,24))),((11,(12,(13,14))),(((6,7),(8,9)),10)))),(((25,26),((27,28),29)),((30,31),((32,33),((34,35),36)))));
Tree Score: 15131.009052911308
Score Improvement: 0.1358642881353973

Step Number: 4
Time Spent: 7.302022834 seconds
New Tree:
Tree: (((((0,1),(2,3)),(4,5)),((((15,((16,17),18)),(19,20)),((21,22),(23,24))),((11,(12,(13,14))),(((6,7),(8,9)),10)))),(((25,26),((27,28),29)),(((34,35),36),((32,33),(30,31)))));
Tree Score: 15198.06932797283
Score Improvement: 0.004431976402037741

Step Number: 5
Time Spent: 7.869011974 seconds
New Tree:
Tree: (((((0,1),(2,3)),(4,5)),((((15,((16,17),18)),(19,20)),((21,22),(23,24))),(((13,14),(12,11)),(((6,7),(8,9)),10)))),(((25,26),((27,28),29)),(((34,35),36),((32,33),(30,31)))));
Tree Score: 15201.107777427882
Score Improvement: 1.9992338431173984E-4

Step Number: 6
Time Spent: 7.316115967 seconds
New Tree:
Tree: (((((0,1),(2,3)),(4,5)),((((15,((16,17),18)),(19,20)),((21,22),(23,24))),(((13,14),(12,11)),(((6,7),(8,9)),10)))),(((25,26),((27,28),29)),(((34,35),36),((32,33),(30,31)))));
Tree Score: 15201.107777427882
Score Improvement: 0.0

TOTAL STEPS: 6
TOTAL TIME: 44.951631699 seconds
Final tree: Tree: (((((0,1),(2,3)),(4,5)),((((15,((16,17),18)),(19,20)),((21,22),(23,24))),(((13,14),(12,11)),(((6,7),(8,9)),10)))),(((25,26),((27,28),29)),(((34,35),36),((32,33),(30,31)))));
Tree Score: 15201.107777427882
Total Score Improvement: 0.25884557100982364

--------------ITERATION 4--------------
Input tree: (((0,(((((1,2),3),((4,5),6)),(((7,((8,9),10)),11),(12,13))),((14,((15,16),((17,18),19))),(20,((21,(22,23)),24))))),((25,26),(27,28))),(((29,(30,31)),((32,33),34)),(35,36)));
Initial Score: 9797.001599903859

Step Number: 1
Time Spent: 9.773744064 seconds
New Tree:
Tree: (((0,((((14,((15,16),((17,18),19))),(20,((21,(22,23)),24))),(((7,((8,9),10)),11),(12,13))),(((1,2),3),((4,5),6)))),((25,26),(27,28))),(((29,(30,31)),((32,33),34)),(35,36)));
Tree Score: 11101.136574860808
Score Improvement: 0.1331157254245776

Step Number: 2
Time Spent: 10.436464232 seconds
New Tree:
Tree: ((((((14,((15,16),((17,18),19))),(20,((21,(22,23)),24))),(((7,((8,9),10)),11),(12,13))),(0,(((1,2),3),((4,5),6)))),((25,26),(27,28))),(((29,(30,31)),((32,33),34)),(35,36)));
Tree Score: 12789.503249563946
Score Improvement: 0.15208953275347925

Step Number: 3
Time Spent: 10.432817749 seconds
New Tree:
Tree: ((((((14,((15,16),((17,18),19))),(20,((21,(22,23)),24))),(((7,((8,9),10)),11),(12,13))),(((4,5),6),(((1,2),3),0))),((25,26),(27,28))),(((29,(30,31)),((32,33),34)),(35,36)));
Tree Score: 13267.971074757894
Score Improvement: 0.037410978038592724

Step Number: 4
Time Spent: 9.878111805 seconds
New Tree:
Tree: ((((((14,((15,16),((17,18),19))),(20,((21,(22,23)),24))),(((12,13),11),(7,((8,9),10)))),(((4,5),6),(((1,2),3),0))),((25,26),(27,28))),(((29,(30,31)),((32,33),34)),(35,36)));
Tree Score: 13722.369974740577
Score Improvement: 0.03424780604527933

Step Number: 5
Time Spent: 9.262786979 seconds
New Tree:
Tree: ((((((14,((15,16),((17,18),19))),(20,((21,(22,23)),24))),(((12,13),11),(7,((8,9),10)))),(((4,5),6),(((3,2),1),0))),((25,26),(27,28))),(((29,(30,31)),((32,33),34)),(35,36)));
Tree Score: 13739.721199967695
Score Improvement: 0.001264448142635377

Step Number: 6
Time Spent: 8.682752814 seconds
New Tree:
Tree: ((((((14,((15,16),((17,18),19))),(20,((23,(22,21)),24))),(((12,13),11),(7,((8,9),10)))),(((4,5),6),(((3,2),1),0))),((25,26),(27,28))),(((29,(30,31)),((32,33),34)),(35,36)));
Tree Score: 13740.562425032986
Score Improvement: 6.122577402023488E-5

Step Number: 7
Time Spent: 8.682477848 seconds
New Tree:
Tree: ((((((14,((15,16),((17,18),19))),(20,((23,24),(22,21)))),(((12,13),11),(7,((8,9),10)))),(((4,5),6),(((3,2),1),0))),((25,26),(27,28))),(((29,(30,31)),((32,33),34)),(35,36)));
Tree Score: 13791.139424945024
Score Improvement: 0.003680853690522623

Step Number: 8
Time Spent: 8.103268719 seconds
New Tree:
Tree: ((((((14,((15,16),((17,18),19))),(20,((23,24),(22,21)))),(((12,13),11),(7,((8,9),10)))),(((4,5),6),(((3,2),1),0))),((25,26),(27,28))),(((29,(30,31)),((32,33),34)),(35,36)));
Tree Score: 13791.139424945024
Score Improvement: 0.0

TOTAL STEPS: 8
TOTAL TIME: 75.25242421 seconds
Final tree: Tree: ((((((14,((15,16),((17,18),19))),(20,((23,24),(22,21)))),(((12,13),11),(7,((8,9),10)))),(((4,5),6),(((3,2),1),0))),((25,26),(27,28))),(((29,(30,31)),((32,33),34)),(35,36)));
Tree Score: 13791.139424945024
Total Score Improvement: 0.40768982063658754

--------------ITERATION 5--------------
Input tree: ((0,1),(((((2,3),4),(5,(6,(7,8)))),9),(((10,11),12),((13,14),((15,16),((17,((18,19),20)),(((21,(22,23)),(24,25)),(((((26,27),28),(29,30)),(31,32)),(((33,34),35),36)))))))));
Initial Score: 8525.649199211382

Step Number: 1
Time Spent: 9.073057963 seconds
New Tree:
Tree: ((0,1),(((((2,3),4),(5,(6,(7,8)))),9),(((10,11),12),((13,14),((((21,(22,23)),(24,25)),(((((26,27),28),(29,30)),(31,32)),(((33,34),35),36))),((17,((18,19),20)),(15,16)))))));
Tree Score: 10023.3611998012
Score Improvement: 0.17567131435907024

Step Number: 2
Time Spent: 9.760372881 seconds
New Tree:
Tree: ((0,1),(((((2,3),4),(5,(6,(7,8)))),9),(((((21,(22,23)),(24,25)),(((((26,27),28),(29,30)),(31,32)),(((33,34),35),36))),((17,((18,19),20)),(15,16))),((13,14),((10,11),12)))));
Tree Score: 11227.325449627237
Score Improvement: 0.12011582001553678

Step Number: 3
Time Spent: 10.467732105 seconds
New Tree:
Tree: ((0,1),(((((2,3),4),(5,(6,(7,8)))),9),((((13,14),((10,11),12)),((17,((18,19),20)),(15,16))),(((21,(22,23)),(24,25)),(((((26,27),28),(29,30)),(31,32)),(((33,34),35),36))))));
Tree Score: 11725.220222831116
Score Improvement: 0.04434669462800778

Step Number: 4
Time Spent: 9.669520544 seconds
New Tree:
Tree: ((0,1),(((((2,3),4),(5,(6,(7,8)))),9),((((13,14),((10,11),12)),((17,(15,16)),((18,19),20))),(((21,(22,23)),(24,25)),(((((26,27),28),(29,30)),(31,32)),(((33,34),35),36))))));
Tree Score: 11917.181523429574
Score Improvement: 0.016371658437994485

Step Number: 5
Time Spent: 9.096687715 seconds
New Tree:
Tree: ((0,1),(((9,(5,(6,(7,8)))),((2,3),4)),((((13,14),((10,11),12)),((17,(15,16)),((18,19),20))),(((21,(22,23)),(24,25)),(((((26,27),28),(29,30)),(31,32)),(((33,34),35),36))))));
Tree Score: 12092.69444778954
Score Improvement: 0.01472772098124886

Step Number: 6
Time Spent: 9.071239157 seconds
New Tree:
Tree: ((0,1),(((9,(5,(6,(7,8)))),((((13,14),((10,11),12)),((17,(15,16)),((18,19),20))),(((21,(22,23)),(24,25)),(((((26,27),28),(29,30)),(31,32)),(((33,34),35),36))))),((2,3),4)));
Tree Score: 12349.282974648953
Score Improvement: 0.021218474341449634

Step Number: 7
Time Spent: 9.123625917 seconds
New Tree:
Tree: ((0,1),(((9,(5,(6,(7,8)))),((((13,14),((10,11),12)),((17,(15,16)),((18,19),20))),(((21,(22,23)),(24,25)),(((((26,27),28),(29,30)),(31,32)),(((35,34),33),36))))),((2,3),4)));
Tree Score: 12357.810749652528
Score Improvement: 6.905481898082932E-4

Step Number: 8
Time Spent: 9.068755321 seconds
New Tree:
Tree: ((0,1),(((9,(5,(6,(7,8)))),((((13,14),((10,11),12)),((17,(15,16)),((18,19),20))),(((21,(22,23)),(24,25)),(((((28,27),26),(29,30)),(31,32)),(((35,34),33),36))))),((2,3),4)));
Tree Score: 12362.012699532055
Score Improvement: 3.4002380880004957E-4

Step Number: 9
Time Spent: 8.500412518 seconds
New Tree:
Tree: ((0,1),(((9,(5,(6,(7,8)))),((((13,14),((10,11),12)),((17,(15,16)),((18,19),20))),(((21,(22,23)),(24,25)),(((((28,27),26),(29,30)),(31,32)),(((35,34),33),36))))),((2,3),4)));
Tree Score: 12362.012699532055
Score Improvement: 0.0

TOTAL STEPS: 9
TOTAL TIME: 83.831404121 seconds
Final tree: Tree: ((0,1),(((9,(5,(6,(7,8)))),((((13,14),((10,11),12)),((17,(15,16)),((18,19),20))),(((21,(22,23)),(24,25)),(((((28,27),26),(29,30)),(31,32)),(((35,34),33),36))))),((2,3),4)));
Tree Score: 12362.012699532055
Total Score Improvement: 0.4499790468361675

--------------ITERATION 6--------------
Input tree: (((0,1),((((2,3),4),(((5,6),((7,8),9)),10)),(11,(((((12,13),(14,(15,(16,17)))),18),19),((20,21),22))))),((((((23,24),(25,26)),27),28),(29,30)),((((31,32),(33,34)),35),36)));
Initial Score: 7626.0265489808935

Step Number: 1
Time Spent: 9.11004479 seconds
New Tree:
Tree: (((0,1),(((11,(((((12,13),(14,(15,(16,17)))),18),19),((20,21),22))),(((5,6),((7,8),9)),10)),((2,3),4))),((((((23,24),(25,26)),27),28),(29,30)),((((31,32),(33,34)),35),36)));
Tree Score: 8372.323376435945
Score Improvement: 0.09786181868915511

Step Number: 2
Time Spent: 9.830817103 seconds
New Tree:
Tree: ((((11,(((((12,13),(14,(15,(16,17)))),18),19),((20,21),22))),(((5,6),((7,8),9)),10)),((0,1),((2,3),4))),((((((23,24),(25,26)),27),28),(29,30)),((((31,32),(33,34)),35),36)));
Tree Score: 10927.268648930052
Score Improvement: 0.3051656222076953

Step Number: 3
Time Spent: 10.394277583 seconds
New Tree:
Tree: ((((11,(((5,6),((7,8),9)),10)),(((((12,13),(14,(15,(16,17)))),18),19),((20,21),22))),((0,1),((2,3),4))),((((((23,24),(25,26)),27),28),(29,30)),((((31,32),(33,34)),35),36)));
Tree Score: 12097.345473705935
Score Improvement: 0.1070786179390264

Step Number: 4
Time Spent: 9.780219817 seconds
New Tree:
Tree: ((((11,(((5,6),((7,8),9)),10)),(((((12,13),(14,(15,(16,17)))),18),19),((20,21),22))),((0,1),((2,3),4))),((((29,30),28),(((23,24),(25,26)),27)),((((31,32),(33,34)),35),36)));
Tree Score: 12419.066074404078
Score Improvement: 0.026594313719271456

Step Number: 5
Time Spent: 9.152104818 seconds
New Tree:
Tree: ((((11,(((5,6),((7,8),9)),10)),((((20,21),22),19),(((12,13),(14,(15,(16,17)))),18))),((0,1),((2,3),4))),((((29,30),28),(((23,24),(25,26)),27)),((((31,32),(33,34)),35),36)));
Tree Score: 12668.088950331321
Score Improvement: 0.020051658831293562

Step Number: 6
Time Spent: 9.090633662 seconds
New Tree:
Tree: ((((11,(((5,6),((7,8),9)),10)),((((20,21),22),19),((18,(14,(15,(16,17)))),(12,13)))),((0,1),((2,3),4))),((((29,30),28),(((23,24),(25,26)),27)),((((31,32),(33,34)),35),36)));
Tree Score: 12888.616250143385
Score Improvement: 0.01740809530756371

Step Number: 7
Time Spent: 8.503459973 seconds
New Tree:
Tree: ((((11,(((5,6),((7,8),9)),10)),((((20,21),22),19),((18,(14,(15,(16,17)))),(12,13)))),((0,1),((2,3),4))),((((29,30),28),(((23,24),(25,26)),27)),((36,35),((31,32),(33,34)))));
Tree Score: 13054.081325613892
Score Improvement: 0.012838079143574932

Step Number: 8
Time Spent: 7.900638761 seconds
New Tree:
Tree: ((((11,(((5,6),((7,8),9)),10)),((((20,21),22),19),((18,(14,(15,(16,17)))),(12,13)))),((0,1),((2,3),4))),((((23,24),(25,26)),(((29,30),28),27)),((36,35),((31,32),(33,34)))));
Tree Score: 13155.00282612536
Score Improvement: 0.007731030471937128

Step Number: 9
Time Spent: 7.903420121 seconds
New Tree:
Tree: ((((11,(((5,6),((7,8),9)),10)),((((20,21),22),19),((18,(14,(15,(16,17)))),(12,13)))),((0,1),((2,3),4))),((((23,24),(25,26)),((27,28),(29,30))),((36,35),((31,32),(33,34)))));
Tree Score: 13227.218126107937
Score Improvement: 0.005489569324847343

Step Number: 10
Time Spent: 7.331389837 seconds
New Tree:
Tree: ((((11,(((5,6),((7,8),9)),10)),((((20,21),22),19),((18,(14,(15,(16,17)))),(12,13)))),((0,1),((2,3),4))),((((23,24),(25,26)),((27,28),(29,30))),((36,35),((31,32),(33,34)))));
Tree Score: 13227.218126107937
Score Improvement: 0.0

TOTAL STEPS: 10
TOTAL TIME: 88.997006465 seconds
Final tree: Tree: ((((11,(((5,6),((7,8),9)),10)),((((20,21),22),19),((18,(14,(15,(16,17)))),(12,13)))),((0,1),((2,3),4))),((((23,24),(25,26)),((27,28),(29,30))),((36,35),((31,32),(33,34)))));
Tree Score: 13227.218126107937
Total Score Improvement: 0.7344836188480828

--------------ITERATION 7--------------
Input tree: ((((((0,1),2),(3,((4,5),(6,7)))),(((8,9),((10,11),12)),((13,14),15))),((((16,17),18),(19,20)),(((((21,(22,23)),(24,(25,26))),(27,28)),29),30))),((31,((32,33),34)),(35,36)));
Initial Score: 10989.255300422552

Step Number: 1
Time Spent: 8.58587164 seconds
New Tree:
Tree: (((((((21,(22,23)),(24,(25,26))),(27,28)),29),30),((((16,17),18),(19,20)),((((0,1),2),(3,((4,5),(6,7)))),(((8,9),((10,11),12)),((13,14),15))))),((31,((32,33),34)),(35,36)));
Tree Score: 11405.840226849894
Score Improvement: 0.037908385512831266

Step Number: 2
Time Spent: 8.576910933 seconds
New Tree:
Tree: (((((((21,(22,23)),(24,(25,26))),(27,28)),29),30),((((0,1),2),(3,((4,5),(6,7)))),((((16,17),18),(19,20)),(((8,9),((10,11),12)),((13,14),15))))),((31,((32,33),34)),(35,36)));
Tree Score: 12338.772300891786
Score Improvement: 0.08179424360563337

Step Number: 3
Time Spent: 8.001725987 seconds
New Tree:
Tree: (((((((27,28),(24,(25,26))),(21,(22,23))),29),30),((((0,1),2),(3,((4,5),(6,7)))),((((16,17),18),(19,20)),(((8,9),((10,11),12)),((13,14),15))))),((31,((32,33),34)),(35,36)));
Tree Score: 12491.9525506651
Score Improvement: 0.012414545469993321

Step Number: 4
Time Spent: 7.994523117 seconds
New Tree:
Tree: (((((((27,28),(24,(25,26))),(21,(22,23))),29),30),((((0,1),2),((6,7),((4,5),3))),((((16,17),18),(19,20)),(((8,9),((10,11),12)),((13,14),15))))),((31,((32,33),34)),(35,36)));
Tree Score: 12573.070100612273
Score Improvement: 0.006493584539180253

Step Number: 5
Time Spent: 7.428046262 seconds
New Tree:
Tree: (((((((27,28),(24,(25,26))),(21,(22,23))),29),30),((((0,1),2),((6,7),((4,5),3))),((((16,17),18),(19,20)),(((8,9),((10,11),12)),((13,14),15))))),((31,((32,33),34)),(35,36)));
Tree Score: 12573.070100612273
Score Improvement: 0.0

TOTAL STEPS: 5
TOTAL TIME: 40.587077939 seconds
Final tree: Tree: (((((((27,28),(24,(25,26))),(21,(22,23))),29),30),((((0,1),2),((6,7),((4,5),3))),((((16,17),18),(19,20)),(((8,9),((10,11),12)),((13,14),15))))),((31,((32,33),34)),(35,36)));
Tree Score: 12573.070100612273
Total Score Improvement: 0.14412394260499362

--------------ITERATION 8--------------
Input tree: ((((0,((((1,2),3),(4,5)),6)),((7,8),(9,10))),((((((11,12),(13,14)),((15,16),((17,(18,19)),((20,21),22)))),((23,(24,25)),(26,(27,28)))),(29,(30,31))),((32,33),34))),(35,36));
Initial Score: 9719.783376140695

Step Number: 1
Time Spent: 8.203332282 seconds
New Tree:
Tree: ((((0,((((1,2),3),(4,5)),6)),((7,8),(9,10))),((((29,(30,31)),((23,(24,25)),(26,(27,28)))),(((11,12),(13,14)),((15,16),((17,(18,19)),((20,21),22))))),((32,33),34))),(35,36));
Tree Score: 11207.34507708333
Score Improvement: 0.15304473807453123

Step Number: 2
Time Spent: 8.674661492 seconds
New Tree:
Tree: ((((32,33),34),((((29,(30,31)),((23,(24,25)),(26,(27,28)))),(((11,12),(13,14)),((15,16),((17,(18,19)),((20,21),22))))),((0,((((1,2),3),(4,5)),6)),((7,8),(9,10))))),(35,36));
Tree Score: 12364.170853267424
Score Improvement: 0.10322032276400228

Step Number: 3
Time Spent: 8.047454917 seconds
New Tree:
Tree: ((((32,33),34),((((0,((((1,2),3),(4,5)),6)),((7,8),(9,10))),(((11,12),(13,14)),((15,16),((17,(18,19)),((20,21),22))))),((29,(30,31)),((23,(24,25)),(26,(27,28)))))),(35,36));
Tree Score: 12598.28970430285
Score Improvement: 0.01893526495337583

Step Number: 4
Time Spent: 8.06657767 seconds
New Tree:
Tree: ((((32,33),34),((((0,((((1,2),3),(4,5)),6)),((7,8),(9,10))),(((11,12),(13,14)),((15,16),((17,(18,19)),((20,21),22))))),((23,(24,25)),((29,(30,31)),(26,(27,28)))))),(35,36));
Tree Score: 12715.244554101082
Score Improvement: 0.00928339104301501

Step Number: 5
Time Spent: 7.495810327 seconds
New Tree:
Tree: ((((32,33),34),((((0,((((3,2),1),(4,5)),6)),((7,8),(9,10))),(((11,12),(13,14)),((15,16),((17,(18,19)),((20,21),22))))),((23,(24,25)),((29,(30,31)),(26,(27,28)))))),(35,36));
Tree Score: 12727.573104171606
Score Improvement: 9.695881206270851E-4

Step Number: 6
Time Spent: 6.921724543 seconds
New Tree:
Tree: ((((32,33),34),((((0,((((3,2),1),(4,5)),6)),((7,8),(9,10))),(((11,12),(13,14)),((15,16),((17,(18,19)),((20,21),22))))),((23,(24,25)),((29,(30,31)),(26,(27,28)))))),(35,36));
Tree Score: 12727.573104171606
Score Improvement: 0.0

TOTAL STEPS: 6
TOTAL TIME: 47.409561231 seconds
Final tree: Tree: ((((32,33),34),((((0,((((3,2),1),(4,5)),6)),((7,8),(9,10))),(((11,12),(13,14)),((15,16),((17,(18,19)),((20,21),22))))),((23,(24,25)),((29,(30,31)),(26,(27,28)))))),(35,36));
Tree Score: 12727.573104171606
Total Score Improvement: 0.3094502841919482

--------------ITERATION 9--------------
Input tree: (0,((((1,2),3),(((4,((5,(6,7)),(8,9))),((10,11),(((12,13),14),(((15,16),17),((18,19),20))))),(((21,22),23),(24,(25,(26,27)))))),((((28,29),30),(((31,32),33),34)),(35,36))));
Initial Score: 10238.872847936665

Step Number: 1
Time Spent: 10.216687961 seconds
New Tree:
Tree: (0,((((1,2),3),(((((12,13),14),(((15,16),17),((18,19),20))),((10,11),(4,((5,(6,7)),(8,9))))),(((21,22),23),(24,(25,(26,27)))))),((((28,29),30),(((31,32),33),34)),(35,36))));
Tree Score: 11212.950475802263
Score Improvement: 0.09513524020975539

Step Number: 2
Time Spent: 10.23046576 seconds
New Tree:
Tree: (0,((35,36),((((28,29),30),(((31,32),33),34)),(((1,2),3),(((((12,13),14),(((15,16),17),((18,19),20))),((10,11),(4,((5,(6,7)),(8,9))))),(((21,22),23),(24,(25,(26,27)))))))));
Tree Score: 11603.213727323422
Score Improvement: 0.03480468877155518

Step Number: 3
Time Spent: 9.700062766 seconds
New Tree:
Tree: (0,((35,36),(((1,2),3),((((28,29),30),(((31,32),33),34)),(((((12,13),14),(((15,16),17),((18,19),20))),((10,11),(4,((5,(6,7)),(8,9))))),(((21,22),23),(24,(25,(26,27)))))))));
Tree Score: 12305.795752444272
Score Improvement: 0.06055064067865956

Step Number: 4
Time Spent: 9.133626909 seconds
New Tree:
Tree: (0,((35,36),(((1,2),3),(((((12,13),14),(((15,16),17),((18,19),20))),((10,11),(4,((5,(6,7)),(8,9))))),((((28,29),30),(((31,32),33),34)),(((21,22),23),(24,(25,(26,27)))))))));
Tree Score: 12887.773151137833
Score Improvement: 0.04729295125656252

Step Number: 5
Time Spent: 8.552220293 seconds
New Tree:
Tree: (0,((35,36),(((1,2),3),(((((12,13),14),((10,11),(4,((5,(6,7)),(8,9))))),(((15,16),17),((18,19),20))),((((28,29),30),(((31,32),33),34)),(((21,22),23),(24,(25,(26,27)))))))));
Tree Score: 13333.304325840403
Score Improvement: 0.034570066486872886

Step Number: 6
Time Spent: 9.144288251 seconds
New Tree:
Tree: (0,((35,36),(((1,2),3),((((4,((5,(6,7)),(8,9))),((10,11),((12,13),14))),(((15,16),17),((18,19),20))),((((28,29),30),(((31,32),33),34)),(((21,22),23),(24,(25,(26,27)))))))));
Tree Score: 13753.463350770031
Score Improvement: 0.03151199542602101

Step Number: 7
Time Spent: 8.601988494 seconds
New Tree:
Tree: (0,((35,36),(((3,2),1),((((4,((5,(6,7)),(8,9))),((10,11),((12,13),14))),(((15,16),17),((18,19),20))),((((28,29),30),(((31,32),33),34)),(((21,22),23),(24,(25,(26,27)))))))));
Tree Score: 13764.231300619398
Score Improvement: 7.829264218575105E-4

Step Number: 8
Time Spent: 8.031812984 seconds
New Tree:
Tree: (0,((35,36),(((3,2),1),((((4,((5,(6,7)),(8,9))),((10,11),((12,13),14))),(((15,16),17),((18,19),20))),((((28,29),30),(((31,32),33),34)),(((21,22),23),(24,(25,(26,27)))))))));
Tree Score: 13764.231300619398
Score Improvement: 0.0

TOTAL STEPS: 8
TOTAL TIME: 73.611153418 seconds
Final tree: Tree: (0,((35,36),(((3,2),1),((((4,((5,(6,7)),(8,9))),((10,11),((12,13),14))),(((15,16),17),((18,19),20))),((((28,29),30),(((31,32),33),34)),(((21,22),23),(24,(25,(26,27)))))))));
Tree Score: 13764.231300619398
Total Score Improvement: 0.3443111859127308

--------------ITERATION 10--------------
Input tree: (((0,1),2),(((3,(4,5)),6),(((7,8),9),((((10,11),(12,13)),(((((14,15),16),17),((18,19),(20,21))),((((22,(23,((24,25),26))),27),(28,29)),(30,31)))),((32,(33,34)),(35,36))))));
Initial Score: 11130.763975968135

Step Number: 1
Time Spent: 12.679908248 seconds
New Tree:
Tree: (((0,1),2),(((3,(4,5)),6),(((7,8),9),((((10,11),(12,13)),(((((14,15),16),17),((18,19),(20,21))),(((30,31),(28,29)),((22,(23,((24,25),26))),27)))),((32,(33,34)),(35,36))))));
Tree Score: 11995.735525541955
Score Improvement: 0.07770998930903006

Step Number: 2
Time Spent: 12.020989122 seconds
New Tree:
Tree: (((0,1),2),(((3,(4,5)),6),(((7,8),9),(((((30,31),(28,29)),((22,(23,((24,25),26))),27)),(((((14,15),16),17),((18,19),(20,21))),((10,11),(12,13)))),((32,(33,34)),(35,36))))));
Tree Score: 12787.741726020367
Score Improvement: 0.06602397983783748

Step Number: 3
Time Spent: 11.592325393 seconds
New Tree:
Tree: (((0,1),2),(((3,(4,5)),6),(((7,8),9),(((((30,31),(28,29)),((22,(23,((24,25),26))),27)),((((17,16),(14,15)),((18,19),(20,21))),((10,11),(12,13)))),((32,(33,34)),(35,36))))));
Tree Score: 12800.220476167293
Score Improvement: 9.75836892415094E-4

Step Number: 4
Time Spent: 11.661240023 seconds
New Tree:
Tree: (((0,1),2),(((3,(4,5)),6),(((7,8),9),(((((30,31),(28,29)),((22,(26,((24,25),23))),27)),((((17,16),(14,15)),((18,19),(20,21))),((10,11),(12,13)))),((32,(33,34)),(35,36))))));
Tree Score: 12802.30807647297
Score Improvement: 1.630909646879175E-4

Step Number: 5
Time Spent: 11.090297027 seconds
New Tree:
Tree: (((0,1),2),(((3,(4,5)),6),(((7,8),9),(((((30,31),(28,29)),((22,(26,((24,23),25))),27)),((((17,16),(14,15)),((18,19),(20,21))),((10,11),(12,13)))),((32,(33,34)),(35,36))))));
Tree Score: 12803.318976478668
Score Improvement: 7.896232457915708E-5

Step Number: 6
Time Spent: 11.061271409 seconds
New Tree:
Tree: (((0,1),2),(((3,(4,5)),6),(((7,8),9),(((((30,31),(28,29)),((22,((24,23),(26,25))),27)),((((17,16),(14,15)),((18,19),(20,21))),((10,11),(12,13)))),((32,(33,34)),(35,36))))));
Tree Score: 12852.125051366182
Score Improvement: 0.003811986171490256

Step Number: 7
Time Spent: 10.482715924 seconds
New Tree:
Tree: (((0,1),2),(((3,(4,5)),6),(((7,8),9),(((((30,31),(28,29)),((22,((24,23),(26,25))),27)),((((17,16),(14,15)),((18,19),(20,21))),((10,11),(12,13)))),((32,(33,34)),(35,36))))));
Tree Score: 12852.125051366182
Score Improvement: 0.0

TOTAL STEPS: 7
TOTAL TIME: 80.588747146 seconds
Final tree: Tree: (((0,1),2),(((3,(4,5)),6),(((7,8),9),(((((30,31),(28,29)),((22,((24,23),(26,25))),27)),((((17,16),(14,15)),((18,19),(20,21))),((10,11),(12,13)))),((32,(33,34)),(35,36))))));
Tree Score: 12852.125051366182
Total Score Improvement: 0.15464896022542107

===========================================================
RESULTS FROM 10 ITERATION(S):
AVERAGE TIME PER RUN: 78.776412756 seconds
AVERAGE IMPROVEMENT: 0.32969682232141356
BEST Tree: (((((0,1),(2,3)),(4,5)),((((15,((16,17),18)),(19,20)),((21,22),(23,24))),(((13,14),(12,11)),(((6,7),(8,9)),10)))),(((25,26),((27,28),29)),(((34,35),36),((32,33),(30,31)))));
Tree Score: 15201.107777427882
BEST'S IMPROVEMENT :0.25884557100982364
