--------------ITERATION 1--------------
Input tree: (((0,((1,2),((3,4),5))),((6,((7,8),((9,10),(11,12)))),13)),(((14,((((15,16),17),(18,19)),((20,21),(22,((23,24),((25,(26,27)),28)))))),(29,30)),((31,((32,33),34)),(35,36))));
Initial Score: 7911.17765196823

Step Number: 1
Time Spent: 7.52989427 seconds
New Tree:
Tree: (((0,((1,2),((3,4),5))),((31,((32,33),34)),(35,36))),(((14,((((15,16),17),(18,19)),((20,21),(22,((23,24),((25,(26,27)),28)))))),(29,30)),((6,((7,8),((9,10),(11,12)))),13)));
Tree Score: 9195.416053713676
Score Improvement: 0.16233214045268451

Step Number: 2
Time Spent: 6.984370987 seconds
New Tree:
Tree: (((0,((1,2),((3,4),5))),((31,((32,33),34)),(35,36))),(((14,((((15,16),17),(18,19)),(((23,24),((25,(26,27)),28)),(22,(20,21))))),(29,30)),((6,((7,8),((9,10),(11,12)))),13)));
Tree Score: 9577.378077787607
Score Improvement: 0.04153830798332092

Step Number: 3
Time Spent: 6.457741589 seconds
New Tree:
Tree: (((0,((1,2),((3,4),5))),((31,((32,33),34)),(35,36))),(((14,(((23,24),((25,(26,27)),28)),((((15,16),17),(18,19)),(22,(20,21))))),(29,30)),((6,((7,8),((9,10),(11,12)))),13)));
Tree Score: 10709.731303319277
Score Improvement: 0.11823206897907546

Step Number: 4
Time Spent: 6.986900918 seconds
New Tree:
Tree: (((0,((1,2),((3,4),5))),((31,((32,33),34)),(35,36))),(((14,(((23,24),((25,(26,27)),28)),((((15,16),17),(18,19)),(22,(20,21))))),(29,30)),((((9,10),(11,12)),((7,8),6)),13)));
Tree Score: 10856.74210345553
Score Improvement: 0.013726842996582889

Step Number: 5
Time Spent: 6.99679226 seconds
New Tree:
Tree: (((0,((1,2),((3,4),5))),((31,((32,33),34)),(35,36))),(((14,(((23,24),((25,(26,27)),28)),((((15,16),17),(18,19)),(22,(20,21))))),(29,30)),((13,((7,8),6)),((9,10),(11,12)))));
Tree Score: 12356.65440223919
Score Improvement: 0.13815491650172484

Step Number: 6
Time Spent: 6.42255534 seconds
New Tree:
Tree: (((0,((1,2),((3,4),5))),((31,((32,33),34)),(35,36))),(((14,(((23,24),((25,(26,27)),28)),(((22,(20,21)),(18,19)),((15,16),17)))),(29,30)),((13,((7,8),6)),((9,10),(11,12)))));
Tree Score: 12443.370802903955
Score Improvement: 0.0070177895927112655

Step Number: 7
Time Spent: 6.965114349 seconds
New Tree:
Tree: (((0,((1,2),((3,4),5))),((31,((32,33),34)),(35,36))),(((14,(((23,24),((25,(26,27)),28)),(((22,(20,21)),(18,19)),((15,16),17)))),(29,30)),((13,((7,8),6)),((9,10),(11,12)))));
Tree Score: 12443.370802903955
Score Improvement: 0.0

TOTAL STEPS: 7
TOTAL TIME: 48.343369713 seconds
Final tree: Tree: (((0,((1,2),((3,4),5))),((31,((32,33),34)),(35,36))),(((14,(((23,24),((25,(26,27)),28)),(((22,(20,21)),(18,19)),((15,16),17)))),(29,30)),((13,((7,8),6)),((9,10),(11,12)))));
Tree Score: 12443.370802903955
Total Score Improvement: 0.5728847651156155

--------------ITERATION 2--------------
Input tree: (((((((0,1),2),3),((((((4,5),(6,(7,8))),9),(10,11)),12),(13,14))),((15,16),(17,18))),((((19,(20,21)),22),(23,24)),(((25,26),27),28))),(((29,((30,31),32)),33),((34,35),36)));
Initial Score: 9683.473876707954

Step Number: 1
Time Spent: 11.096515625 seconds
New Tree:
Tree: ((((((15,16),(17,18)),((((((4,5),(6,(7,8))),9),(10,11)),12),(13,14))),(((0,1),2),3)),((((19,(20,21)),22),(23,24)),(((25,26),27),28))),(((29,((30,31),32)),33),((34,35),36)));
Tree Score: 9972.139523743419
Score Improvement: 0.029810133296254815

Step Number: 2
Time Spent: 11.098636426 seconds
New Tree:
Tree: ((((((15,16),(17,18)),((((((4,5),(6,(7,8))),9),(10,11)),12),(13,14))),((((19,(20,21)),22),(23,24)),(((25,26),27),28))),(((0,1),2),3)),(((29,((30,31),32)),33),((34,35),36)));
Tree Score: 10698.488353671273
Score Improvement: 0.0728378126076592

Step Number: 3
Time Spent: 10.592102041 seconds
New Tree:
Tree: ((((((15,16),(17,18)),(((12,(10,11)),(((4,5),(6,(7,8))),9)),(13,14))),((((19,(20,21)),22),(23,24)),(((25,26),27),28))),(((0,1),2),3)),(((29,((30,31),32)),33),((34,35),36)));
Tree Score: 10917.864329191158
Score Improvement: 0.020505324515739165

Step Number: 4
Time Spent: 9.930677637 seconds
New Tree:
Tree: ((((((15,16),(17,18)),(((12,(10,11)),(13,14)),(((4,5),(6,(7,8))),9))),((((19,(20,21)),22),(23,24)),(((25,26),27),28))),(((0,1),2),3)),(((29,((30,31),32)),33),((34,35),36)));
Tree Score: 11593.73515361431
Score Improvement: 0.06190503967118133

Step Number: 5
Time Spent: 9.332398695 seconds
New Tree:
Tree: ((((((15,16),(17,18)),(((12,(10,11)),(13,14)),(((4,5),(6,(7,8))),9))),((((19,(20,21)),22),(23,24)),(((25,26),27),28))),(((0,1),2),3)),(((29,33),((30,31),32)),((34,35),36)));
Tree Score: 11798.561678482918
Score Improvement: 0.017667000509732578

Step Number: 6
Time Spent: 8.769114284 seconds
New Tree:
Tree: ((((34,35),36),(((0,1),2),3)),(((29,33),((30,31),32)),((((15,16),(17,18)),(((12,(10,11)),(13,14)),(((4,5),(6,(7,8))),9))),((((19,(20,21)),22),(23,24)),(((25,26),27),28)))));
Tree Score: 12088.044905337272
Score Improvement: 0.024535467520781395

Step Number: 7
Time Spent: 8.5867251 seconds
New Tree:
Tree: ((((34,35),36),(((0,1),2),3)),((((15,16),(17,18)),(((12,(10,11)),(13,14)),(((4,5),(6,(7,8))),9))),(((29,33),((30,31),32)),((((19,(20,21)),22),(23,24)),(((25,26),27),28)))));
Tree Score: 12947.604077433934
Score Improvement: 0.07110820474509816

Step Number: 8
Time Spent: 7.957951218 seconds
New Tree:
Tree: ((((34,35),36),(((0,1),2),3)),((((15,16),(17,18)),(((12,(10,11)),(13,14)),(((4,5),(6,(7,8))),9))),(((29,33),((30,31),32)),(((((25,26),27),28),(23,24)),((19,(20,21)),22)))));
Tree Score: 13257.682527818484
Score Improvement: 0.02394871271395904

Step Number: 9
Time Spent: 8.11394801 seconds
New Tree:
Tree: ((((34,35),36),(((0,1),2),3)),((((15,16),(17,18)),(((12,(10,11)),(13,14)),(((4,5),(6,(7,8))),9))),(((29,33),((30,31),32)),((((28,27),(25,26)),(23,24)),((19,(20,21)),22)))));
Tree Score: 13329.961027779384
Score Improvement: 0.005451820090671022

Step Number: 10
Time Spent: 8.322272266 seconds
New Tree:
Tree: ((((34,35),36),((3,2),(0,1))),((((15,16),(17,18)),(((12,(10,11)),(13,14)),(((4,5),(6,(7,8))),9))),(((29,33),((30,31),32)),((((28,27),(25,26)),(23,24)),((19,(20,21)),22)))));
Tree Score: 13391.040027246578
Score Improvement: 0.004582083874056897

Step Number: 11
Time Spent: 6.330651335 seconds
New Tree:
Tree: ((((34,35),36),((3,2),(0,1))),((((15,16),(17,18)),(((12,(10,11)),(13,14)),(((4,5),(6,(7,8))),9))),(((29,33),((30,31),32)),((((28,27),(25,26)),(23,24)),((21,(20,19)),22)))));
Tree Score: 13403.095227018697
Score Improvement: 9.002437262222163E-4

Step Number: 12
Time Spent: 5.808673715 seconds
New Tree:
Tree: ((((34,35),36),((3,2),(0,1))),((((15,16),(17,18)),(((12,(10,11)),(13,14)),(((4,5),(6,(7,8))),9))),(((29,33),((30,31),32)),((((28,27),(25,26)),(23,24)),((21,(20,19)),22)))));
Tree Score: 13403.095227018697
Score Improvement: 0.0

TOTAL STEPS: 12
TOTAL TIME: 105.939666352 seconds
Final tree: Tree: ((((34,35),36),((3,2),(0,1))),((((15,16),(17,18)),(((12,(10,11)),(13,14)),(((4,5),(6,(7,8))),9))),(((29,33),((30,31),32)),((((28,27),(25,26)),(23,24)),((21,(20,19)),22)))));
Tree Score: 13403.095227018697
Total Score Improvement: 0.3841205540149901

--------------ITERATION 3--------------
Input tree: (((0,(1,((2,3),4))),5),((((6,7),(8,(9,(10,11)))),((((((12,13),14),(15,(16,17))),18),19),((20,(21,22)),((23,24),25)))),(26,((27,28),((((29,30),31),(32,33)),(34,(35,36)))))));
Initial Score: 10873.747975837527

Step Number: 1
Time Spent: 10.585891125 seconds
New Tree:
Tree: (((0,(1,((2,3),4))),5),((((6,7),(8,(9,(10,11)))),((((((12,13),14),(15,(16,17))),18),19),((20,(21,22)),((23,24),25)))),(((((29,30),31),(32,33)),(34,(35,36))),((27,28),26))));
Tree Score: 11935.693925695115
Score Improvement: 0.09766144591702242

Step Number: 2
Time Spent: 10.183802145 seconds
New Tree:
Tree: (((0,(1,((2,3),4))),5),((((6,7),(8,(9,(10,11)))),(((19,18),(((12,13),14),(15,(16,17)))),((20,(21,22)),((23,24),25)))),(((((29,30),31),(32,33)),(34,(35,36))),((27,28),26))));
Tree Score: 12360.224275900604
Score Improvement: 0.035568133101298915

Step Number: 3
Time Spent: 9.515714952 seconds
New Tree:
Tree: (((0,(1,((2,3),4))),5),((((6,7),(8,(9,(10,11)))),((((12,13),14),((19,18),(15,(16,17)))),((20,(21,22)),((23,24),25)))),(((((29,30),31),(32,33)),(34,(35,36))),((27,28),26))));
Tree Score: 12612.716701469471
Score Improvement: 0.02042781910205016

Step Number: 4
Time Spent: 9.484541645 seconds
New Tree:
Tree: (((0,(1,((2,3),4))),5),((((9,(10,11)),(8,(6,7))),((((12,13),14),((19,18),(15,(16,17)))),((20,(21,22)),((23,24),25)))),(((((29,30),31),(32,33)),(34,(35,36))),((27,28),26))));
Tree Score: 12819.512403731322
Score Improvement: 0.016395809654375038

Step Number: 5
Time Spent: 9.49872641 seconds
New Tree:
Tree: (((0,(1,((2,3),4))),5),((((9,(10,11)),(8,(6,7))),((((12,13),14),((19,18),(15,(16,17)))),((20,(21,22)),((23,24),25)))),(((((32,33),31),(29,30)),(34,(35,36))),((27,28),26))));
Tree Score: 12852.083228918811
Score Improvement: 0.0025407226235849567

Step Number: 6
Time Spent: 8.977954249 seconds
New Tree:
Tree: (((0,(1,((2,3),4))),5),((((11,(10,9)),(8,(6,7))),((((12,13),14),((19,18),(15,(16,17)))),((20,(21,22)),((23,24),25)))),(((((32,33),31),(29,30)),(34,(35,36))),((27,28),26))));
Tree Score: 12876.122803962877
Score Improvement: 0.0018704808096772219

Step Number: 7
Time Spent: 8.449140845 seconds
New Tree:
Tree: (((0,(4,((2,3),1))),5),((((11,(10,9)),(8,(6,7))),((((12,13),14),((19,18),(15,(16,17)))),((20,(21,22)),((23,24),25)))),(((((32,33),31),(29,30)),(34,(35,36))),((27,28),26))));
Tree Score: 12894.124303613411
Score Improvement: 0.0013980528086448007

Step Number: 8
Time Spent: 7.941782052 seconds
New Tree:
Tree: (((0,(4,((2,3),1))),5),((((11,(10,9)),(6,(8,7))),((((12,13),14),((19,18),(15,(16,17)))),((20,(21,22)),((23,24),25)))),(((((32,33),31),(29,30)),(34,(35,36))),((27,28),26))));
Tree Score: 12903.568978671537
Score Improvement: 7.324789831193446E-4

Step Number: 9
Time Spent: 7.394542281 seconds
New Tree:
Tree: (((0,(4,((2,3),1))),5),((((11,(10,9)),(6,(8,7))),((((12,13),14),((19,18),(15,(16,17)))),((22,(21,20)),((23,24),25)))),(((((32,33),31),(29,30)),(34,(35,36))),((27,28),26))));
Tree Score: 12904.956203397916
Score Improvement: 1.0750705705309116E-4

Step Number: 10
Time Spent: 6.869755784 seconds
New Tree:
Tree: (((0,(4,((2,3),1))),5),((((11,(10,9)),(6,(8,7))),((((12,13),14),((19,18),(15,(16,17)))),((22,(21,20)),((23,24),25)))),(((((32,33),31),(29,30)),(34,(35,36))),((27,28),26))));
Tree Score: 12904.956203397916
Score Improvement: 0.0

TOTAL STEPS: 10
TOTAL TIME: 88.901851488 seconds
Final tree: Tree: (((0,(4,((2,3),1))),5),((((11,(10,9)),(6,(8,7))),((((12,13),14),((19,18),(15,(16,17)))),((22,(21,20)),((23,24),25)))),(((((32,33),31),(29,30)),(34,(35,36))),((27,28),26))));
Tree Score: 12904.956203397916
Total Score Improvement: 0.18679927400137664

--------------ITERATION 4--------------
Input tree: (((((((((0,(1,2)),(3,(4,5))),(6,7)),(((8,9),10),(11,12))),((13,(14,15)),(((16,((17,18),19)),20),21))),22),(23,24)),(25,26)),(27,(28,((((29,(30,31)),(32,33)),34),(35,36)))));
Initial Score: 7339.1893521433085

Step Number: 1
Time Spent: 10.783292555 seconds
New Tree:
Tree: (((((22,((13,(14,15)),(((16,((17,18),19)),20),21))),((((0,(1,2)),(3,(4,5))),(6,7)),(((8,9),10),(11,12)))),(23,24)),(25,26)),(27,(28,((((29,(30,31)),(32,33)),34),(35,36)))));
Tree Score: 8594.954847419387
Score Improvement: 0.17110411450405616

Step Number: 2
Time Spent: 10.000209873 seconds
New Tree:
Tree: (((((((0,(1,2)),(3,(4,5))),(6,7)),((22,((13,(14,15)),(((16,((17,18),19)),20),21))),(((8,9),10),(11,12)))),(23,24)),(25,26)),(27,(28,((((29,(30,31)),(32,33)),34),(35,36)))));
Tree Score: 9789.568049209469
Score Improvement: 0.13899004974398

Step Number: 3
Time Spent: 9.461333805 seconds
New Tree:
Tree: (((((((0,(1,2)),(3,(4,5))),(6,7)),((22,((13,(14,15)),(((16,((17,18),19)),20),21))),(((8,9),10),(11,12)))),(23,24)),(25,26)),(27,(28,(((35,36),34),((29,(30,31)),(32,33))))));
Tree Score: 10150.910198913058
Score Improvement: 0.036910939061582715

Step Number: 4
Time Spent: 9.625135711 seconds
New Tree:
Tree: (((((((0,(1,2)),(3,(4,5))),(6,7)),((22,((13,(14,15)),(((16,((17,18),19)),20),21))),(((8,9),10),(11,12)))),(23,24)),(28,(((35,36),34),((29,(30,31)),(32,33))))),(27,(25,26)));
Tree Score: 10417.69384827801
Score Improvement: 0.026281746576136467

Step Number: 5
Time Spent: 9.438552417 seconds
New Tree:
Tree: (((((((0,(1,2)),(3,(4,5))),(6,7)),((22,((13,(14,15)),((21,20),(16,((17,18),19))))),(((8,9),10),(11,12)))),(23,24)),(28,(((35,36),34),((29,(30,31)),(32,33))))),(27,(25,26)));
Tree Score: 10648.46724799239
Score Improvement: 0.02215206197027242

Step Number: 6
Time Spent: 8.850141977 seconds
New Tree:
Tree: ((28,((((((0,(1,2)),(3,(4,5))),(6,7)),((22,((13,(14,15)),((21,20),(16,((17,18),19))))),(((8,9),10),(11,12)))),(23,24)),(((35,36),34),((29,(30,31)),(32,33))))),(27,(25,26)));
Tree Score: 10832.515973314396
Score Improvement: 0.017284057980899048

Step Number: 7
Time Spent: 9.344626785 seconds
New Tree:
Tree: ((28,((((((0,(1,2)),(3,(4,5))),(6,7)),((22,((13,(14,15)),((21,20),(16,((17,18),19))))),(((8,9),10),(11,12)))),(((35,36),34),((29,(30,31)),(32,33)))),(23,24))),(27,(25,26)));
Tree Score: 12440.399649299434
Score Improvement: 0.14843123056047314

Step Number: 8
Time Spent: 8.867176615 seconds
New Tree:
Tree: ((28,((((((4,5),(3,(0,(1,2)))),(6,7)),((22,((13,(14,15)),((21,20),(16,((17,18),19))))),(((8,9),10),(11,12)))),(((35,36),34),((29,(30,31)),(32,33)))),(23,24))),(27,(25,26)));
Tree Score: 12527.689399681738
Score Improvement: 0.007016635545725292

Step Number: 9
Time Spent: 8.31614118 seconds
New Tree:
Tree: (((25,26),((((((4,5),(3,(0,(1,2)))),(6,7)),((22,((13,(14,15)),((21,20),(16,((17,18),19))))),(((8,9),10),(11,12)))),(((35,36),34),((29,(30,31)),(32,33)))),(23,24))),(27,28));
Tree Score: 12599.967899642637
Score Improvement: 0.0057694996782675645

Step Number: 10
Time Spent: 7.817320695 seconds
New Tree:
Tree: (((25,26),((((((4,5),(3,(0,(1,2)))),(6,7)),((22,((13,(14,15)),((21,20),(16,((17,18),19))))),(((8,9),10),(11,12)))),(((35,36),34),((29,(32,33)),(30,31)))),(23,24))),(27,28));
Tree Score: 12619.838575063026
Score Improvement: 0.0015770417495231115

Step Number: 11
Time Spent: 7.807535302 seconds
New Tree:
Tree: (((25,26),((((((4,5),(3,(0,(1,2)))),(6,7)),((22,((13,(14,15)),((21,20),(16,((17,18),19))))),(((8,9),10),(11,12)))),(((35,36),34),((29,(32,33)),(30,31)))),(23,24))),(27,28));
Tree Score: 12619.838575063026
Score Improvement: 0.0

TOTAL STEPS: 11
TOTAL TIME: 100.311466915 seconds
Final tree: Tree: (((25,26),((((((4,5),(3,(0,(1,2)))),(6,7)),((22,((13,(14,15)),((21,20),(16,((17,18),19))))),(((8,9),10),(11,12)))),(((35,36),34),((29,(32,33)),(30,31)))),(23,24))),(27,28));
Tree Score: 12619.838575063026
Total Score Improvement: 0.7195139639472004

--------------ITERATION 5--------------
Input tree: ((((((0,1),((2,(3,4)),5)),((((6,7),(8,9)),(((10,11),12),13)),((14,15),(16,17)))),((18,((19,(20,21)),22)),(23,24))),((25,26),((27,28),29))),((30,31),(32,(33,((34,35),36)))));
Initial Score: 12281.06869996828

Step Number: 1
Time Spent: 9.294117289 seconds
New Tree:
Tree: ((((((18,((19,(20,21)),22)),(23,24)),((((6,7),(8,9)),(((10,11),12),13)),((14,15),(16,17)))),((0,1),((2,(3,4)),5))),((25,26),((27,28),29))),((30,31),(32,(33,((34,35),36)))));
Tree Score: 13261.406700645806
Score Improvement: 0.07982513774880662

Step Number: 2
Time Spent: 8.793992728 seconds
New Tree:
Tree: ((((((18,((19,(20,21)),22)),(23,24)),((((6,7),(8,9)),(((10,11),12),13)),((14,15),(16,17)))),((0,1),((2,(3,4)),5))),((25,26),((27,28),29))),((30,31),(((34,35),36),(33,32))));
Tree Score: 13374.953800649615
Score Improvement: 0.008562221381708923

Step Number: 3
Time Spent: 8.601949243 seconds
New Tree:
Tree: ((((((18,((19,(20,21)),22)),(23,24)),((((6,7),(8,9)),(((10,11),12),13)),((14,15),(16,17)))),((0,1),((2,(3,4)),5))),((25,26),((27,28),29))),(((34,35),36),((30,31),(33,32))));
Tree Score: 13442.014075711137
Score Improvement: 0.005013869659741488

Step Number: 4
Time Spent: 9.044629069 seconds
New Tree:
Tree: ((((((18,((21,(20,19)),22)),(23,24)),((((6,7),(8,9)),(((10,11),12),13)),((14,15),(16,17)))),((0,1),((2,(3,4)),5))),((25,26),((27,28),29))),(((34,35),36),((30,31),(33,32))));
Tree Score: 13454.069275483256
Score Improvement: 8.968298726828028E-4

Step Number: 5
Time Spent: 8.249144043 seconds
New Tree:
Tree: ((((((18,((21,(20,19)),22)),(23,24)),((((6,7),(8,9)),(((12,11),10),13)),((14,15),(16,17)))),((0,1),((2,(3,4)),5))),((25,26),((27,28),29))),(((34,35),36),((30,31),(33,32))));
Tree Score: 13457.158025290584
Score Improvement: 2.2957736756690217E-4

Step Number: 6
Time Spent: 8.235843958 seconds
New Tree:
Tree: ((((((18,((21,(20,19)),22)),(23,24)),((((6,7),(8,9)),((13,10),(12,11))),((14,15),(16,17)))),((0,1),((2,(3,4)),5))),((25,26),((27,28),29))),(((34,35),36),((30,31),(33,32))));
Tree Score: 13514.114900361514
Score Improvement: 0.004232459406650957

Step Number: 7
Time Spent: 7.675917168 seconds
New Tree:
Tree: ((((((18,((21,(20,19)),22)),(23,24)),((((6,7),(8,9)),((13,10),(12,11))),((14,15),(16,17)))),((0,1),((4,(3,2)),5))),((25,26),((27,28),29))),(((34,35),36),((30,31),(33,32))));
Tree Score: 13515.473550636787
Score Improvement: 1.0053564626977263E-4

Step Number: 8
Time Spent: 7.674070006 seconds
New Tree:
Tree: ((((((18,((21,(20,19)),22)),(23,24)),((((6,7),(8,9)),((13,10),(12,11))),((14,15),(16,17)))),((0,1),((4,5),(3,2)))),((25,26),((27,28),29))),(((34,35),36),((30,31),(33,32))));
Tree Score: 13581.634450543672
Score Improvement: 0.00489519658034987

Step Number: 9
Time Spent: 7.669200322 seconds
New Tree:
Tree: ((((((18,((21,(20,19)),22)),(23,24)),((((6,7),(8,9)),((13,10),(12,11))),((14,15),(16,17)))),((4,5),((0,1),(3,2)))),((25,26),((27,28),29))),(((34,35),36),((30,31),(33,32))));
Tree Score: 13614.813326437026
Score Improvement: 0.002442922169211048

Step Number: 10
Time Spent: 7.122778183 seconds
New Tree:
Tree: ((((((18,((21,(20,19)),22)),(23,24)),((((6,7),(8,9)),((13,10),(12,11))),((14,15),(16,17)))),((4,5),((0,1),(3,2)))),((25,26),((27,28),29))),(((34,35),36),((30,31),(33,32))));
Tree Score: 13614.813326437026
Score Improvement: 0.0

TOTAL STEPS: 10
TOTAL TIME: 82.361642009 seconds
Final tree: Tree: ((((((18,((21,(20,19)),22)),(23,24)),((((6,7),(8,9)),((13,10),(12,11))),((14,15),(16,17)))),((4,5),((0,1),(3,2)))),((25,26),((27,28),29))),(((34,35),36),((30,31),(33,32))));
Tree Score: 13614.813326437026
Total Score Improvement: 0.10860167458164205

--------------ITERATION 6--------------
Input tree: (((((0,1),(2,(3,4))),((((5,(6,7)),(8,9)),10),(((11,(12,13)),(14,15)),(16,17)))),((18,19),(((20,21),22),(23,24)))),(((25,26),27),((28,(29,(30,31))),((32,(33,(34,35))),36))));
Initial Score: 11809.855049843838

Step Number: 1
Time Spent: 9.092703898 seconds
New Tree:
Tree: (((((18,19),(((20,21),22),(23,24))),((((5,(6,7)),(8,9)),10),(((11,(12,13)),(14,15)),(16,17)))),((0,1),(2,(3,4)))),(((25,26),27),((28,(29,(30,31))),((32,(33,(34,35))),36))));
Tree Score: 12917.114774122307
Score Improvement: 0.09375726624969127

Step Number: 2
Time Spent: 8.605325021 seconds
New Tree:
Tree: (((((18,19),(((20,21),22),(23,24))),((((5,(6,7)),(8,9)),10),(((11,(12,13)),(14,15)),(16,17)))),((0,1),(2,(3,4)))),(((32,(33,(34,35))),36),((28,(29,(30,31))),((25,26),27))));
Tree Score: 13299.569949517547
Score Improvement: 0.029608405753383638

Step Number: 3
Time Spent: 9.142742803 seconds
New Tree:
Tree: (((((18,19),(((20,21),22),(23,24))),((((5,(6,7)),(8,9)),10),(((11,(12,13)),(14,15)),(16,17)))),((0,1),(2,(3,4)))),((((34,35),(33,32)),36),((28,(29,(30,31))),((25,26),27))));
Tree Score: 13353.696324266082
Score Improvement: 0.0040697838316567925

Step Number: 4
Time Spent: 8.624235456 seconds
New Tree:
Tree: (((((18,19),(((20,21),22),(23,24))),((((5,(6,7)),(8,9)),10),(((11,(12,13)),(14,15)),(16,17)))),((0,1),(2,(3,4)))),((((34,35),(33,32)),36),((29,(28,(30,31))),((25,26),27))));
Tree Score: 13361.140899660586
Score Improvement: 5.574917396449219E-4

Step Number: 5
Time Spent: 8.623301749 seconds
New Tree:
Tree: (((((18,19),(((20,21),22),(23,24))),((((5,(6,7)),(8,9)),10),(((11,(12,13)),(14,15)),(16,17)))),((0,1),(2,(3,4)))),((((34,35),(33,32)),36),((29,(31,(30,28))),((25,26),27))));
Tree Score: 13369.740849232821
Score Improvement: 6.436538344156695E-4

Step Number: 6
Time Spent: 8.086227096 seconds
New Tree:
Tree: (((((18,19),(((20,21),22),(23,24))),((((5,(6,7)),(8,9)),10),(((11,(12,13)),(14,15)),(16,17)))),((0,1),(2,(3,4)))),((((34,35),(33,32)),36),((29,(31,(30,28))),((25,26),27))));
Tree Score: 13369.740849232821
Score Improvement: 0.0

TOTAL STEPS: 6
TOTAL TIME: 52.174536023 seconds
Final tree: Tree: (((((18,19),(((20,21),22),(23,24))),((((5,(6,7)),(8,9)),10),(((11,(12,13)),(14,15)),(16,17)))),((0,1),(2,(3,4)))),((((34,35),(33,32)),36),((29,(31,(30,28))),((25,26),27))));
Tree Score: 13369.740849232821
Total Score Improvement: 0.13208339922932488

--------------ITERATION 7--------------
Input tree: (((((0,1),(2,(3,4))),(5,((6,7),((8,9),(10,11))))),((12,13),(14,15))),(((16,(17,18)),(19,20)),((21,22),((23,(24,25)),((26,(((27,(28,29)),30),(31,(32,(33,34))))),(35,36))))));
Initial Score: 8274.359502236708

Step Number: 1
Time Spent: 10.03987609 seconds
New Tree:
Tree: (((((0,1),(2,(3,4))),(5,((6,7),((8,9),(10,11))))),((12,13),(14,15))),(((23,(24,25)),((26,(((27,(28,29)),30),(31,(32,(33,34))))),(35,36))),((21,22),((16,(17,18)),(19,20)))));
Tree Score: 10578.851425589412
Score Improvement: 0.27851000705610596

Step Number: 2
Time Spent: 10.555004167 seconds
New Tree:
Tree: (((((12,13),(14,15)),(5,((6,7),((8,9),(10,11))))),((0,1),(2,(3,4)))),(((23,(24,25)),((26,(((27,(28,29)),30),(31,(32,(33,34))))),(35,36))),((21,22),((16,(17,18)),(19,20)))));
Tree Score: 11083.808499406849
Score Improvement: 0.04773269360754839

Step Number: 3
Time Spent: 10.567405814 seconds
New Tree:
Tree: (((((12,13),(14,15)),(5,((6,7),((8,9),(10,11))))),((21,22),((16,(17,18)),(19,20)))),(((23,(24,25)),((26,(((27,(28,29)),30),(31,(32,(33,34))))),(35,36))),((0,1),(2,(3,4)))));
Tree Score: 12984.960873449978
Score Improvement: 0.17152519137667066

Step Number: 4
Time Spent: 10.006567944 seconds
New Tree:
Tree: (((((12,13),(14,15)),(5,((6,7),((8,9),(10,11))))),((21,22),((16,(17,18)),(19,20)))),(((23,(24,25)),(((31,(32,(33,34))),(((27,(28,29)),30),26)),(35,36))),((0,1),(2,(3,4)))));
Tree Score: 13435.798599398055
Score Improvement: 0.03471999109907942

Step Number: 5
Time Spent: 10.020114779 seconds
New Tree:
Tree: (((((12,13),(14,15)),(5,((6,7),((8,9),(10,11))))),((16,(17,18)),((21,22),(19,20)))),(((23,(24,25)),(((31,(32,(33,34))),(((27,(28,29)),30),26)),(35,36))),((0,1),(2,(3,4)))));
Tree Score: 13714.983474990644
Score Improvement: 0.02077917985501032

Step Number: 6
Time Spent: 10.016223991 seconds
New Tree:
Tree: (((((12,13),(14,15)),(5,((6,7),((8,9),(10,11))))),((16,(17,18)),((21,22),(19,20)))),(((23,(24,25)),(((31,(32,(33,34))),((26,30),(27,(28,29)))),(35,36))),((0,1),(2,(3,4)))));
Tree Score: 13903.420399615832
Score Improvement: 0.013739493377356471

Step Number: 7
Time Spent: 9.455803004 seconds
New Tree:
Tree: (((((12,13),(14,15)),(5,((10,11),((8,9),(6,7))))),((16,(17,18)),((21,22),(19,20)))),(((23,(24,25)),(((31,(32,(33,34))),((26,30),(27,(28,29)))),(35,36))),((0,1),(2,(3,4)))));
Tree Score: 14012.406249665015
Score Improvement: 0.007838779733093215

Step Number: 8
Time Spent: 9.467059673 seconds
New Tree:
Tree: (((((12,13),(14,15)),(5,((10,11),((8,9),(6,7))))),((16,(17,18)),((21,22),(19,20)))),(((23,(24,25)),(((31,(34,(33,32))),((26,30),(27,(28,29)))),(35,36))),((0,1),(2,(3,4)))));
Tree Score: 14034.438874800515
Score Improvement: 0.0015723655696913141

Step Number: 9
Time Spent: 8.943496726 seconds
New Tree:
Tree: (((((12,13),(14,15)),(5,((10,11),((8,9),(6,7))))),((16,(17,18)),((21,22),(19,20)))),(((23,(24,25)),(((31,(34,(33,32))),((26,30),(27,(28,29)))),(35,36))),((0,1),(2,(3,4)))));
Tree Score: 14034.438874800515
Score Improvement: 0.0

TOTAL STEPS: 9
TOTAL TIME: 89.071552188 seconds
Final tree: Tree: (((((12,13),(14,15)),(5,((10,11),((8,9),(6,7))))),((16,(17,18)),((21,22),(19,20)))),(((23,(24,25)),(((31,(34,(33,32))),((26,30),(27,(28,29)))),(35,36))),((0,1),(2,(3,4)))));
Tree Score: 14034.438874800515
Total Score Improvement: 0.6961359814021562

--------------ITERATION 8--------------
Input tree: ((((0,1),2),((3,((4,5),(6,(7,((8,(9,10)),(11,12)))))),((13,((14,(15,16)),(17,18))),(19,20)))),(((21,(22,(23,24))),(25,26)),(((27,((28,29),(30,31))),((32,33),(34,35))),36)));
Initial Score: 8670.606528156772

Step Number: 1
Time Spent: 10.061346349 seconds
New Tree:
Tree: ((((0,1),2),((3,((4,5),(((8,(9,10)),(11,12)),(7,6)))),((13,((14,(15,16)),(17,18))),(19,20)))),(((21,(22,(23,24))),(25,26)),(((27,((28,29),(30,31))),((32,33),(34,35))),36)));
Tree Score: 8974.469877641983
Score Improvement: 0.03504522417185596

Step Number: 2
Time Spent: 9.581570045 seconds
New Tree:
Tree: ((((0,1),2),(((((8,(9,10)),(11,12)),(7,6)),((4,5),3)),((13,((14,(15,16)),(17,18))),(19,20)))),(((21,(22,(23,24))),(25,26)),(((27,((28,29),(30,31))),((32,33),(34,35))),36)));
Tree Score: 9328.40307633845
Score Improvement: 0.03943778334787429

Step Number: 3
Time Spent: 9.116345382 seconds
New Tree:
Tree: ((((0,1),2),(((((8,(9,10)),(11,12)),(7,6)),((13,((14,(15,16)),(17,18))),(19,20))),((4,5),3))),(((21,(22,(23,24))),(25,26)),(((27,((28,29),(30,31))),((32,33),(34,35))),36)));
Tree Score: 9897.727250421885
Score Improvement: 0.06103125791460795

Step Number: 4
Time Spent: 9.682734515 seconds
New Tree:
Tree: ((((((8,(9,10)),(11,12)),(7,6)),((13,((14,(15,16)),(17,18))),(19,20))),(((0,1),2),((4,5),3))),(((21,(22,(23,24))),(25,26)),(((27,((28,29),(30,31))),((32,33),(34,35))),36)));
Tree Score: 12809.467002314632
Score Improvement: 0.294182662163037

Step Number: 5
Time Spent: 10.202826422 seconds
New Tree:
Tree: ((((((8,(9,10)),(11,12)),(7,6)),((13,((14,(15,16)),(17,18))),(19,20))),(((0,1),2),((4,5),3))),(((21,(22,(23,24))),(25,26)),(((34,35),((32,33),(27,((28,29),(30,31))))),36)));
Tree Score: 12950.186903069844
Score Improvement: 0.010985617179058549

Step Number: 6
Time Spent: 10.707012672 seconds
New Tree:
Tree: ((((((8,(9,10)),(11,12)),(7,6)),((13,((14,(15,16)),(17,18))),(19,20))),(((0,1),2),((4,5),3))),(((21,(22,(23,24))),(25,26)),(((34,35),36),((32,33),(27,((28,29),(30,31)))))));
Tree Score: 13484.73275244201
Score Improvement: 0.04127707602779496

Step Number: 7
Time Spent: 10.090156437 seconds
New Tree:
Tree: ((((((8,(9,10)),(11,12)),(7,6)),((13,((14,(15,16)),(17,18))),(19,20))),(((0,1),2),((4,5),3))),(((21,(22,(23,24))),(25,26)),(((34,35),36),((32,33),((30,31),((28,29),27))))));
Tree Score: 13535.072451925487
Score Improvement: 0.0037330884050601476

Step Number: 8
Time Spent: 9.570268887 seconds
New Tree:
Tree: ((((((8,(9,10)),(11,12)),(7,6)),((13,((14,(15,16)),(17,18))),(19,20))),(((0,1),2),((4,5),3))),((((23,24),(22,21)),(25,26)),(((34,35),36),((32,33),((30,31),((28,29),27))))));
Tree Score: 13579.626551827998
Score Improvement: 0.003291751858792047

Step Number: 9
Time Spent: 9.053403999 seconds
New Tree:
Tree: ((((((10,(9,8)),(11,12)),(7,6)),((13,((14,(15,16)),(17,18))),(19,20))),(((0,1),2),((4,5),3))),((((23,24),(22,21)),(25,26)),(((34,35),36),((32,33),((30,31),((28,29),27))))));
Tree Score: 13589.218051778735
Score Improvement: 7.063154435160701E-4

Step Number: 10
Time Spent: 8.520013194 seconds
New Tree:
Tree: ((((((10,(9,8)),(11,12)),(7,6)),((13,((14,(15,16)),(17,18))),(19,20))),(((0,1),2),((4,5),3))),((((23,24),(22,21)),(25,26)),(((34,35),36),((32,33),((30,31),((28,29),27))))));
Tree Score: 13589.218051778735
Score Improvement: 0.0

TOTAL STEPS: 10
TOTAL TIME: 96.585677902 seconds
Final tree: Tree: ((((((10,(9,8)),(11,12)),(7,6)),((13,((14,(15,16)),(17,18))),(19,20))),(((0,1),2),((4,5),3))),((((23,24),(22,21)),(25,26)),(((34,35),36),((32,33),((30,31),((28,29),27))))));
Tree Score: 13589.218051778735
Total Score Improvement: 0.5672742163595306

--------------ITERATION 9--------------
Input tree: ((((0,(1,2)),(3,4)),((((5,6),7),8),((9,(10,11)),12))),((((13,14),(15,16)),((17,18),(19,20))),((((21,22),(23,((24,25),26))),(27,28)),((29,30),((((31,32),33),34),(35,36))))));
Initial Score: 12455.215202281861

Step Number: 1
Time Spent: 10.027095764 seconds
New Tree:
Tree: ((((0,(1,2)),(3,4)),((((21,22),(23,((24,25),26))),(27,28)),((29,30),((((31,32),33),34),(35,36))))),((((13,14),(15,16)),((17,18),(19,20))),((((5,6),7),8),((9,(10,11)),12))));
Tree Score: 13020.296803413394
Score Improvement: 0.04536907568068416

Step Number: 2
Time Spent: 10.040890256 seconds
New Tree:
Tree: ((((0,(1,2)),(3,4)),((((21,22),(23,((24,25),26))),(27,28)),((29,30),(((35,36),34),((31,32),33))))),((((13,14),(15,16)),((17,18),(19,20))),((((5,6),7),8),((9,(10,11)),12))));
Tree Score: 13105.69860306379
Score Improvement: 0.006559128485305266

Step Number: 3
Time Spent: 10.009193697 seconds
New Tree:
Tree: ((((0,(1,2)),(3,4)),((((21,22),(23,((24,25),26))),(27,28)),(((35,36),34),((29,30),((31,32),33))))),((((13,14),(15,16)),((17,18),(19,20))),((((5,6),7),8),((9,(10,11)),12))));
Tree Score: 13168.180953428118
Score Improvement: 0.0047675711350267935

Step Number: 4
Time Spent: 10.536729637 seconds
New Tree:
Tree: ((((0,(1,2)),(3,4)),((((21,22),(23,((24,25),26))),(27,28)),(((35,36),34),((31,32),((29,30),33))))),((((13,14),(15,16)),((17,18),(19,20))),((((5,6),7),8),((9,(10,11)),12))));
Tree Score: 13219.11832834032
Score Improvement: 0.0038682165055563544

Step Number: 5
Time Spent: 10.009408598 seconds
New Tree:
Tree: ((((0,(1,2)),(3,4)),((((21,22),(23,((24,25),26))),(27,28)),(((35,36),34),((31,32),((29,30),33))))),((((13,14),(15,16)),((17,18),(19,20))),(((8,7),(5,6)),((9,(10,11)),12))));
Tree Score: 13265.413053613982
Score Improvement: 0.0035021038562315088

Step Number: 6
Time Spent: 9.474752342 seconds
New Tree:
Tree: ((((0,(1,2)),(3,4)),((((21,22),(26,((24,25),23))),(27,28)),(((35,36),34),((31,32),((29,30),33))))),((((13,14),(15,16)),((17,18),(19,20))),(((8,7),(5,6)),((9,(10,11)),12))));
Tree Score: 13266.162278932414
Score Improvement: 5.6479607186243896E-5

Step Number: 7
Time Spent: 8.948316403 seconds
New Tree:
Tree: ((((0,(1,2)),(3,4)),((((21,22),(26,((24,23),25))),(27,28)),(((35,36),34),((31,32),((29,30),33))))),((((13,14),(15,16)),((17,18),(19,20))),(((8,7),(5,6)),((9,(10,11)),12))));
Tree Score: 13267.173178938112
Score Improvement: 7.620139000596993E-5

Step Number: 8
Time Spent: 8.950597279 seconds
New Tree:
Tree: ((((0,(1,2)),(3,4)),((((21,22),((24,23),(26,25))),(27,28)),(((35,36),34),((31,32),((29,30),33))))),((((13,14),(15,16)),((17,18),(19,20))),(((8,7),(5,6)),((9,(10,11)),12))));
Tree Score: 13336.117003661475
Score Improvement: 0.005196572306210179

Step Number: 9
Time Spent: 8.427769062 seconds
New Tree:
Tree: ((((0,(1,2)),(3,4)),((((21,22),((24,23),(26,25))),(27,28)),(((35,36),34),((31,32),((29,30),33))))),((((13,14),(15,16)),((17,18),(19,20))),(((8,7),(5,6)),((9,(10,11)),12))));
Tree Score: 13336.117003661475
Score Improvement: 0.0

TOTAL STEPS: 9
TOTAL TIME: 86.424753038 seconds
Final tree: Tree: ((((0,(1,2)),(3,4)),((((21,22),((24,23),(26,25))),(27,28)),(((35,36),34),((31,32),((29,30),33))))),((((13,14),(15,16)),((17,18),(19,20))),(((8,7),(5,6)),((9,(10,11)),12))));
Tree Score: 13336.117003661475
Total Score Improvement: 0.07072553842491835

--------------ITERATION 10--------------
Input tree: ((0,((((1,2),3),4),5)),((((6,(7,8)),9),((10,11),(12,13))),((14,(15,(16,17))),(((18,(19,20)),(((21,22),23),(24,25))),((26,((((27,28),(29,30)),((31,32),33)),34)),(35,36))))));
Initial Score: 10358.85737817688

Step Number: 1
Time Spent: 10.99583711 seconds
New Tree:
Tree: ((0,((((1,2),3),4),5)),((((18,(19,20)),(((21,22),23),(24,25))),((26,((((27,28),(29,30)),((31,32),33)),34)),(35,36))),((14,(15,(16,17))),(((6,(7,8)),9),((10,11),(12,13))))));
Tree Score: 11071.62565259682
Score Improvement: 0.06880761539603175

Step Number: 2
Time Spent: 11.016332245 seconds
New Tree:
Tree: ((0,((((1,2),3),4),5)),((((18,(19,20)),(((21,22),23),(24,25))),((14,(15,(16,17))),(((6,(7,8)),9),((10,11),(12,13))))),((26,((((27,28),(29,30)),((31,32),33)),34)),(35,36))));
Tree Score: 11895.044326391537
Score Improvement: 0.07437197568196185

Step Number: 3
Time Spent: 10.175364758 seconds
New Tree:
Tree: ((0,((((1,2),3),4),5)),((35,36),((26,((((27,28),(29,30)),((31,32),33)),34)),(((18,(19,20)),(((21,22),23),(24,25))),((14,(15,(16,17))),(((6,(7,8)),9),((10,11),(12,13))))))));
Tree Score: 12965.496452641208
Score Improvement: 0.08999143650727381

Step Number: 4
Time Spent: 10.261665398 seconds
New Tree:
Tree: ((((26,((((27,28),(29,30)),((31,32),33)),34)),(((18,(19,20)),(((21,22),23),(24,25))),((14,(15,(16,17))),(((6,(7,8)),9),((10,11),(12,13)))))),((((1,2),3),4),5)),((35,36),0));
Tree Score: 13349.204502385575
Score Improvement: 0.029594551288177007

Step Number: 5
Time Spent: 9.84509797 seconds
New Tree:
Tree: ((((26,((((27,28),(29,30)),((31,32),33)),34)),(((18,(19,20)),(((21,22),23),(24,25))),((14,(15,(16,17))),(((6,(7,8)),9),((10,11),(12,13)))))),((5,4),((1,2),3))),((35,36),0));
Tree Score: 13524.601152603049
Score Improvement: 0.013139108790050313

Step Number: 6
Time Spent: 9.105224345 seconds
New Tree:
Tree: ((((26,((((27,28),(29,30)),((31,32),33)),34)),(((18,(19,20)),(((21,22),23),(24,25))),((14,(15,(16,17))),(((6,(7,8)),9),((10,11),(12,13)))))),((5,4),((3,2),1))),((35,36),0));
Tree Score: 13536.929702673573
Score Improvement: 9.115647797237614E-4

Step Number: 7
Time Spent: 8.416490393 seconds
New Tree:
Tree: ((((26,((((27,28),(29,30)),((31,32),33)),34)),(((18,(19,20)),(((21,22),23),(24,25))),((14,(15,(16,17))),(((6,(7,8)),9),((10,11),(12,13)))))),((5,4),((3,2),1))),((35,36),0));
Tree Score: 13536.929702673573
Score Improvement: 0.0

TOTAL STEPS: 7
TOTAL TIME: 69.816012219 seconds
Final tree: Tree: ((((26,((((27,28),(29,30)),((31,32),33)),34)),(((18,(19,20)),(((21,22),23),(24,25))),((14,(15,(16,17))),(((6,(7,8)),9),((10,11),(12,13)))))),((5,4),((3,2),1))),((35,36),0));
Tree Score: 13536.929702673573
Total Score Improvement: 0.3067975751063021

===========================================================
RESULTS FROM 10 ITERATION(S):
AVERAGE TIME PER RUN: 81.993052784 seconds
AVERAGE IMPROVEMENT: 0.37449369421830564
BEST Tree: (((((12,13),(14,15)),(5,((10,11),((8,9),(6,7))))),((16,(17,18)),((21,22),(19,20)))),(((23,(24,25)),(((31,(34,(33,32))),((26,30),(27,(28,29)))),(35,36))),((0,1),(2,(3,4)))));
Tree Score: 14034.438874800515
BEST'S IMPROVEMENT :0.6961359814021562
