--------------ITERATION 1--------------
Input tree: (((((0,1),2),((3,4),5)),((6,((7,((((8,(9,10)),((11,12),13)),(14,15)),((16,(17,18)),19))),((20,((21,22),23)),24))),((25,(26,27)),((28,(29,(30,31))),(32,((33,34),35)))))),36);
Initial Score: 8098.898375698607

Step Number: 1
Time Spent: 12.171764789 seconds
New Tree:
Tree: (((((0,1),2),((3,4),5)),((((20,((21,22),23)),24),((7,((((8,(9,10)),((11,12),13)),(14,15)),((16,(17,18)),19))),6)),((25,(26,27)),((28,(29,(30,31))),(32,((33,34),35)))))),36);
Tree Score: 9962.495025034741
Score Improvement: 0.23010495537615405

Step Number: 2
Time Spent: 10.001224598 seconds
New Tree:
Tree: (((((0,1),2),((3,4),5)),((((20,((21,22),23)),24),((7,6),((((8,(9,10)),((11,12),13)),(14,15)),((16,(17,18)),19)))),((25,(26,27)),((28,(29,(30,31))),(32,((33,34),35)))))),36);
Tree Score: 10915.208474851981
Score Improvement: 0.09563000507635566

Step Number: 3
Time Spent: 9.175474828 seconds
New Tree:
Tree: (((((0,1),2),((3,4),5)),((((20,((21,22),23)),24),(((16,(17,18)),19),((((8,(9,10)),((11,12),13)),(14,15)),(7,6)))),((25,(26,27)),((28,(29,(30,31))),(32,((33,34),35)))))),36);
Tree Score: 11343.121024744381
Score Improvement: 0.03920333275157195

Step Number: 4
Time Spent: 9.992492691 seconds
New Tree:
Tree: (((((0,1),2),((3,4),5)),((((((8,(9,10)),((11,12),13)),(14,15)),(7,6)),(((16,(17,18)),19),((20,((21,22),23)),24))),((25,(26,27)),((28,(29,(30,31))),(32,((33,34),35)))))),36);
Tree Score: 13518.346623463818
Score Improvement: 0.19176605750518783

Step Number: 5
Time Spent: 9.848822326 seconds
New Tree:
Tree: (((((0,1),2),((3,4),5)),((((((8,(9,10)),((11,12),13)),(14,15)),(7,6)),(((16,(17,18)),19),((20,((21,22),23)),24))),((25,(26,27)),(((33,34),35),(32,(28,(29,(30,31)))))))),36);
Tree Score: 13573.704573012219
Score Improvement: 0.004095023680803944

Step Number: 6
Time Spent: 9.845538179 seconds
New Tree:
Tree: (((((0,1),2),((3,4),5)),((((((8,(9,10)),((11,12),13)),(14,15)),(7,6)),(((18,(17,16)),19),((20,((21,22),23)),24))),((25,(26,27)),(((33,34),35),(32,(28,(29,(30,31)))))))),36);
Tree Score: 13580.03364796497
Score Improvement: 4.662746944805729E-4

Step Number: 7
Time Spent: 9.962358272 seconds
New Tree:
Tree: (((((0,1),2),((3,4),5)),((((((8,(9,10)),((11,12),13)),(14,15)),(7,6)),(((18,19),(17,16)),((20,((21,22),23)),24))),((25,(26,27)),(((33,34),35),(32,(28,(29,(30,31)))))))),36);
Tree Score: 13685.282197804452
Score Improvement: 0.007750242198792723

Step Number: 8
Time Spent: 9.252110971 seconds
New Tree:
Tree: (((((0,1),2),((3,4),5)),((((((11,12),((8,(9,10)),13)),(14,15)),(7,6)),(((18,19),(17,16)),((20,((21,22),23)),24))),((25,(26,27)),(((33,34),35),(32,(28,(29,(30,31)))))))),36);
Tree Score: 13687.608122902253
Score Improvement: 1.6995813927556114E-4

Step Number: 9
Time Spent: 8.757615267 seconds
New Tree:
Tree: (((((0,1),2),((3,4),5)),((((((11,12),((10,(9,8)),13)),(14,15)),(7,6)),(((18,19),(17,16)),((20,((21,22),23)),24))),((25,(26,27)),(((33,34),35),(32,(28,(29,(30,31)))))))),36);
Tree Score: 13694.278623027989
Score Improvement: 4.873386252617351E-4

Step Number: 10
Time Spent: 8.72819281 seconds
New Tree:
Tree: (((((0,1),2),((3,4),5)),((((((11,12),((13,(9,8)),10)),(14,15)),(7,6)),(((18,19),(17,16)),((20,((21,22),23)),24))),((25,(26,27)),(((33,34),35),(32,(28,(29,(30,31)))))))),36);
Tree Score: 13699.018623188167
Score Improvement: 3.461299635167947E-4

Step Number: 11
Time Spent: 8.131970274 seconds
New Tree:
Tree: (((((0,1),2),((3,4),5)),((((((11,12),((13,(9,8)),10)),(14,15)),(7,6)),(((18,19),(17,16)),((20,((21,22),23)),24))),((25,(26,27)),(((33,34),35),(32,(28,(29,(30,31)))))))),36);
Tree Score: 13699.018623188167
Score Improvement: 0.0

TOTAL STEPS: 11
TOTAL TIME: 105.867565005 seconds
Final tree: Tree: (((((0,1),2),((3,4),5)),((((((11,12),((13,(9,8)),10)),(14,15)),(7,6)),(((18,19),(17,16)),((20,((21,22),23)),24))),((25,(26,27)),(((33,34),35),(32,(28,(29,(30,31)))))))),36);
Tree Score: 13699.018623188167
Total Score Improvement: 0.6914669116349415

--------------ITERATION 2--------------
Input tree: ((((0,(1,(2,3))),((4,5),(6,7))),(((8,((9,((10,11),12)),((13,14),((15,16),17)))),(18,19)),((((20,21),(22,((23,24),(25,26)))),(27,28)),(29,30)))),((31,(32,(33,34))),(35,36)));
Initial Score: 9881.116704483828

Step Number: 1
Time Spent: 8.656068555 seconds
New Tree:
Tree: ((((0,(1,(2,3))),((4,5),(6,7))),(((8,((9,((10,11),12)),((13,14),((15,16),17)))),(18,19)),(((29,30),(27,28)),((20,21),(22,((23,24),(25,26))))))),((31,(32,(33,34))),(35,36)));
Tree Score: 10739.814054157956
Score Improvement: 0.08690286486389454

Step Number: 2
Time Spent: 8.548529949 seconds
New Tree:
Tree: ((((0,(1,(2,3))),((4,5),(6,7))),(((((13,14),((15,16),17)),((9,((10,11),12)),8)),(18,19)),(((29,30),(27,28)),((20,21),(22,((23,24),(25,26))))))),((31,(32,(33,34))),(35,36)));
Tree Score: 11106.54457827322
Score Improvement: 0.03414682249300993

Step Number: 3
Time Spent: 8.662929832 seconds
New Tree:
Tree: ((((0,(1,(2,3))),((4,5),(6,7))),(((((13,14),((15,16),17)),((9,8),((10,11),12))),(18,19)),(((29,30),(27,28)),((20,21),(22,((23,24),(25,26))))))),((31,(32,(33,34))),(35,36)));
Tree Score: 11318.227978471106
Score Improvement: 0.01905933917664937

Step Number: 4
Time Spent: 8.477793929 seconds
New Tree:
Tree: ((((0,(1,(2,3))),((4,5),(6,7))),(((((13,14),((15,16),17)),((9,8),((10,11),12))),(18,19)),(((29,30),(27,28)),(((23,24),(25,26)),(22,(20,21)))))),((31,(32,(33,34))),(35,36)));
Tree Score: 11425.933402478018
Score Improvement: 0.009516103069471926

Step Number: 5
Time Spent: 9.453876503 seconds
New Tree:
Tree: ((((0,(1,(2,3))),((4,5),(6,7))),(((((13,14),((15,16),17)),((9,8),((10,11),12))),(18,19)),(((29,30),(27,28)),(((23,24),(25,26)),(22,(20,21)))))),(((33,34),(32,31)),(35,36)));
Tree Score: 11477.486377556888
Score Improvement: 0.004511926795205179

Step Number: 6
Time Spent: 9.487916445 seconds
New Tree:
Tree: ((((0,(1,(2,3))),((4,5),(6,7))),(((((13,14),((15,16),17)),((9,8),((10,11),12))),(18,19)),(((29,30),(27,28)),(((23,24),(25,26)),(22,(20,21)))))),(((33,34),(32,31)),(35,36)));
Tree Score: 11477.486377556888
Score Improvement: 0.0

TOTAL STEPS: 6
TOTAL TIME: 53.287115213 seconds
Final tree: Tree: ((((0,(1,(2,3))),((4,5),(6,7))),(((((13,14),((15,16),17)),((9,8),((10,11),12))),(18,19)),(((29,30),(27,28)),(((23,24),(25,26)),(22,(20,21)))))),(((33,34),(32,31)),(35,36)));
Tree Score: 11477.486377556888
Total Score Improvement: 0.16155761750578912

--------------ITERATION 3--------------
Input tree: (((0,(1,(2,3))),(((((4,5),(6,(7,8))),(9,(10,11))),12),(((13,(14,15)),16),(((17,18),19),20)))),((((21,22),23),(24,25)),((26,((27,(28,29)),(30,31))),(((32,33),(34,35)),36))));
Initial Score: 10612.887702729437

Step Number: 1
Time Spent: 12.914702003 seconds
New Tree:
Tree: (((0,(1,(2,3))),(((12,(9,(10,11))),((4,5),(6,(7,8)))),(((13,(14,15)),16),(((17,18),19),20)))),((((21,22),23),(24,25)),((26,((27,(28,29)),(30,31))),(((32,33),(34,35)),36))));
Tree Score: 11530.318004276021
Score Improvement: 0.08644492688927996

Step Number: 2
Time Spent: 12.080143851 seconds
New Tree:
Tree: (((0,(1,(2,3))),(((12,(9,(10,11))),((4,5),(6,(7,8)))),(((13,(14,15)),16),(((17,18),19),20)))),((((21,22),23),(24,25)),(((30,31),((27,(28,29)),26)),(((32,33),(34,35)),36))));
Tree Score: 11778.115829511895
Score Improvement: 0.021490979272555943

Step Number: 3
Time Spent: 12.1058027 seconds
New Tree:
Tree: (((0,(1,(2,3))),(((12,(9,(10,11))),((4,5),(6,(7,8)))),(((13,(14,15)),16),((20,19),(17,18))))),((((21,22),23),(24,25)),(((30,31),((27,(28,29)),26)),(((32,33),(34,35)),36))));
Tree Score: 11871.358304368914
Score Improvement: 0.007916586677080062

Step Number: 4
Time Spent: 11.372444499 seconds
New Tree:
Tree: (((0,(1,(2,3))),(((12,(9,(10,11))),((4,5),(6,(7,8)))),(((13,(14,15)),16),((20,19),(17,18))))),((((21,22),23),(24,25)),(((30,31),((27,26),(28,29))),(((32,33),(34,35)),36))));
Tree Score: 11909.26870431623
Score Improvement: 0.003193434059973077

Step Number: 5
Time Spent: 10.6665217 seconds
New Tree:
Tree: (((0,(1,(2,3))),(((12,(9,(10,11))),((4,5),(6,(7,8)))),(((15,(14,13)),16),((20,19),(17,18))))),((((21,22),23),(24,25)),(((30,31),((27,26),(28,29))),(((32,33),(34,35)),36))));
Tree Score: 11914.434929302544
Score Improvement: 4.337986751816736E-4

Step Number: 6
Time Spent: 10.661627572 seconds
New Tree:
Tree: (((0,(1,(2,3))),(((12,(9,(10,11))),((4,5),(6,(7,8)))),(((15,16),(14,13)),((20,19),(17,18))))),((((21,22),23),(24,25)),(((30,31),((27,26),(28,29))),(((32,33),(34,35)),36))));
Tree Score: 11990.315404544235
Score Improvement: 0.0063687850655065326

Step Number: 7
Time Spent: 9.526688135 seconds
New Tree:
Tree: (((0,(1,(2,3))),(((12,(9,(10,11))),((4,5),(6,(7,8)))),(((15,16),(14,13)),((20,19),(17,18))))),((((21,22),23),(24,25)),(((30,31),((27,26),(28,29))),(((32,33),(34,35)),36))));
Tree Score: 11990.315404544235
Score Improvement: 0.0

TOTAL STEPS: 7
TOTAL TIME: 79.32793046 seconds
Final tree: Tree: (((0,(1,(2,3))),(((12,(9,(10,11))),((4,5),(6,(7,8)))),(((15,16),(14,13)),((20,19),(17,18))))),((((21,22),23),(24,25)),(((30,31),((27,26),(28,29))),(((32,33),(34,35)),36))));
Tree Score: 11990.315404544235
Total Score Improvement: 0.1297882103718624

--------------ITERATION 4--------------
Input tree: (((0,1),((((2,3),4),5),6)),((((((((7,8),9),(10,(11,12))),((13,(14,15)),16)),(17,18)),(19,((20,21),22))),((((23,(24,25)),((26,27),28)),(29,30)),(31,32))),(33,((34,35),36))));
Initial Score: 12551.863371923035

Step Number: 1
Time Spent: 9.8561558 seconds
New Tree:
Tree: (((0,1),((((2,3),4),5),6)),(((((19,((20,21),22)),(17,18)),((((7,8),9),(10,(11,12))),((13,(14,15)),16))),((((23,(24,25)),((26,27),28)),(29,30)),(31,32))),(33,((34,35),36))));
Tree Score: 14477.15092426142
Score Improvement: 0.15338659251542008

Step Number: 2
Time Spent: 11.079103705 seconds
New Tree:
Tree: (((0,1),((((2,3),4),5),6)),(((((19,((20,21),22)),(17,18)),((((7,8),9),(10,(11,12))),((13,(14,15)),16))),((((29,30),((26,27),28)),(23,(24,25))),(31,32))),(33,((34,35),36))));
Tree Score: 14589.41177482134
Score Improvement: 0.007754346911710952

Step Number: 3
Time Spent: 11.037248242 seconds
New Tree:
Tree: (((0,1),((((2,3),4),5),6)),(((((19,((20,21),22)),(17,18)),((((7,8),9),(10,(11,12))),((13,(14,15)),16))),((((29,30),((26,27),28)),(31,32)),(23,(24,25)))),(33,((34,35),36))));
Tree Score: 15131.918423987685
Score Improvement: 0.037184956976991534

Step Number: 4
Time Spent: 11.023306316 seconds
New Tree:
Tree: (((0,1),(((5,4),(2,3)),6)),(((((19,((20,21),22)),(17,18)),((((7,8),9),(10,(11,12))),((13,(14,15)),16))),((((29,30),((26,27),28)),(31,32)),(23,(24,25)))),(33,((34,35),36))));
Tree Score: 15240.484773933182
Score Improvement: 0.007174658685272339

Step Number: 5
Time Spent: 10.296133957 seconds
New Tree:
Tree: (((0,1),(((5,4),(2,3)),6)),(((((19,((20,21),22)),(17,18)),((((7,8),9),(10,(11,12))),((15,(14,13)),16))),((((29,30),((26,27),28)),(31,32)),(23,(24,25)))),(33,((34,35),36))));
Tree Score: 15245.650998919496
Score Improvement: 3.3898035810198124E-4

Step Number: 6
Time Spent: 10.29130122 seconds
New Tree:
Tree: (((0,1),(((5,4),(2,3)),6)),(((((19,((20,21),22)),(17,18)),((((7,8),9),(10,(11,12))),((15,16),(14,13)))),((((29,30),((26,27),28)),(31,32)),(23,(24,25)))),(33,((34,35),36))));
Tree Score: 15260.330173659364
Score Improvement: 9.628434194715041E-4

Step Number: 7
Time Spent: 9.545199498 seconds
New Tree:
Tree: (((0,1),(((5,4),(2,3)),6)),(((((19,((20,21),22)),(17,18)),((((7,8),9),(10,(11,12))),((15,16),(14,13)))),((((29,30),((28,27),26)),(31,32)),(23,(24,25)))),(33,((34,35),36))));
Tree Score: 15264.532123538891
Score Improvement: 2.753511773145867E-4

Step Number: 8
Time Spent: 8.824098721 seconds
New Tree:
Tree: (((0,1),(((5,4),(2,3)),6)),(((((19,((20,21),22)),(17,18)),((((7,8),9),(10,(11,12))),((15,16),(14,13)))),((((29,30),((28,27),26)),(31,32)),(23,(24,25)))),(33,((34,35),36))));
Tree Score: 15264.532123538891
Score Improvement: 0.0

TOTAL STEPS: 8
TOTAL TIME: 81.952547459 seconds
Final tree: Tree: (((0,1),(((5,4),(2,3)),6)),(((((19,((20,21),22)),(17,18)),((((7,8),9),(10,(11,12))),((15,16),(14,13)))),((((29,30),((28,27),26)),(31,32)),(23,(24,25)))),(33,((34,35),36))));
Tree Score: 15264.532123538891
Total Score Improvement: 0.21611681638311642

--------------ITERATION 5--------------
Input tree: (((0,1),(((((2,3),(4,5)),(6,7)),((8,(((9,10),11),((12,((13,14),15)),16))),(((17,18),19),(20,(21,22))))),((((23,24),((25,26),27)),28),29))),((30,31),(32,((33,(34,35)),36))));
Initial Score: 11600.337848877112

Step Number: 1
Time Spent: 11.891601509 seconds
New Tree:
Tree: (((0,1),(((((2,3),(4,5)),(6,7)),((((12,((13,14),15)),16),(((9,10),11),8)),(((17,18),19),(20,(21,22))))),((((23,24),((25,26),27)),28),29))),((30,31),(32,((33,(34,35)),36))));
Tree Score: 12463.205349220589
Score Improvement: 0.07438296294335944

Step Number: 2
Time Spent: 11.969354204 seconds
New Tree:
Tree: (((0,1),(((((2,3),(4,5)),(6,7)),((((12,((13,14),15)),16),(((9,10),11),8)),(((17,18),19),(20,(21,22))))),((((23,24),((25,26),27)),28),29))),(((33,(34,35)),36),(32,(30,31))));
Tree Score: 12617.126174257297
Score Improvement: 0.012350019174347748

Step Number: 3
Time Spent: 11.951121717 seconds
New Tree:
Tree: (((0,1),(((((2,3),(4,5)),(6,7)),((((12,((13,14),15)),16),(((9,10),11),8)),(((17,18),19),(20,(21,22))))),(((28,((25,26),27)),(23,24)),29))),(((33,(34,35)),36),(32,(30,31))));
Tree Score: 12652.517099050034
Score Improvement: 0.002804990954671238

Step Number: 4
Time Spent: 12.693105527 seconds
New Tree:
Tree: (((0,1),(((((2,3),(4,5)),(6,7)),((((12,((13,14),15)),16),(((9,10),11),8)),(((17,18),19),(20,(21,22))))),(((28,((25,26),27)),29),(23,24)))),(((33,(34,35)),36),(32,(30,31))));
Tree Score: 13001.432999179859
Score Improvement: 0.027576797359635474

Step Number: 5
Time Spent: 11.953665547 seconds
New Tree:
Tree: (((0,1),(((((2,3),(4,5)),(6,7)),((((12,((13,14),15)),16),(((9,10),11),8)),(((17,18),19),(20,(21,22))))),((((25,26),(28,27)),29),(23,24)))),(((33,(34,35)),36),(32,(30,31))));
Tree Score: 13056.041499094266
Score Improvement: 0.004200190849566576

Step Number: 6
Time Spent: 10.016103026 seconds
New Tree:
Tree: (((0,1),(((((2,3),(4,5)),(6,7)),((((12,((13,14),15)),16),(((9,10),11),8)),(((19,18),17),(20,(21,22))))),((((25,26),(28,27)),29),(23,24)))),(((33,(34,35)),36),(32,(30,31))));
Tree Score: 13066.900199073527
Score Improvement: 8.31699254327134E-4

Step Number: 7
Time Spent: 8.233437437 seconds
New Tree:
Tree: (((0,1),(((((2,3),(4,5)),(6,7)),((((12,((13,14),15)),16),(((9,10),11),8)),(((19,18),17),(22,(21,20))))),((((25,26),(28,27)),29),(23,24)))),(((33,(34,35)),36),(32,(30,31))));
Tree Score: 13072.274649388317
Score Improvement: 4.1130262211463986E-4

Step Number: 8
Time Spent: 7.681254439 seconds
New Tree:
Tree: (((0,1),(((((2,3),(4,5)),(6,7)),((((15,((13,14),12)),16),(((9,10),11),8)),(((19,18),17),(22,(21,20))))),((((25,26),(28,27)),29),(23,24)))),(((33,(34,35)),36),(32,(30,31))));
Tree Score: 13075.393799389873
Score Improvement: 2.3860805293751675E-4

Step Number: 9
Time Spent: 7.679746216 seconds
New Tree:
Tree: (((0,1),(((((2,3),(4,5)),(6,7)),((((15,16),((13,14),12)),(((9,10),11),8)),(((19,18),17),(22,(21,20))))),((((25,26),(28,27)),29),(23,24)))),(((33,(34,35)),36),(32,(30,31))));
Tree Score: 13126.71874925417
Score Improvement: 0.003925308151460305

Step Number: 10
Time Spent: 7.067442166 seconds
New Tree:
Tree: (((0,1),(((((2,3),(4,5)),(6,7)),((((15,16),((13,14),12)),(((9,10),11),8)),(((19,18),17),(22,(21,20))))),((((25,26),(28,27)),29),(23,24)))),(((33,(34,35)),36),(32,(30,31))));
Tree Score: 13126.71874925417
Score Improvement: 0.0

TOTAL STEPS: 10
TOTAL TIME: 101.136831788 seconds
Final tree: Tree: (((0,1),(((((2,3),(4,5)),(6,7)),((((15,16),((13,14),12)),(((9,10),11),8)),(((19,18),17),(22,(21,20))))),((((25,26),(28,27)),29),(23,24)))),(((33,(34,35)),36),(32,(30,31))));
Tree Score: 13126.71874925417
Total Score Improvement: 0.13158072810136368

--------------ITERATION 6--------------
Input tree: (((0,1),(((2,3),(4,(5,6))),(7,(((8,9),10),(11,(12,13)))))),((((((14,15),16),((17,(18,(19,(20,21)))),22)),(23,24)),(25,26)),((27,28),(29,(30,(((31,32),(33,(34,35))),36))))));
Initial Score: 7952.239474803935

Step Number: 1
Time Spent: 10.262182363 seconds
New Tree:
Tree: (((7,(((8,9),10),(11,(12,13)))),(((2,3),(4,(5,6))),(0,1))),((((((14,15),16),((17,(18,(19,(20,21)))),22)),(23,24)),(25,26)),((27,28),(29,(30,(((31,32),(33,(34,35))),36))))));
Tree Score: 9170.515074641704
Score Improvement: 0.15319905841590686

Step Number: 2
Time Spent: 10.908558693 seconds
New Tree:
Tree: ((((27,28),(29,(30,(((31,32),(33,(34,35))),36)))),(((2,3),(4,(5,6))),(0,1))),((((((14,15),16),((17,(18,(19,(20,21)))),22)),(23,24)),(25,26)),(7,(((8,9),10),(11,(12,13))))));
Tree Score: 10347.869450911494
Score Improvement: 0.12838475992754317

Step Number: 3
Time Spent: 10.41180118 seconds
New Tree:
Tree: ((((27,28),(29,(30,(((31,32),(33,(34,35))),36)))),(((2,3),(4,(5,6))),(0,1))),((((((14,15),16),((17,(18,(19,(20,21)))),22)),(23,24)),(25,26)),((11,(12,13)),(((8,9),10),7))));
Tree Score: 11405.917749594511
Score Improvement: 0.1022479365150688

Step Number: 4
Time Spent: 10.39997698 seconds
New Tree:
Tree: ((((27,28),(29,(30,(((31,32),(33,(34,35))),36)))),(((2,3),(4,(5,6))),(0,1))),((((25,26),(23,24)),(((14,15),16),((17,(18,(19,(20,21)))),22))),((11,(12,13)),(((8,9),10),7))));
Tree Score: 12043.578774182672
Score Improvement: 0.055906156662477224

Step Number: 5
Time Spent: 9.665654481 seconds
New Tree:
Tree: ((((30,(((31,32),(33,(34,35))),36)),(29,(27,28))),(((2,3),(4,(5,6))),(0,1))),((((25,26),(23,24)),(((14,15),16),((17,(18,(19,(20,21)))),22))),((11,(12,13)),(((8,9),10),7))));
Tree Score: 12323.882674220564
Score Improvement: 0.023274136807139856

Step Number: 6
Time Spent: 9.138005329 seconds
New Tree:
Tree: ((((30,(29,(27,28))),(((31,32),(33,(34,35))),36)),(((2,3),(4,(5,6))),(0,1))),((((25,26),(23,24)),(((14,15),16),((17,(18,(19,(20,21)))),22))),((11,(12,13)),(((8,9),10),7))));
Tree Score: 12656.799473804036
Score Improvement: 0.027013953993563877

Step Number: 7
Time Spent: 11.139213653 seconds
New Tree:
Tree: ((((30,(29,(27,28))),(((31,32),(33,(34,35))),36)),(((2,3),(0,1)),(4,(5,6)))),((((25,26),(23,24)),(((14,15),16),((17,(18,(19,(20,21)))),22))),((11,(12,13)),(((8,9),10),7))));
Tree Score: 12809.54977478693
Score Improvement: 0.012068635621433677

Step Number: 8
Time Spent: 10.715444052 seconds
New Tree:
Tree: ((((30,(29,(27,28))),(((34,35),(33,(31,32))),36)),(((2,3),(0,1)),(4,(5,6)))),((((25,26),(23,24)),(((14,15),16),((17,(18,(19,(20,21)))),22))),((11,(12,13)),(((8,9),10),7))));
Tree Score: 12851.796024549294
Score Improvement: 0.0032980276828711297

Step Number: 9
Time Spent: 9.973357436 seconds
New Tree:
Tree: ((((30,(29,(27,28))),(((34,35),(33,(31,32))),36)),(((2,3),(0,1)),(4,(5,6)))),((((25,26),(23,24)),(((16,15),14),((17,(18,(19,(20,21)))),22))),((11,(12,13)),(((8,9),10),7))));
Tree Score: 12871.35287474795
Score Improvement: 0.001521721178993074

Step Number: 10
Time Spent: 9.272395045 seconds
New Tree:
Tree: ((((30,(29,(27,28))),(((34,35),(33,(31,32))),36)),(((2,3),(0,1)),(4,(5,6)))),((((25,26),(23,24)),(((16,15),14),((17,(18,(21,(20,19)))),22))),((11,(12,13)),(((8,9),10),7))));
Tree Score: 12883.63597442909
Score Improvement: 9.542974853278263E-4

Step Number: 11
Time Spent: 8.602281896 seconds
New Tree:
Tree: ((((30,(29,(27,28))),(((34,35),(33,(31,32))),36)),(((2,3),(0,1)),(4,(5,6)))),((((25,26),(23,24)),(((16,15),14),((17,(18,(21,(20,19)))),22))),((11,(12,13)),(((8,9),10),7))));
Tree Score: 12883.63597442909
Score Improvement: 0.0

TOTAL STEPS: 11
TOTAL TIME: 110.488871108 seconds
Final tree: Tree: ((((30,(29,(27,28))),(((34,35),(33,(31,32))),36)),(((2,3),(0,1)),(4,(5,6)))),((((25,26),(23,24)),(((16,15),14),((17,(18,(21,(20,19)))),22))),((11,(12,13)),(((8,9),10),7))));
Tree Score: 12883.63597442909
Total Score Improvement: 0.6201267599208888

--------------ITERATION 7--------------
Input tree: (0,((((((1,2),3),(4,5)),((6,((7,8),9)),((10,11),12))),((((13,(14,15)),16),(17,((18,((19,20),(21,(22,23)))),((24,25),(26,27))))),(28,29))),((30,31),((32,(33,34)),(35,36)))));
Initial Score: 8717.795877128392

Step Number: 1
Time Spent: 14.594294499 seconds
New Tree:
Tree: (0,(((((((13,(14,15)),16),(17,((18,((19,20),(21,(22,23)))),((24,25),(26,27))))),(28,29)),((6,((7,8),9)),((10,11),12))),(((1,2),3),(4,5))),((30,31),((32,(33,34)),(35,36)))));
Tree Score: 10648.342531134858
Score Improvement: 0.2214489397568209

Step Number: 2
Time Spent: 13.129250863 seconds
New Tree:
Tree: (0,(((((((18,((19,20),(21,(22,23)))),((24,25),(26,27))),(17,((13,(14,15)),16))),(28,29)),((6,((7,8),9)),((10,11),12))),(((1,2),3),(4,5))),((30,31),((32,(33,34)),(35,36)))));
Tree Score: 11210.64553085437
Score Improvement: 0.052806622070560305

Step Number: 3
Time Spent: 11.222987156 seconds
New Tree:
Tree: (0,(((((((18,((19,20),(21,(22,23)))),(17,((13,(14,15)),16))),((24,25),(26,27))),(28,29)),((6,((7,8),9)),((10,11),12))),(((1,2),3),(4,5))),((30,31),((32,(33,34)),(35,36)))));
Tree Score: 11505.312054449303
Score Improvement: 0.026284527753904996

Step Number: 4
Time Spent: 11.199943652 seconds
New Tree:
Tree: (0,((((((28,29),((24,25),(26,27))),((18,((19,20),(21,(22,23)))),(17,((13,(14,15)),16)))),((6,((7,8),9)),((10,11),12))),(((1,2),3),(4,5))),((30,31),((32,(33,34)),(35,36)))));
Tree Score: 12399.007680424489
Score Improvement: 0.07767678284132917

Step Number: 5
Time Spent: 11.600702646 seconds
New Tree:
Tree: (0,((((((6,((7,8),9)),((10,11),12)),((18,((19,20),(21,(22,23)))),(17,((13,(14,15)),16)))),((28,29),((24,25),(26,27)))),(((1,2),3),(4,5))),((30,31),((32,(33,34)),(35,36)))));
Tree Score: 13571.876179160958
Score Improvement: 0.09459373918996672

Step Number: 6
Time Spent: 12.205310675 seconds
New Tree:
Tree: (0,((((((6,((7,8),9)),((10,11),12)),(((21,(22,23)),((19,20),18)),(17,((13,(14,15)),16)))),((28,29),((24,25),(26,27)))),(((1,2),3),(4,5))),((30,31),((32,(33,34)),(35,36)))));
Tree Score: 13812.739403985848
Score Improvement: 0.017747231233565586

Step Number: 7
Time Spent: 11.666941027 seconds
New Tree:
Tree: (0,(((32,(33,34)),(35,36)),((30,31),(((((6,((7,8),9)),((10,11),12)),(((21,(22,23)),((19,20),18)),(17,((13,(14,15)),16)))),((28,29),((24,25),(26,27)))),(((1,2),3),(4,5))))));
Tree Score: 14024.300478871388
Score Improvement: 0.01531637343599579

Step Number: 8
Time Spent: 11.13575623 seconds
New Tree:
Tree: (0,(((32,(33,34)),(35,36)),((30,31),(((((6,((7,8),9)),((10,11),12)),(((21,(22,23)),((19,20),18)),((13,(14,15)),(17,16)))),((28,29),((24,25),(26,27)))),(((1,2),3),(4,5))))));
Tree Score: 14120.492753901926
Score Improvement: 0.006858971338745912

Step Number: 9
Time Spent: 10.561938359 seconds
New Tree:
Tree: (0,(((32,(33,34)),((30,31),(((((6,((7,8),9)),((10,11),12)),(((21,(22,23)),((19,20),18)),((13,(14,15)),(17,16)))),((28,29),((24,25),(26,27)))),(((1,2),3),(4,5))))),(35,36)));
Tree Score: 14195.846054526919
Score Improvement: 0.00533644979238912

Step Number: 10
Time Spent: 10.625885736 seconds
New Tree:
Tree: (0,(((32,(33,34)),((30,31),(((((9,((7,8),6)),((10,11),12)),(((21,(22,23)),((19,20),18)),((13,(14,15)),(17,16)))),((28,29),((24,25),(26,27)))),(((1,2),3),(4,5))))),(35,36)));
Tree Score: 14227.447054109478
Score Improvement: 0.0022260737022068433

Step Number: 11
Time Spent: 10.065222959 seconds
New Tree:
Tree: (0,(((32,(33,34)),((30,31),(((((9,((7,8),6)),((10,11),12)),(((21,(22,23)),((19,20),18)),((13,(14,15)),(17,16)))),((28,29),((24,25),(26,27)))),(((3,2),1),(4,5))))),(35,36)));
Tree Score: 14239.775604180002
Score Improvement: 8.665328378054671E-4

Step Number: 12
Time Spent: 9.471876976 seconds
New Tree:
Tree: (0,(((((((9,((7,8),6)),((10,11),12)),(((21,(22,23)),((19,20),18)),((13,(14,15)),(17,16)))),((28,29),((24,25),(26,27)))),(((3,2),1),(4,5))),((30,31),(32,(33,34)))),(35,36)));
Tree Score: 14248.156004317221
Score Improvement: 5.885205195761412E-4

Step Number: 13
Time Spent: 9.722674441 seconds
New Tree:
Tree: (0,(((((((9,((7,8),6)),((10,11),12)),(((21,(22,23)),((19,20),18)),((13,(14,15)),(17,16)))),((28,29),((24,25),(26,27)))),(((3,2),1),(4,5))),((30,31),(34,(33,32)))),(35,36)));
Tree Score: 14264.08562940138
Score Improvement: 0.001118013101437887

Step Number: 14
Time Spent: 9.070025664 seconds
New Tree:
Tree: (0,(((((((9,((7,8),6)),((10,11),12)),(((23,(22,21)),((19,20),18)),((13,(14,15)),(17,16)))),((28,29),((24,25),(26,27)))),(((3,2),1),(4,5))),((30,31),(34,(33,32)))),(35,36)));
Tree Score: 14266.720179441967
Score Improvement: 1.8469813691779358E-4

Step Number: 15
Time Spent: 8.433717794 seconds
New Tree:
Tree: (0,(((((((9,((7,8),6)),((10,11),12)),(((23,(22,21)),((19,20),18)),((13,(14,15)),(17,16)))),((28,29),((24,25),(26,27)))),(((3,2),1),(4,5))),((30,31),(34,(33,32)))),(35,36)));
Tree Score: 14266.720179441967
Score Improvement: 0.0

TOTAL STEPS: 15
TOTAL TIME: 164.706528677 seconds
Final tree: Tree: (0,(((((((9,((7,8),6)),((10,11),12)),(((23,(22,21)),((19,20),18)),((13,(14,15)),(17,16)))),((28,29),((24,25),(26,27)))),(((3,2),1),(4,5))),((30,31),(34,(33,32)))),(35,36)));
Tree Score: 14266.720179441967
Total Score Improvement: 0.6365054172547762

--------------ITERATION 8--------------
Input tree: ((0,(((1,(2,3)),((((4,5),6),7),((8,9),10))),((11,12),13))),(((14,15),16),((17,18),((((19,20),(((21,22),23),24)),(25,26)),(((27,28),(29,30)),((31,32),(((33,34),35),36)))))));
Initial Score: 8301.453999816134

Step Number: 1
Time Spent: 9.228713722 seconds
New Tree:
Tree: ((0,(((1,(2,3)),((((4,5),6),7),((8,9),10))),((11,12),13))),(((((19,20),(((21,22),23),24)),(25,26)),(((27,28),(29,30)),((31,32),(((33,34),35),36)))),((17,18),((14,15),16))));
Tree Score: 9897.232549751803
Score Improvement: 0.19222880111978125

Step Number: 2
Time Spent: 9.555104039 seconds
New Tree:
Tree: ((0,((((11,12),13),((((4,5),6),7),((8,9),10))),(1,(2,3)))),(((((19,20),(((21,22),23),24)),(25,26)),(((27,28),(29,30)),((31,32),(((33,34),35),36)))),((17,18),((14,15),16))));
Tree Score: 10247.062724098723
Score Improvement: 0.03534626195639845

Step Number: 3
Time Spent: 10.481416597 seconds
New Tree:
Tree: (((((11,12),13),((((4,5),6),7),((8,9),10))),(0,(1,(2,3)))),(((((19,20),(((21,22),23),24)),(25,26)),(((27,28),(29,30)),((31,32),(((33,34),35),36)))),((17,18),((14,15),16))));
Tree Score: 10935.922000299368
Score Improvement: 0.06722504728897638

Step Number: 4
Time Spent: 9.792544778 seconds
New Tree:
Tree: (((((11,12),13),((((4,5),6),7),((8,9),10))),((17,18),((14,15),16))),(((((19,20),(((21,22),23),24)),(25,26)),(((27,28),(29,30)),((31,32),(((33,34),35),36)))),(0,(1,(2,3)))));
Tree Score: 11101.457326569755
Score Improvement: 0.015136842258554495

Step Number: 5
Time Spent: 9.859600443 seconds
New Tree:
Tree: (((((11,12),13),((((4,5),6),7),((8,9),10))),((17,18),((14,15),16))),(((0,(1,(2,3))),(((27,28),(29,30)),((31,32),(((33,34),35),36)))),(((19,20),(((21,22),23),24)),(25,26))));
Tree Score: 11625.43202611168
Score Improvement: 0.047198731133061944

Step Number: 6
Time Spent: 9.477408056 seconds
New Tree:
Tree: (((((11,12),13),(((7,6),(4,5)),((8,9),10))),((17,18),((14,15),16))),(((0,(1,(2,3))),(((27,28),(29,30)),((31,32),(((33,34),35),36)))),(((19,20),(((21,22),23),24)),(25,26))));
Tree Score: 11661.778051365269
Score Improvement: 0.003126423617802132

Step Number: 7
Time Spent: 8.574578793 seconds
New Tree:
Tree: (((((11,12),13),(((7,6),(4,5)),((8,9),10))),((17,18),((14,15),16))),(((0,(1,(2,3))),(((27,28),(29,30)),((31,32),(((33,34),35),36)))),(((19,20),((24,23),(21,22))),(25,26))));
Tree Score: 11692.522451421348
Score Improvement: 0.0026363389802706028

Step Number: 8
Time Spent: 8.059901751 seconds
New Tree:
Tree: (((((11,12),13),(((7,6),(4,5)),((8,9),10))),((17,18),((16,15),14))),(((0,(1,(2,3))),(((27,28),(29,30)),((31,32),(((33,34),35),36)))),(((19,20),((24,23),(21,22))),(25,26))));
Tree Score: 11705.685826597837
Score Improvement: 0.0011257943041100837

Step Number: 9
Time Spent: 7.676673759 seconds
New Tree:
Tree: (((((11,12),13),(((7,6),(4,5)),((8,9),10))),((17,18),((16,15),14))),(((0,(1,(2,3))),(((27,28),(29,30)),((31,32),(((35,34),33),36)))),(((19,20),((24,23),(21,22))),(25,26))));
Tree Score: 11714.213601601412
Score Improvement: 7.285156230827372E-4

Step Number: 10
Time Spent: 7.419600076 seconds
New Tree:
Tree: (((((11,12),13),(((7,6),(4,5)),((8,9),10))),((17,18),((16,15),14))),(((0,(1,(2,3))),(((27,28),(29,30)),((31,32),(((35,34),33),36)))),(((19,20),((24,23),(21,22))),(25,26))));
Tree Score: 11714.213601601412
Score Improvement: 0.0

TOTAL STEPS: 10
TOTAL TIME: 90.125542014 seconds
Final tree: Tree: (((((11,12),13),(((7,6),(4,5)),((8,9),10))),((17,18),((16,15),14))),(((0,(1,(2,3))),(((27,28),(29,30)),((31,32),(((35,34),33),36)))),(((19,20),((24,23),(21,22))),(25,26))));
Tree Score: 11714.213601601412
Total Score Improvement: 0.41110383817833185

--------------ITERATION 9--------------
Input tree: (((0,1),(((2,3),(4,(5,(6,7)))),(8,9))),((((10,11),12),(((13,(14,(15,16))),((17,(18,19)),20)),(((21,(22,23)),24),((25,26),(((27,28),29),(30,31)))))),((32,(33,(34,35))),36)));
Initial Score: 10079.98764981706

Step Number: 1
Time Spent: 12.595107312 seconds
New Tree:
Tree: (((0,1),(((2,3),(4,(5,(6,7)))),(8,9))),(((((21,(22,23)),24),((25,26),(((27,28),29),(30,31)))),(((13,(14,(15,16))),((17,(18,19)),20)),((10,11),12))),((32,(33,(34,35))),36)));
Tree Score: 10869.925575566926
Score Improvement: 0.07836695372976998

Step Number: 2
Time Spent: 12.671539377 seconds
New Tree:
Tree: (((0,1),((32,(33,(34,35))),36)),(((((21,(22,23)),24),((25,26),(((27,28),29),(30,31)))),(((13,(14,(15,16))),((17,(18,19)),20)),((10,11),12))),(((2,3),(4,(5,(6,7)))),(8,9))));
Tree Score: 11414.383500001608
Score Improvement: 0.05008846846739212

Step Number: 3
Time Spent: 12.581942997 seconds
New Tree:
Tree: (((0,1),((32,(33,(34,35))),36)),(((((21,(22,23)),24),((25,26),(((27,28),29),(30,31)))),(((13,(14,(15,16))),((10,11),12)),((17,(18,19)),20))),(((2,3),(4,(5,(6,7)))),(8,9))));
Tree Score: 11818.668648448056
Score Improvement: 0.035418921087274846

Step Number: 4
Time Spent: 11.982887 seconds
New Tree:
Tree: (((0,1),((32,(33,(34,35))),36)),(((((2,3),(4,(5,(6,7)))),(8,9)),(((13,(14,(15,16))),((10,11),12)),((17,(18,19)),20))),(((21,(22,23)),24),((25,26),(((27,28),29),(30,31))))));
Tree Score: 12157.79895065045
Score Improvement: 0.028694458935264677

Step Number: 5
Time Spent: 11.909240275 seconds
New Tree:
Tree: (((32,(33,(34,35))),((0,1),36)),(((((2,3),(4,(5,(6,7)))),(8,9)),(((13,(14,(15,16))),((10,11),12)),((17,(18,19)),20))),(((21,(22,23)),24),((25,26),(((27,28),29),(30,31))))));
Tree Score: 12329.850625045317
Score Improvement: 0.014151547915312701

Step Number: 6
Time Spent: 11.916583247 seconds
New Tree:
Tree: (((32,(33,(34,35))),((0,1),36)),(((((2,3),((6,7),(5,4))),(8,9)),(((13,(14,(15,16))),((10,11),12)),((17,(18,19)),20))),(((21,(22,23)),24),((25,26),(((27,28),29),(30,31))))));
Tree Score: 12382.553150177439
Score Improvement: 0.004274384721666191

Step Number: 7
Time Spent: 11.352569485 seconds
New Tree:
Tree: (((32,(33,(34,35))),((0,1),36)),(((((2,3),((6,7),(5,4))),(8,9)),((((15,16),(14,13)),((10,11),12)),((17,(18,19)),20))),(((21,(22,23)),24),((25,26),(((27,28),29),(30,31))))));
Tree Score: 12425.41684988371
Score Improvement: 0.003461620490250672

Step Number: 8
Time Spent: 10.815641152 seconds
New Tree:
Tree: ((((34,35),(33,32)),((0,1),36)),(((((2,3),((6,7),(5,4))),(8,9)),((((15,16),(14,13)),((10,11),12)),((17,(18,19)),20))),(((21,(22,23)),24),((25,26),(((27,28),29),(30,31))))));
Tree Score: 12459.833974589099
Score Improvement: 0.002769896987859344

Step Number: 9
Time Spent: 10.281613605 seconds
New Tree:
Tree: ((((34,35),(33,32)),((0,1),36)),(((((2,3),((6,7),(5,4))),(8,9)),((((15,16),(14,13)),((10,11),12)),((17,(18,19)),20))),(((21,(22,23)),24),((30,31),(((27,28),29),(25,26))))));
Tree Score: 12470.654125970294
Score Improvement: 8.684025327514444E-4

Step Number: 10
Time Spent: 9.714429747 seconds
New Tree:
Tree: ((((34,35),(33,32)),((0,1),36)),(((((2,3),((6,7),(5,4))),(8,9)),((((15,16),(14,13)),((10,11),12)),((17,(18,19)),20))),(((23,(22,21)),24),((30,31),(((27,28),29),(25,26))))));
Tree Score: 12471.495351035584
Score Improvement: 6.745637051541742E-5

Step Number: 11
Time Spent: 9.722706777 seconds
New Tree:
Tree: ((((34,35),(33,32)),((0,1),36)),(((((2,3),((6,7),(5,4))),(8,9)),((((15,16),(14,13)),((10,11),12)),((17,(18,19)),20))),(((23,24),(22,21)),((30,31),(((27,28),29),(25,26))))));
Tree Score: 12491.393426202674
Score Improvement: 0.0015954843109842187

Step Number: 12
Time Spent: 9.136472802 seconds
New Tree:
Tree: ((((34,35),(33,32)),((0,1),36)),(((((2,3),((6,7),(5,4))),(8,9)),((((15,16),(14,13)),((10,11),12)),((17,(18,19)),20))),(((23,24),(22,21)),((30,31),(((27,28),29),(25,26))))));
Tree Score: 12491.393426202674
Score Improvement: 0.0

TOTAL STEPS: 12
TOTAL TIME: 134.680733776 seconds
Final tree: Tree: ((((34,35),(33,32)),((0,1),36)),(((((2,3),((6,7),(5,4))),(8,9)),((((15,16),(14,13)),((10,11),12)),((17,(18,19)),20))),(((23,24),(22,21)),((30,31),(((27,28),29),(25,26))))));
Tree Score: 12491.393426202674
Total Score Improvement: 0.23922705663527055

--------------ITERATION 10--------------
Input tree: (((((0,1),(2,3)),(4,((5,6),7))),(((((8,((9,10),11)),((((12,(13,14)),(15,16)),(17,18)),19)),(20,(21,(22,23)))),(24,(25,26))),27)),((28,(29,30)),(((31,32),(33,34)),(35,36))));
Initial Score: 9236.710124804811

Step Number: 1
Time Spent: 11.221809352 seconds
New Tree:
Tree: (((((0,1),(2,3)),(4,((5,6),7))),((27,(24,(25,26))),(((8,((9,10),11)),((((12,(13,14)),(15,16)),(17,18)),19)),(20,(21,(22,23)))))),((28,(29,30)),(((31,32),(33,34)),(35,36))));
Tree Score: 10419.922798653974
Score Improvement: 0.12809892893268282

Step Number: 2
Time Spent: 10.91716307 seconds
New Tree:
Tree: (((27,(24,(25,26))),((((0,1),(2,3)),(4,((5,6),7))),(((8,((9,10),11)),((((12,(13,14)),(15,16)),(17,18)),19)),(20,(21,(22,23)))))),((28,(29,30)),(((31,32),(33,34)),(35,36))));
Tree Score: 11858.00859966955
Score Improvement: 0.1380130955674015

Step Number: 3
Time Spent: 10.925412163 seconds
New Tree:
Tree: (((((31,32),(33,34)),(35,36)),((((0,1),(2,3)),(4,((5,6),7))),(((8,((9,10),11)),((((12,(13,14)),(15,16)),(17,18)),19)),(20,(21,(22,23)))))),((28,(29,30)),(27,(24,(25,26)))));
Tree Score: 12474.84415137581
Score Improvement: 0.05201847734563536

Step Number: 4
Time Spent: 11.546658343 seconds
New Tree:
Tree: (((((31,32),(33,34)),(35,36)),((((0,1),(2,3)),(4,((5,6),7))),(((8,((9,10),11)),((19,(17,18)),((12,(13,14)),(15,16)))),(20,(21,(22,23)))))),((28,(29,30)),(27,(24,(25,26)))));
Tree Score: 12721.266101015493
Score Improvement: 0.01975350927430286

Step Number: 5
Time Spent: 11.44361563 seconds
New Tree:
Tree: (((((31,32),(33,34)),(35,36)),((((0,1),(2,3)),(4,((5,6),7))),(((8,((9,10),11)),((19,(17,18)),((12,(13,14)),(15,16)))),((22,23),(21,20))))),((28,(29,30)),(27,(24,(25,26)))));
Tree Score: 12773.859626039624
Score Improvement: 0.004134299574154232

Step Number: 6
Time Spent: 11.943339374 seconds
New Tree:
Tree: (((((31,32),(33,34)),(35,36)),((((0,1),(2,3)),(7,((5,6),4))),(((8,((9,10),11)),((19,(17,18)),((12,(13,14)),(15,16)))),((22,23),(21,20))))),((28,(29,30)),(27,(24,(25,26)))));
Tree Score: 12775.57315092168
Score Improvement: 1.3414308065229363E-4

Step Number: 7
Time Spent: 11.434350695 seconds
New Tree:
Tree: (((((31,32),(33,34)),(35,36)),((((0,1),(2,3)),(7,((5,4),6))),(((8,((9,10),11)),((19,(17,18)),((12,(13,14)),(15,16)))),((22,23),(21,20))))),((28,(29,30)),(27,(24,(25,26)))));
Tree Score: 12777.063025916777
Score Improvement: 1.1661903364301729E-4

Step Number: 8
Time Spent: 11.049340492 seconds
New Tree:
Tree: (((((31,32),(33,34)),(35,36)),((((0,1),(2,3)),((5,4),(7,6))),(((8,((9,10),11)),((19,(17,18)),((12,(13,14)),(15,16)))),((22,23),(21,20))))),((28,(29,30)),(27,(24,(25,26)))));
Tree Score: 12787.49935146773
Score Improvement: 8.168016021978808E-4

Step Number: 9
Time Spent: 10.631672925 seconds
New Tree:
Tree: (((((31,32),(33,34)),(35,36)),((((0,1),(2,3)),((5,4),(7,6))),(((8,((9,10),11)),((19,(17,18)),((12,(13,14)),(15,16)))),((22,23),(21,20))))),((28,(29,30)),(27,(24,(25,26)))));
Tree Score: 12787.49935146773
Score Improvement: 0.0

TOTAL STEPS: 9
TOTAL TIME: 101.113362044 seconds
Final tree: Tree: (((((31,32),(33,34)),(35,36)),((((0,1),(2,3)),((5,4),(7,6))),(((8,((9,10),11)),((19,(17,18)),((12,(13,14)),(15,16)))),((22,23),(21,20))))),((28,(29,30)),(27,(24,(25,26)))));
Tree Score: 12787.49935146773
Total Score Improvement: 0.3844214204717129

--------------ITERATION 11--------------
Input tree: (((0,1),(2,3)),(((4,5),(((6,7),8),9)),((((10,(11,12)),13),(14,(15,16))),((17,(((18,((19,20),21)),22),((23,(24,25)),26))),((27,(28,29)),(((30,31),(32,(33,34))),(35,36)))))));
Initial Score: 11289.73392365576

Step Number: 1
Time Spent: 9.791327655 seconds
New Tree:
Tree: (((0,1),(2,3)),(((4,5),(((6,7),8),9)),((((10,13),(11,12)),(14,(15,16))),((17,(((18,((19,20),21)),22),((23,(24,25)),26))),((27,(28,29)),(((30,31),(32,(33,34))),(35,36)))))));
Tree Score: 11377.442424145353
Score Improvement: 0.0077688722411619615

Step Number: 2
Time Spent: 9.555618141 seconds
New Tree:
Tree: (((0,1),(2,3)),(((4,5),(((6,7),8),9)),((((10,13),(11,12)),(14,(15,16))),((17,(((18,((19,20),21)),22),((23,(24,25)),26))),((27,(28,29)),(((30,31),(34,(33,32))),(35,36)))))));
Tree Score: 11393.37204922951
Score Improvement: 0.0014001059720023523

Step Number: 3
Time Spent: 8.617333182 seconds
New Tree:
Tree: (((0,1),(2,3)),(((4,5),(((8,7),6),9)),((((10,13),(11,12)),(14,(15,16))),((17,(((18,((19,20),21)),22),((23,(24,25)),26))),((27,(28,29)),(((30,31),(34,(33,32))),(35,36)))))));
Tree Score: 11403.46612428344
Score Improvement: 8.859602767570252E-4

Step Number: 4
Time Spent: 8.027061542 seconds
New Tree:
Tree: (((0,1),(2,3)),(((4,5),(((8,7),6),9)),((((10,13),(11,12)),(14,(15,16))),((17,(((18,((19,20),21)),22),((25,(24,23)),26))),((27,(28,29)),(((30,31),(34,(33,32))),(35,36)))))));
Tree Score: 11404.477024289139
Score Improvement: 8.864848587974983E-5

Step Number: 5
Time Spent: 8.025723942 seconds
New Tree:
Tree: (((0,1),(2,3)),(((4,5),(((8,7),6),9)),((((10,13),(11,12)),(14,(15,16))),((17,(((18,((19,20),21)),22),((25,26),(24,23)))),((27,(28,29)),(((30,31),(34,(33,32))),(35,36)))))));
Tree Score: 11522.592223989137
Score Improvement: 0.01035691504734837

Step Number: 6
Time Spent: 7.462450707 seconds
New Tree:
Tree: (((0,1),(2,3)),(((4,5),(((8,7),6),9)),((((10,13),(11,12)),(14,(15,16))),((17,(((22,((19,20),21)),18),((25,26),(24,23)))),((27,(28,29)),(((30,31),(34,(33,32))),(35,36)))))));
Tree Score: 11523.074649678834
Score Improvement: 4.186780893733477E-5

Step Number: 7
Time Spent: 6.906077093 seconds
New Tree:
Tree: (((0,1),(2,3)),(((4,5),(((8,7),6),9)),((((10,13),(11,12)),(14,(15,16))),((17,(((22,((19,20),21)),18),((25,26),(24,23)))),((27,(28,29)),(((30,31),(34,(33,32))),(35,36)))))));
Tree Score: 11523.074649678834
Score Improvement: 0.0

TOTAL STEPS: 7
TOTAL TIME: 58.385592262 seconds
Final tree: Tree: (((0,1),(2,3)),(((4,5),(((8,7),6),9)),((((10,13),(11,12)),(14,(15,16))),((17,(((22,((19,20),21)),18),((25,26),(24,23)))),((27,(28,29)),(((30,31),(34,(33,32))),(35,36)))))));
Tree Score: 11523.074649678834
Total Score Improvement: 0.020668399060685294

--------------ITERATION 12--------------
Input tree: ((0,1),(((2,((3,(4,5)),(6,7))),(((8,9),(((10,((11,(12,13)),(14,15))),(16,(17,18))),((19,(20,21)),(22,23)))),((24,(25,26)),((27,28),29)))),((30,(31,32)),(((33,34),35),36))));
Initial Score: 9827.269050254914

Step Number: 1
Time Spent: 10.368291806 seconds
New Tree:
Tree: ((0,1),(((2,((3,(4,5)),(6,7))),((((19,(20,21)),(22,23)),(((10,((11,(12,13)),(14,15))),(16,(17,18))),(8,9))),((24,(25,26)),((27,28),29)))),((30,(31,32)),(((33,34),35),36))));
Tree Score: 11312.821399656406
Score Improvement: 0.1511663455843777

Step Number: 2
Time Spent: 9.835409797 seconds
New Tree:
Tree: ((0,1),((((24,(25,26)),((27,28),29)),((((19,(20,21)),(22,23)),(((10,((11,(12,13)),(14,15))),(16,(17,18))),(8,9))),(2,((3,(4,5)),(6,7))))),((30,(31,32)),(((33,34),35),36))));
Tree Score: 11914.863675357123
Score Improvement: 0.05321769472282156

Step Number: 3
Time Spent: 9.018383413 seconds
New Tree:
Tree: ((0,1),((((24,(25,26)),((27,28),29)),((((19,(20,21)),(22,23)),((((14,15),((11,(12,13)),10)),(16,(17,18))),(8,9))),(2,((3,(4,5)),(6,7))))),((30,(31,32)),(((33,34),35),36))));
Tree Score: 12008.89150041463
Score Improvement: 0.007891640862998761

Step Number: 4
Time Spent: 4.376751401 seconds
New Tree:
Tree: ((0,1),((((24,(25,26)),((27,28),29)),((((19,(20,21)),(22,23)),((((14,15),((11,(12,13)),10)),(16,(17,18))),(8,9))),(2,((3,(4,5)),(6,7))))),((30,(31,32)),(((35,34),33),36))));
Tree Score: 12017.419275418204
Score Improvement: 7.101217463143517E-4

Step Number: 5
Time Spent: 4.381331244 seconds
New Tree:
Tree: ((0,1),((((24,(25,26)),((27,28),29)),((((21,(20,19)),(22,23)),((((14,15),((11,(12,13)),10)),(16,(17,18))),(8,9))),(2,((3,(4,5)),(6,7))))),((30,(31,32)),(((35,34),33),36))));
Tree Score: 12025.779875383061
Score Improvement: 6.957067714163934E-4

Step Number: 6
Time Spent: 4.088603097 seconds
New Tree:
Tree: ((0,1),((((24,(25,26)),((27,28),29)),((((21,(20,19)),(22,23)),((((14,15),((13,(12,11)),10)),(16,(17,18))),(8,9))),(2,((3,(4,5)),(6,7))))),((30,(31,32)),(((35,34),33),36))));
Tree Score: 12028.736450571847
Score Improvement: 2.4585309388847065E-4

Step Number: 7
Time Spent: 4.090096792 seconds
New Tree:
Tree: ((0,1),((((24,(25,26)),((27,28),29)),((((21,(20,19)),(22,23)),((((14,15),((13,10),(12,11))),(16,(17,18))),(8,9))),(2,((3,(4,5)),(6,7))))),((30,(31,32)),(((35,34),33),36))));
Tree Score: 12101.131800610852
Score Improvement: 0.0060185332296947

Step Number: 8
Time Spent: 3.796394779 seconds
New Tree:
Tree: ((0,1),((((24,(25,26)),((27,28),29)),((((21,(20,19)),(22,23)),((((14,15),((13,10),(12,11))),(16,(17,18))),(8,9))),(2,((3,(4,5)),(6,7))))),((30,(31,32)),(((35,34),33),36))));
Tree Score: 12101.131800610852
Score Improvement: 0.0

TOTAL STEPS: 8
TOTAL TIME: 49.955262329 seconds
Final tree: Tree: ((0,1),((((24,(25,26)),((27,28),29)),((((21,(20,19)),(22,23)),((((14,15),((13,10),(12,11))),(16,(17,18))),(8,9))),(2,((3,(4,5)),(6,7))))),((30,(31,32)),(((35,34),33),36))));
Tree Score: 12101.131800610852
Total Score Improvement: 0.2313829751406833

--------------ITERATION 13--------------
Input tree: (((((0,1),(((2,3),(((4,(5,6)),(7,8)),9)),((10,(((11,((12,13),14)),15),16)),(17,18)))),(((19,((20,(21,22)),23)),24),25)),(26,27)),((28,((29,30),(31,32))),((33,34),(35,36))));
Initial Score: 8126.502177506349

Step Number: 1
Time Spent: 5.830179731 seconds
New Tree:
Tree: (((((((19,((20,(21,22)),23)),24),25),(((2,3),(((4,(5,6)),(7,8)),9)),((10,(((11,((12,13),14)),15),16)),(17,18)))),(0,1)),(26,27)),((28,((29,30),(31,32))),((33,34),(35,36))));
Tree Score: 9323.723800338934
Score Improvement: 0.14732311598296488

Step Number: 2
Time Spent: 5.656234708 seconds
New Tree:
Tree: (((((((19,((20,(21,22)),23)),24),25),(((2,3),(((4,(5,6)),(7,8)),9)),((10,(((11,((12,13),14)),15),16)),(17,18)))),(0,1)),((33,34),(35,36))),((28,((29,30),(31,32))),(26,27)));
Tree Score: 9656.966650204047
Score Improvement: 0.03574139013566646

Step Number: 3
Time Spent: 6.255621053 seconds
New Tree:
Tree: (((((33,34),(35,36)),(0,1)),((((19,((20,(21,22)),23)),24),25),(((2,3),(((4,(5,6)),(7,8)),9)),((10,(((11,((12,13),14)),15),16)),(17,18))))),((28,((29,30),(31,32))),(26,27)));
Tree Score: 10940.80399995182
Score Improvement: 0.1329441631364281

Step Number: 4
Time Spent: 5.58504863 seconds
New Tree:
Tree: (((((33,34),(35,36)),(0,1)),((((19,((20,(21,22)),23)),24),25),(((2,3),(((4,(5,6)),(7,8)),9)),((10,(((11,((12,13),14)),15),16)),(17,18))))),((28,(26,27)),((29,30),(31,32))));
Tree Score: 11251.025549975004
Score Improvement: 0.028354547803301156

Step Number: 5
Time Spent: 5.615924273 seconds
New Tree:
Tree: (((((33,34),(35,36)),(0,1)),(((25,24),(19,((20,(21,22)),23))),(((2,3),(((4,(5,6)),(7,8)),9)),((10,(((11,((12,13),14)),15),16)),(17,18))))),((28,(26,27)),((29,30),(31,32))));
Tree Score: 11535.819124653715
Score Improvement: 0.025312676912314425

Step Number: 6
Time Spent: 5.265840231 seconds
New Tree:
Tree: (((((33,34),(35,36)),(0,1)),(((25,24),(19,((20,(21,22)),23))),(((2,3),((9,(7,8)),(4,(5,6)))),((10,(((11,((12,13),14)),15),16)),(17,18))))),((28,(26,27)),((29,30),(31,32))));
Tree Score: 11620.552774405178
Score Improvement: 0.007345265111722732

Step Number: 7
Time Spent: 5.219097135 seconds
New Tree:
Tree: (((((33,34),(35,36)),(0,1)),(((25,24),(19,((20,(21,22)),23))),(((9,(7,8)),((2,3),(4,(5,6)))),((10,(((11,((12,13),14)),15),16)),(17,18))))),((28,(26,27)),((29,30),(31,32))));
Tree Score: 11809.552723920116
Score Improvement: 0.01626428218898668

Step Number: 8
Time Spent: 4.642532266 seconds
New Tree:
Tree: (((((33,34),(35,36)),(0,1)),(((25,24),(19,((20,(21,22)),23))),(((9,(7,8)),((2,3),(4,(5,6)))),((10,(((14,((12,13),11)),15),16)),(17,18))))),((28,(26,27)),((29,30),(31,32))));
Tree Score: 11814.654898630599
Score Improvement: 4.320379297810817E-4

Step Number: 9
Time Spent: 4.359110262 seconds
New Tree:
Tree: (((((33,34),(35,36)),(0,1)),(((25,24),(19,((20,(21,22)),23))),(((9,(7,8)),((2,3),(4,(5,6)))),((10,(((14,((12,11),13)),15),16)),(17,18))))),((28,(26,27)),((29,30),(31,32))));
Tree Score: 11821.363073920975
Score Improvement: 5.677842770637209E-4

Step Number: 10
Time Spent: 4.347561795 seconds
New Tree:
Tree: (((((33,34),(35,36)),(0,1)),(((25,24),(19,((20,(21,22)),23))),(((9,(7,8)),((2,3),(4,(5,6)))),((10,((((12,11),(14,13)),15),16)),(17,18))))),((28,(26,27)),((29,30),(31,32))));
Tree Score: 11874.7130236832
Score Improvement: 0.00451301169151308

Step Number: 11
Time Spent: 4.092669955 seconds
New Tree:
Tree: (((((33,34),(35,36)),(0,1)),(((25,24),(19,((22,(21,20)),23))),(((9,(7,8)),((2,3),(4,(5,6)))),((10,((((12,11),(14,13)),15),16)),(17,18))))),((28,(26,27)),((29,30),(31,32))));
Tree Score: 11877.622623631874
Score Improvement: 2.450248644216835E-4

Step Number: 12
Time Spent: 3.75719559 seconds
New Tree:
Tree: (((((33,34),(35,36)),(0,1)),(((25,24),(19,((22,(21,20)),23))),(((9,(7,8)),((2,3),(4,(5,6)))),((10,((((12,11),(14,13)),15),16)),(17,18))))),((26,(28,27)),((29,30),(31,32))));
Tree Score: 11879.224098498145
Score Improvement: 1.3483126354629782E-4

Step Number: 13
Time Spent: 3.48761976 seconds
New Tree:
Tree: (((((33,34),(35,36)),(0,1)),(((25,24),(19,((22,(21,20)),23))),(((9,(7,8)),((2,3),(4,(5,6)))),((10,((((12,11),(14,13)),15),16)),(17,18))))),((26,(28,27)),((29,30),(31,32))));
Tree Score: 11879.224098498145
Score Improvement: 0.0

TOTAL STEPS: 13
TOTAL TIME: 64.114635389 seconds
Final tree: Tree: (((((33,34),(35,36)),(0,1)),(((25,24),(19,((22,(21,20)),23))),(((9,(7,8)),((2,3),(4,(5,6)))),((10,((((12,11),(14,13)),15),16)),(17,18))))),((26,(28,27)),((29,30),(31,32))));
Tree Score: 11879.224098498145
Total Score Improvement: 0.4617880902535283

--------------ITERATION 14--------------
Input tree: ((((((0,(1,2)),((3,4),(5,6))),((7,(8,(9,10))),11)),12),((((13,(14,15)),((16,(17,18)),(19,20))),(21,(22,(23,24)))),(25,((26,27),((28,29),30))))),(31,((32,(33,34)),(35,36))));
Initial Score: 8809.654350696772

Step Number: 1
Time Spent: 6.219763771 seconds
New Tree:
Tree: (((25,((26,27),((28,29),30))),((((13,(14,15)),((16,(17,18)),(19,20))),(21,(22,(23,24)))),((((0,(1,2)),((3,4),(5,6))),((7,(8,(9,10))),11)),12))),(31,((32,(33,34)),(35,36))));
Tree Score: 10740.254278137232
Score Improvement: 0.21914593360723233

Step Number: 2
Time Spent: 6.162679835 seconds
New Tree:
Tree: (((25,((26,27),((28,29),30))),((((13,(14,15)),((16,(17,18)),(19,20))),(21,(22,(23,24)))),((12,((7,(8,(9,10))),11)),((0,(1,2)),((3,4),(5,6)))))),(31,((32,(33,34)),(35,36))));
Tree Score: 11810.083677076851
Score Improvement: 0.09960931754822178

Step Number: 3
Time Spent: 6.305227082 seconds
New Tree:
Tree: (((25,((26,27),((28,29),30))),(((0,(1,2)),((3,4),(5,6))),((12,((7,(8,(9,10))),11)),(((13,(14,15)),((16,(17,18)),(19,20))),(21,(22,(23,24))))))),(31,((32,(33,34)),(35,36))));
Tree Score: 12424.369652123336
Score Improvement: 0.05201368524075756

Step Number: 4
Time Spent: 5.97487411 seconds
New Tree:
Tree: (((25,((26,27),((28,29),30))),(((0,(1,2)),((3,4),(5,6))),(((7,(8,(9,10))),(12,11)),(((13,(14,15)),((16,(17,18)),(19,20))),(21,(22,(23,24))))))),(31,((32,(33,34)),(35,36))));
Tree Score: 12982.263077614974
Score Improvement: 0.04490315735223582

Step Number: 5
Time Spent: 5.679103746 seconds
New Tree:
Tree: (((25,((26,27),((28,29),30))),(((0,(1,2)),((3,4),(5,6))),(((7,(8,(9,10))),(12,11)),(((13,(14,15)),((16,(17,18)),(19,20))),(21,(22,(23,24))))))),((35,36),((32,(33,34)),31)));
Tree Score: 13110.748952726979
Score Improvement: 0.009897032154089436

Step Number: 6
Time Spent: 5.398965889 seconds
New Tree:
Tree: (((25,((26,27),((28,29),30))),(((0,(1,2)),((3,4),(5,6))),((((9,10),(8,7)),(12,11)),(((13,(14,15)),((16,(17,18)),(19,20))),(21,(22,(23,24))))))),((35,36),((32,(33,34)),31)));
Tree Score: 13212.407928653207
Score Improvement: 0.007753864885429174

Step Number: 7
Time Spent: 5.134529817 seconds
New Tree:
Tree: (((25,((26,27),((28,29),30))),(((0,(1,2)),((3,4),(5,6))),((((9,10),(8,7)),(12,11)),(((13,(14,15)),((16,(17,18)),(19,20))),(21,(22,(23,24))))))),((35,36),((32,31),(33,34))));
Tree Score: 13263.960903732077
Score Improvement: 0.003901860687109737

Step Number: 8
Time Spent: 5.106491125 seconds
New Tree:
Tree: (((25,((26,27),((28,29),30))),(((0,(1,2)),((3,4),(5,6))),((((9,10),(8,7)),(12,11)),(((13,(14,15)),((16,(17,18)),(19,20))),((23,24),(22,21)))))),((35,36),((32,31),(33,34))));
Tree Score: 13281.060603639082
Score Improvement: 0.0012891850353835554

Step Number: 9
Time Spent: 4.841200477 seconds
New Tree:
Tree: (((25,((26,27),((28,30),29))),(((0,(1,2)),((3,4),(5,6))),((((9,10),(8,7)),(12,11)),(((13,(14,15)),((16,(17,18)),(19,20))),((23,24),(22,21)))))),((35,36),((32,31),(33,34))));
Tree Score: 13296.1420287769
Score Improvement: 0.0011355587921708654

Step Number: 10
Time Spent: 4.556807399 seconds
New Tree:
Tree: (((25,((26,27),((28,30),29))),(((0,(1,2)),((3,4),(5,6))),((((9,10),(8,7)),(12,11)),(((13,(14,15)),((16,(17,18)),(19,20))),((23,24),(22,21)))))),((35,36),((32,31),(33,34))));
Tree Score: 13296.1420287769
Score Improvement: 0.0

TOTAL STEPS: 10
TOTAL TIME: 55.379643251 seconds
Final tree: Tree: (((25,((26,27),((28,30),29))),(((0,(1,2)),((3,4),(5,6))),((((9,10),(8,7)),(12,11)),(((13,(14,15)),((16,(17,18)),(19,20))),((23,24),(22,21)))))),((35,36),((32,31),(33,34))));
Tree Score: 13296.1420287769
Total Score Improvement: 0.5092694332241632

--------------ITERATION 15--------------
Input tree: ((0,(((1,2),3),((((4,(5,6)),(((7,8),9),(10,11))),12),((13,14),((15,16),17))))),((((((18,19),20),((21,22),23)),(24,(25,26))),27),(28,(29,(30,((((31,(32,33)),34),35),36))))));
Initial Score: 7041.379149765953

Step Number: 1
Time Spent: 5.717035805 seconds
New Tree:
Tree: ((((((4,(5,6)),(((7,8),9),(10,11))),12),((13,14),((15,16),17))),(((1,2),3),0)),((((((18,19),20),((21,22),23)),(24,(25,26))),27),(28,(29,(30,((((31,(32,33)),34),35),36))))));
Tree Score: 8590.745151353314
Score Improvement: 0.2200372922169458

Step Number: 2
Time Spent: 5.558127888 seconds
New Tree:
Tree: (((28,(29,(30,((((31,(32,33)),34),35),36)))),(((1,2),3),0)),((((((18,19),20),((21,22),23)),(24,(25,26))),27),((((4,(5,6)),(((7,8),9),(10,11))),12),((13,14),((15,16),17)))));
Tree Score: 10040.719676381688
Score Improvement: 0.16878332431965548

Step Number: 3
Time Spent: 5.230539512 seconds
New Tree:
Tree: (((28,(29,(30,((((31,(32,33)),34),35),36)))),(((1,2),3),0)),(((27,(24,(25,26))),(((18,19),20),((21,22),23))),((((4,(5,6)),(((7,8),9),(10,11))),12),((13,14),((15,16),17)))));
Tree Score: 10545.3698250258
Score Improvement: 0.05026035631999326

Step Number: 4
Time Spent: 5.135142186 seconds
New Tree:
Tree: ((((30,((((31,(32,33)),34),35),36)),(29,28)),(((1,2),3),0)),(((27,(24,(25,26))),(((18,19),20),((21,22),23))),((((4,(5,6)),(((7,8),9),(10,11))),12),((13,14),((15,16),17)))));
Tree Score: 10881.702500202007
Score Improvement: 0.03189387197953342

Step Number: 5
Time Spent: 4.910226992 seconds
New Tree:
Tree: ((((30,(29,28)),((((31,(32,33)),34),35),36)),(((1,2),3),0)),(((27,(24,(25,26))),(((18,19),20),((21,22),23))),((((4,(5,6)),(((7,8),9),(10,11))),12),((13,14),((15,16),17)))));
Tree Score: 11179.078725566402
Score Improvement: 0.027328097359661685

Step Number: 6
Time Spent: 4.872148476 seconds
New Tree:
Tree: ((((30,(29,28)),((((31,(32,33)),34),35),36)),(((1,2),3),0)),(((27,(24,(25,26))),(((18,19),20),((21,22),23))),(((12,(((7,8),9),(10,11))),(4,(5,6))),((13,14),((15,16),17)))));
Tree Score: 11405.335300291203
Score Improvement: 0.020239286284598368

Step Number: 7
Time Spent: 5.112747508 seconds
New Tree:
Tree: ((((30,(29,28)),((((31,(32,33)),34),35),36)),(((1,2),3),0)),(((27,(24,(25,26))),(((18,19),20),((21,22),23))),(((((7,8),9),(12,(10,11))),(4,(5,6))),((13,14),((15,16),17)))));
Tree Score: 11631.913875813842
Score Improvement: 0.019866016171997458

Step Number: 8
Time Spent: 4.83526718 seconds
New Tree:
Tree: ((((30,(29,28)),(((35,34),(31,(32,33))),36)),(((1,2),3),0)),(((27,(24,(25,26))),(((18,19),20),((21,22),23))),(((((7,8),9),(12,(10,11))),(4,(5,6))),((13,14),((15,16),17)))));
Tree Score: 11760.590075621161
Score Improvement: 0.0110623411745574

Step Number: 9
Time Spent: 4.525527933 seconds
New Tree:
Tree: ((((30,(29,28)),(((35,34),36),(31,(32,33)))),(((1,2),3),0)),(((27,(24,(25,26))),(((18,19),20),((21,22),23))),(((((7,8),9),(12,(10,11))),(4,(5,6))),((13,14),((15,16),17)))));
Tree Score: 11793.780125713687
Score Improvement: 0.002822141565951286

Step Number: 10
Time Spent: 4.22296711 seconds
New Tree:
Tree: ((((30,(29,28)),(((35,34),36),(31,(32,33)))),(((3,2),1),0)),(((27,(24,(25,26))),(((18,19),20),((21,22),23))),(((((7,8),9),(12,(10,11))),(4,(5,6))),((13,14),((15,16),17)))));
Tree Score: 11811.131350940805
Score Improvement: 0.0014712183067824292

Step Number: 11
Time Spent: 3.954735725 seconds
New Tree:
Tree: ((((30,(29,28)),(((35,34),36),(33,(32,31)))),(((3,2),1),0)),(((27,(24,(25,26))),(((18,19),20),((21,22),23))),(((((7,8),9),(12,(10,11))),(4,(5,6))),((13,14),((15,16),17)))));
Tree Score: 11818.189401174675
Score Improvement: 5.975761359480192E-4

Step Number: 12
Time Spent: 3.671176132 seconds
New Tree:
Tree: ((((30,(29,28)),(((35,34),36),(33,(32,31)))),(((3,2),1),0)),(((27,(24,(25,26))),(((18,19),20),((21,22),23))),(((((7,8),9),(12,(10,11))),(4,(5,6))),((13,14),((15,16),17)))));
Tree Score: 11818.189401174675
Score Improvement: 0.0

TOTAL STEPS: 12
TOTAL TIME: 57.745642447 seconds
Final tree: Tree: ((((30,(29,28)),(((35,34),36),(33,(32,31)))),(((3,2),1),0)),(((27,(24,(25,26))),(((18,19),20),((21,22),23))),(((((7,8),9),(12,(10,11))),(4,(5,6))),((13,14),((15,16),17)))));
Tree Score: 11818.189401174675
Total Score Improvement: 0.6783912852594365

--------------ITERATION 16--------------
Input tree: ((0,1),((((((2,3),4),(5,(6,7))),((((8,9),(10,((11,12),13))),(14,((15,(((16,(17,18)),19),20)),(21,(22,23))))),((24,25),26))),27),(((28,29),(30,31)),(((32,33),34),(35,36)))));
Initial Score: 8755.711501293323

Step Number: 1
Time Spent: 5.810581848 seconds
New Tree:
Tree: ((0,1),(((((24,25),26),((((8,9),(10,((11,12),13))),(14,((15,(((16,(17,18)),19),20)),(21,(22,23))))),(((2,3),4),(5,(6,7))))),27),(((28,29),(30,31)),(((32,33),34),(35,36)))));
Tree Score: 10061.181674536401
Score Improvement: 0.1490992677237304

Step Number: 2
Time Spent: 8.425660205 seconds
New Tree:
Tree: ((0,1),(((((24,25),26),27),((((8,9),(10,((11,12),13))),(14,((15,(((16,(17,18)),19),20)),(21,(22,23))))),(((2,3),4),(5,(6,7))))),(((28,29),(30,31)),(((32,33),34),(35,36)))));
Tree Score: 10793.497299507344
Score Improvement: 0.07278624406756729

Step Number: 3
Time Spent: 8.122693815 seconds
New Tree:
Tree: ((0,1),(((((24,25),26),27),((((15,(((16,(17,18)),19),20)),(21,(22,23))),(14,((8,9),(10,((11,12),13))))),(((2,3),4),(5,(6,7))))),(((28,29),(30,31)),(((32,33),34),(35,36)))));
Tree Score: 11390.46257614539
Score Improvement: 0.055307863621302245

Step Number: 4
Time Spent: 7.748061049 seconds
New Tree:
Tree: ((0,1),(((((24,25),26),27),((((15,((20,19),(16,(17,18)))),(21,(22,23))),(14,((8,9),(10,((11,12),13))))),(((2,3),4),(5,(6,7))))),(((28,29),(30,31)),(((32,33),34),(35,36)))));
Tree Score: 11540.845976090142
Score Improvement: 0.013202571795432938

Step Number: 5
Time Spent: 7.30564187 seconds
New Tree:
Tree: ((0,1),((((27,26),(24,25)),((((15,((20,19),(16,(17,18)))),(21,(22,23))),(14,((8,9),(10,((11,12),13))))),(((2,3),4),(5,(6,7))))),(((28,29),(30,31)),(((32,33),34),(35,36)))));
Tree Score: 11638.738101488063
Score Improvement: 0.008482231337349821

Step Number: 6
Time Spent: 4.787784326 seconds
New Tree:
Tree: ((0,1),((((27,26),(24,25)),((((15,((20,19),(16,(17,18)))),(21,(22,23))),(14,((8,9),((11,12),(10,13))))),(((2,3),4),(5,(6,7))))),(((28,29),(30,31)),(((32,33),34),(35,36)))));
Tree Score: 11697.708351275036
Score Improvement: 0.005066721948097985

Step Number: 7
Time Spent: 4.443800151 seconds
New Tree:
Tree: ((0,1),((((27,26),(24,25)),((((15,((20,19),(16,(17,18)))),(21,(22,23))),(14,((11,12),((8,9),(10,13))))),(((2,3),4),(5,(6,7))))),(((28,29),(30,31)),(((32,33),34),(35,36)))));
Tree Score: 11755.685201171404
Score Improvement: 0.0049562570851793275

Step Number: 8
Time Spent: 6.594893038 seconds
New Tree:
Tree: ((0,1),((((27,26),(24,25)),((((15,((20,19),(16,(17,18)))),(21,(22,23))),((11,12),(14,((8,9),(10,13))))),(((2,3),4),(5,(6,7))))),(((28,29),(30,31)),(((32,33),34),(35,36)))));
Tree Score: 12231.7872510665
Score Improvement: 0.040499727727283386

Step Number: 9
Time Spent: 6.408954379 seconds
New Tree:
Tree: ((0,1),((((27,26),(24,25)),((((15,((20,19),(16,(17,18)))),(21,(22,23))),((11,12),(14,((8,9),(10,13))))),(((2,3),4),(5,(6,7))))),(((28,29),(30,31)),(((32,33),34),(35,36)))));
Tree Score: 12231.7872510665
Score Improvement: 0.0

TOTAL STEPS: 9
TOTAL TIME: 59.648070681 seconds
Final tree: Tree: ((0,1),((((27,26),(24,25)),((((15,((20,19),(16,(17,18)))),(21,(22,23))),((11,12),(14,((8,9),(10,13))))),(((2,3),4),(5,(6,7))))),(((28,29),(30,31)),(((32,33),34),(35,36)))));
Tree Score: 12231.7872510665
Total Score Improvement: 0.3970066566560262

--------------ITERATION 17--------------
Input tree: ((((0,(1,2)),3),(((4,5),((6,((7,(8,9)),(10,11))),(12,13))),14)),(((((15,(16,17)),(18,19)),(20,((21,22),(23,24)))),((25,26),27)),((((28,29),(30,31)),(32,33)),(34,(35,36)))));
Initial Score: 9391.510349087766

Step Number: 1
Time Spent: 8.915267926 seconds
New Tree:
Tree: ((((0,(1,2)),3),(((4,5),((6,((7,(8,9)),(10,11))),(12,13))),14)),((((((28,29),(30,31)),(32,33)),(34,(35,36))),((25,26),27)),(((15,(16,17)),(18,19)),(20,((21,22),(23,24))))));
Tree Score: 11169.677074708277
Score Improvement: 0.1893376740827668

Step Number: 2
Time Spent: 8.234154078 seconds
New Tree:
Tree: (((((15,(16,17)),(18,19)),(20,((21,22),(23,24)))),(((4,5),((6,((7,(8,9)),(10,11))),(12,13))),14)),((((((28,29),(30,31)),(32,33)),(34,(35,36))),((25,26),27)),((0,(1,2)),3)));
Tree Score: 11506.43422430777
Score Improvement: 0.03014922878674975

Step Number: 3
Time Spent: 5.494269349 seconds
New Tree:
Tree: (((((15,(16,17)),(18,19)),(20,((21,22),(23,24)))),(((4,5),((6,((9,(8,7)),(10,11))),(12,13))),14)),((((((28,29),(30,31)),(32,33)),(34,(35,36))),((25,26),27)),((0,(1,2)),3)));
Tree Score: 11530.920724515105
Score Improvement: 0.002128070237050972

Step Number: 4
Time Spent: 5.207173412 seconds
New Tree:
Tree: (((((15,(16,17)),(18,19)),(20,((21,22),(23,24)))),(((4,5),(((10,11),((9,(8,7)),6)),(12,13))),14)),((((((28,29),(30,31)),(32,33)),(34,(35,36))),((25,26),27)),((0,(1,2)),3)));
Tree Score: 11537.935949292267
Score Improvement: 6.083837487709243E-4

Step Number: 5
Time Spent: 5.506311452 seconds
New Tree:
Tree: (((((15,(16,17)),(18,19)),(20,((21,22),(23,24)))),(((4,5),(((10,11),((6,(8,7)),9)),(12,13))),14)),((((((28,29),(30,31)),(32,33)),(34,(35,36))),((25,26),27)),((0,(1,2)),3)));
Tree Score: 11570.933024183149
Score Improvement: 0.0028598767609648856

Step Number: 6
Time Spent: 5.225268032 seconds
New Tree:
Tree: (((((15,(16,17)),(18,19)),(20,((21,22),(23,24)))),(((4,5),(((12,13),((6,(8,7)),9)),(10,11))),14)),((((((28,29),(30,31)),(32,33)),(34,(35,36))),((25,26),27)),((0,(1,2)),3)));
Tree Score: 11597.640023440355
Score Improvement: 0.0023081111265088605

Step Number: 7
Time Spent: 4.934422736 seconds
New Tree:
Tree: (((((15,(16,17)),(18,19)),(20,((21,22),(23,24)))),(((4,5),(((12,13),((6,(8,7)),9)),(10,11))),14)),((((((32,33),(30,31)),(28,29)),(34,(35,36))),((25,26),27)),((0,(1,2)),3)));
Tree Score: 11600.984798941063
Score Improvement: 2.8840138976105045E-4

Step Number: 8
Time Spent: 4.652638719 seconds
New Tree:
Tree: (((((15,(16,17)),(18,19)),(20,((21,22),(23,24)))),(((4,5),(((12,13),((6,(8,7)),9)),(10,11))),14)),((((((32,33),(30,31)),(28,29)),(34,(35,36))),((25,26),27)),((0,(1,2)),3)));
Tree Score: 11600.984798941063
Score Improvement: 0.0

TOTAL STEPS: 8
TOTAL TIME: 48.169505704 seconds
Final tree: Tree: (((((15,(16,17)),(18,19)),(20,((21,22),(23,24)))),(((4,5),(((12,13),((6,(8,7)),9)),(10,11))),14)),((((((32,33),(30,31)),(28,29)),(34,(35,36))),((25,26),27)),((0,(1,2)),3)));
Tree Score: 11600.984798941063
Total Score Improvement: 0.2352629521478311

--------------ITERATION 18--------------
Input tree: ((((0,1),((((2,3),((4,5),(6,7))),((8,(9,10)),((11,(12,13)),(14,15)))),((16,(17,(18,19))),(20,21)))),(22,(23,((24,((25,26),(27,28))),(((29,30),(31,32)),33))))),(34,(35,36)));
Initial Score: 9414.04932375066

Step Number: 1
Time Spent: 5.564074593 seconds
New Tree:
Tree: ((((22,(23,((24,((25,26),(27,28))),(((29,30),(31,32)),33)))),((((2,3),((4,5),(6,7))),((8,(9,10)),((11,(12,13)),(14,15)))),((16,(17,(18,19))),(20,21)))),(0,1)),(34,(35,36)));
Tree Score: 10863.776874188334
Score Improvement: 0.15399617110356156

Step Number: 2
Time Spent: 5.786912568 seconds
New Tree:
Tree: ((((22,(23,(((((29,30),(31,32)),33),((25,26),(27,28))),24))),((((2,3),((4,5),(6,7))),((8,(9,10)),((11,(12,13)),(14,15)))),((16,(17,(18,19))),(20,21)))),(0,1)),(34,(35,36)));
Tree Score: 10964.019824005663
Score Improvement: 0.00922726515632899

Step Number: 3
Time Spent: 5.880658427 seconds
New Tree:
Tree: ((((22,(((((29,30),(31,32)),33),((25,26),(27,28))),(23,24))),((((2,3),((4,5),(6,7))),((8,(9,10)),((11,(12,13)),(14,15)))),((16,(17,(18,19))),(20,21)))),(0,1)),(34,(35,36)));
Tree Score: 11472.39032433182
Score Improvement: 0.04636716354827097

Step Number: 4
Time Spent: 5.579647664 seconds
New Tree:
Tree: ((((22,(((((29,30),33),(31,32)),((25,26),(27,28))),(23,24))),((((2,3),((4,5),(6,7))),((8,(9,10)),((11,(12,13)),(14,15)))),((16,(17,(18,19))),(20,21)))),(0,1)),(34,(35,36)));
Tree Score: 11523.883948653936
Score Improvement: 0.004488482597467369

Step Number: 5
Time Spent: 5.264326141 seconds
New Tree:
Tree: ((((22,(((((29,30),33),(31,32)),((25,26),(27,28))),(23,24))),((((2,3),((4,5),(6,7))),((8,(9,10)),((11,(12,13)),(14,15)))),(((18,19),(17,16)),(20,21)))),(0,1)),(34,(35,36)));
Tree Score: 11562.069423684152
Score Improvement: 0.003313594201430403

Step Number: 6
Time Spent: 4.965738311 seconds
New Tree:
Tree: ((((22,(((((29,30),33),(31,32)),((25,26),(27,28))),(23,24))),((((2,3),((4,5),(6,7))),((8,(9,10)),((11,(12,13)),(14,15)))),(((18,19),(17,16)),(20,21)))),(0,1)),(34,(35,36)));
Tree Score: 11562.069423684152
Score Improvement: 0.0

TOTAL STEPS: 6
TOTAL TIME: 33.041357704 seconds
Final tree: Tree: ((((22,(((((29,30),33),(31,32)),((25,26),(27,28))),(23,24))),((((2,3),((4,5),(6,7))),((8,(9,10)),((11,(12,13)),(14,15)))),(((18,19),(17,16)),(20,21)))),(0,1)),(34,(35,36)));
Tree Score: 11562.069423684152
Total Score Improvement: 0.22817174905959559

--------------ITERATION 19--------------
Input tree: ((0,((1,2),(3,4))),(((5,6),((7,8),((9,(10,(11,12))),13))),((14,15),(((((16,((17,18),(19,20))),(((21,22),23),24)),(((25,26),(27,(28,29))),30)),31),((32,33),((34,35),36))))));
Initial Score: 7693.150150758955

Step Number: 1
Time Spent: 6.061837962 seconds
New Tree:
Tree: ((0,((1,2),(3,4))),(((5,6),((7,8),((9,(10,(11,12))),13))),((14,15),(((31,(((25,26),(27,(28,29))),30)),((16,((17,18),(19,20))),(((21,22),23),24))),((32,33),((34,35),36))))));
Tree Score: 8731.788675484057
Score Improvement: 0.13500822216795516

Step Number: 2
Time Spent: 5.396810516 seconds
New Tree:
Tree: ((0,((1,2),(3,4))),(((5,6),((7,8),((9,(10,(11,12))),13))),((14,15),(((31,(((25,26),(27,(28,29))),30)),((32,33),((34,35),36))),((16,((17,18),(19,20))),(((21,22),23),24))))));
Tree Score: 10084.484549230705
Score Improvement: 0.1549162404198543

Step Number: 3
Time Spent: 5.125422723 seconds
New Tree:
Tree: ((0,((1,2),(3,4))),((((9,(10,(11,12))),13),((7,8),(5,6))),((14,15),(((31,(((25,26),(27,(28,29))),30)),((32,33),((34,35),36))),((16,((17,18),(19,20))),(((21,22),23),24))))));
Tree Score: 10893.639275520629
Score Improvement: 0.0802375889753979

Step Number: 4
Time Spent: 4.829913427 seconds
New Tree:
Tree: ((0,((1,2),(3,4))),((((9,(10,(11,12))),13),((7,8),(5,6))),((14,15),(((31,(((25,26),(27,(28,29))),30)),((32,33),((34,35),36))),(((19,20),((17,18),16)),(((21,22),23),24))))));
Tree Score: 11025.084875689408
Score Improvement: 0.012066270678170454

Step Number: 5
Time Spent: 4.560922238 seconds
New Tree:
Tree: ((0,((1,2),(3,4))),((((9,13),(10,(11,12))),((7,8),(5,6))),((14,15),(((31,(((25,26),(27,(28,29))),30)),((32,33),((34,35),36))),(((19,20),((17,18),16)),(((21,22),23),24))))));
Tree Score: 11128.930950617938
Score Improvement: 0.009419072605736822

Step Number: 6
Time Spent: 4.264145112 seconds
New Tree:
Tree: ((0,((1,2),(3,4))),((((31,(((25,26),(27,(28,29))),30)),((32,33),((34,35),36))),(((19,20),((17,18),16)),(((21,22),23),24))),((14,15),(((9,13),(10,(11,12))),((7,8),(5,6))))));
Tree Score: 11198.20662718522
Score Improvement: 0.006224827602460348

Step Number: 7
Time Spent: 4.220644888 seconds
New Tree:
Tree: ((0,((1,2),(3,4))),((((14,15),(((9,13),(10,(11,12))),((7,8),(5,6)))),(((19,20),((17,18),16)),(((21,22),23),24))),((31,(((25,26),(27,(28,29))),30)),((32,33),((34,35),36)))));
Tree Score: 11853.639576586658
Score Improvement: 0.058530171055272584

Step Number: 8
Time Spent: 4.198671982 seconds
New Tree:
Tree: ((0,((1,2),(3,4))),((((14,15),(((11,12),(10,(9,13))),((7,8),(5,6)))),(((19,20),((17,18),16)),(((21,22),23),24))),((31,(((25,26),(27,(28,29))),30)),((32,33),((34,35),36)))));
Tree Score: 11909.922252173299
Score Improvement: 0.004748134547452487

Step Number: 9
Time Spent: 3.928238082 seconds
New Tree:
Tree: ((0,((1,2),(3,4))),((((14,15),(((11,12),(10,(9,13))),((7,8),(5,6)))),(((19,20),((17,18),16)),(((21,22),23),24))),((31,((30,(27,(28,29))),(25,26))),((32,33),((34,35),36)))));
Tree Score: 11941.426627999866
Score Improvement: 0.002645220947669724

Step Number: 10
Time Spent: 3.909381912 seconds
New Tree:
Tree: ((0,((1,2),(3,4))),((((14,15),(((11,12),(10,(9,13))),((7,8),(5,6)))),(((19,20),((17,18),16)),(((21,22),23),24))),((31,(((28,29),(27,30)),(25,26))),((32,33),((34,35),36)))));
Tree Score: 11976.468752621437
Score Improvement: 0.0029345006851531075

Step Number: 11
Time Spent: 3.64438746 seconds
New Tree:
Tree: ((0,((1,2),(3,4))),((((14,15),(((11,12),(10,(9,13))),((7,8),(5,6)))),(((19,20),((17,18),16)),(((21,22),23),24))),((31,(((28,29),(27,30)),(25,26))),((32,33),((34,35),36)))));
Tree Score: 11976.468752621437
Score Improvement: 0.0

TOTAL STEPS: 11
TOTAL TIME: 50.140376302 seconds
Final tree: Tree: ((0,((1,2),(3,4))),((((14,15),(((11,12),(10,(9,13))),((7,8),(5,6)))),(((19,20),((17,18),16)),(((21,22),23),24))),((31,(((28,29),(27,30)),(25,26))),((32,33),((34,35),36)))));
Tree Score: 11976.468752621437
Total Score Improvement: 0.5567704409668799

--------------ITERATION 20--------------
Input tree: (((((0,1),((2,3),4)),5),((((6,7),8),(9,(10,11))),((12,13),14))),(((((15,((16,17),18)),19),(20,((21,22),23))),(((24,25),(26,(27,28))),((29,((30,31),((32,33),34))),35))),36));
Initial Score: 11858.388727698999

Step Number: 1
Time Spent: 5.97829291 seconds
New Tree:
Tree: (((((0,1),((2,3),4)),5),36),(((((15,((16,17),18)),19),(20,((21,22),23))),(((24,25),(26,(27,28))),((29,((30,31),((32,33),34))),35))),((((6,7),8),(9,(10,11))),((12,13),14))));
Tree Score: 12647.57407837041
Score Improvement: 0.06655080793801438

Step Number: 2
Time Spent: 5.672091193 seconds
New Tree:
Tree: (((((0,1),((2,3),4)),5),36),(((((15,((16,17),18)),19),(20,((21,22),23))),((((6,7),8),(9,(10,11))),((12,13),14))),(((24,25),(26,(27,28))),((29,((30,31),((32,33),34))),35))));
Tree Score: 14985.787850682216
Score Improvement: 0.18487448721969257

Step Number: 3
Time Spent: 5.39064388 seconds
New Tree:
Tree: (((((0,1),((2,3),4)),5),36),(((((15,((16,17),18)),19),(20,((21,22),23))),((((6,7),8),(9,(10,11))),((12,13),14))),(((24,25),(26,(27,28))),((((32,33),34),((30,31),29)),35))));
Tree Score: 15032.843625700567
Score Improvement: 0.003140026769844262

Step Number: 4
Time Spent: 4.843416261 seconds
New Tree:
Tree: ((((5,((2,3),4)),(0,1)),36),(((((15,((16,17),18)),19),(20,((21,22),23))),((((6,7),8),(9,(10,11))),((12,13),14))),(((24,25),(26,(27,28))),((((32,33),34),((30,31),29)),35))));
Tree Score: 15061.447650677059
Score Improvement: 0.001902768743472505

Step Number: 5
Time Spent: 4.559378536 seconds
New Tree:
Tree: (((((2,3),(5,4)),(0,1)),36),(((((15,((16,17),18)),19),(20,((21,22),23))),((((6,7),8),(9,(10,11))),((12,13),14))),(((24,25),(26,(27,28))),((((32,33),34),((30,31),29)),35))));
Tree Score: 15127.608550583944
Score Improvement: 0.004392731790553439

Step Number: 6
Time Spent: 4.549962673 seconds
New Tree:
Tree: (((((2,3),(0,1)),(5,4)),36),(((((15,((16,17),18)),19),(20,((21,22),23))),((((6,7),8),(9,(10,11))),((12,13),14))),(((24,25),(26,(27,28))),((((32,33),34),((30,31),29)),35))));
Tree Score: 15217.121275549755
Score Improvement: 0.005917176179334405

Step Number: 7
Time Spent: 4.268909755 seconds
New Tree:
Tree: (((((2,3),(0,1)),(5,4)),36),(((((15,((16,17),18)),19),(20,((21,22),23))),((((6,7),8),(11,(10,9))),((12,13),14))),(((24,25),(26,(27,28))),((((32,33),34),((30,31),29)),35))));
Tree Score: 15241.16085059382
Score Improvement: 0.001579771535546115

Step Number: 8
Time Spent: 3.988186487 seconds
New Tree:
Tree: (((((2,3),(0,1)),(5,4)),36),(((((15,((16,17),18)),19),(20,((21,22),23))),((((8,7),6),(11,(10,9))),((12,13),14))),(((24,25),(26,(27,28))),((((32,33),34),((30,31),29)),35))));
Tree Score: 15250.605525651947
Score Improvement: 6.196821325299418E-4

Step Number: 9
Time Spent: 3.704209732 seconds
New Tree:
Tree: (((((2,3),(0,1)),(5,4)),36),(((((20,((21,22),23)),19),(15,((16,17),18))),((((8,7),6),(11,(10,9))),((12,13),14))),(((24,25),(26,(27,28))),((((32,33),34),((30,31),29)),35))));
Tree Score: 15257.03825271735
Score Improvement: 4.218014199228737E-4

Step Number: 10
Time Spent: 3.425489931 seconds
New Tree:
Tree: (((((2,3),(0,1)),(5,4)),36),(((((20,19),((21,22),23)),(15,((16,17),18))),((((8,7),6),(11,(10,9))),((12,13),14))),(((24,25),(26,(27,28))),((((32,33),34),((30,31),29)),35))));
Tree Score: 15388.881951967138
Score Improvement: 0.008641500209013886

Step Number: 11
Time Spent: 3.138638231 seconds
New Tree:
Tree: (((((2,3),(0,1)),(5,4)),36),(((((20,19),((21,22),23)),(15,((16,17),18))),((((8,7),6),(11,(10,9))),((12,13),14))),(((24,25),(26,(27,28))),((((32,33),34),((30,31),29)),35))));
Tree Score: 15388.881951967138
Score Improvement: 0.0

TOTAL STEPS: 11
TOTAL TIME: 49.519219589 seconds
Final tree: Tree: (((((2,3),(0,1)),(5,4)),36),(((((20,19),((21,22),23)),(15,((16,17),18))),((((8,7),6),(11,(10,9))),((12,13),14))),(((24,25),(26,(27,28))),((((32,33),34),((30,31),29)),35))));
Tree Score: 15388.881951967138
Total Score Improvement: 0.29772115802052945

===========================================================
RESULTS FROM 20 ITERATION(S):
AVERAGE TIME PER RUN: 77.43931666 seconds
AVERAGE IMPROVEMENT: 0.3619163958123706
BEST Tree: (((((2,3),(0,1)),(5,4)),36),(((((20,19),((21,22),23)),(15,((16,17),18))),((((8,7),6),(11,(10,9))),((12,13),14))),(((24,25),(26,(27,28))),((((32,33),34),((30,31),29)),35))));
Tree Score: 15388.881951967138
BEST'S IMPROVEMENT :0.29772115802052945
