--------------ITERATION 1--------------
Input tree: (((0,(((1,2),(3,4)),((5,6),(7,8)))),(9,10)),((((11,12),((13,14),(15,16))),(17,(18,(19,20)))),(((21,((22,23),((24,25),(26,27)))),(28,((29,30),31))),(((32,33),34),(35,36)))));
Initial Score: 11607.892278146111

Step Number: 1
Time Spent: 8.987667217 seconds
New Tree:
Tree: (((0,(((1,2),(3,4)),((5,6),(7,8)))),(9,10)),((((11,12),((13,14),(15,16))),(17,(18,(19,20)))),(((((24,25),(26,27)),((22,23),21)),(28,((29,30),31))),(((32,33),34),(35,36)))));
Tree Score: 11735.171002610932
Score Improvement: 0.010964843695564275

Step Number: 2
Time Spent: 8.449918317 seconds
New Tree:
Tree: (((0,(((1,2),(3,4)),((5,6),(7,8)))),(9,10)),((((11,12),((13,14),(15,16))),(17,(18,(19,20)))),(((((24,25),(26,27)),((22,23),21)),(28,((31,30),29))),(((32,33),34),(35,36)))));
Tree Score: 11737.17212762625
Score Improvement: 1.705237200952947E-4

Step Number: 3
Time Spent: 7.925426551 seconds
New Tree:
Tree: (((0,(((1,2),(3,4)),((5,6),(7,8)))),(9,10)),((((11,12),((13,14),(15,16))),(17,(18,(19,20)))),(((((24,25),(26,27)),((22,23),21)),(28,((31,30),29))),(((32,33),34),(35,36)))));
Tree Score: 11737.17212762625
Score Improvement: 0.0

TOTAL STEPS: 3
TOTAL TIME: 25.363012085 seconds
Final tree: Tree: (((0,(((1,2),(3,4)),((5,6),(7,8)))),(9,10)),((((11,12),((13,14),(15,16))),(17,(18,(19,20)))),(((((24,25),(26,27)),((22,23),21)),(28,((31,30),29))),(((32,33),34),(35,36)))));
Tree Score: 11737.17212762625
Total Score Improvement: 0.01113723718159676

--------------ITERATION 2--------------
Input tree: (((((((0,(1,2)),3),(4,(5,6))),((7,8),(9,(10,11)))),(((12,13),(14,(15,16))),((17,((18,(19,20)),(21,(22,23)))),((((24,25),26),27),28)))),29),((30,(31,32)),(33,((34,35),36))));
Initial Score: 10096.440327676928

Step Number: 1
Time Spent: 9.898833714 seconds
New Tree:
Tree: (((((((0,(1,2)),3),(4,(5,6))),((7,8),(9,(10,11)))),(((12,13),(14,(15,16))),((17,((18,(19,20)),(21,(22,23)))),((((24,25),26),27),28)))),(33,((34,35),36))),((30,(31,32)),29));
Tree Score: 10757.496277675948
Score Improvement: 0.06547416005489537

Step Number: 2
Time Spent: 9.837780419 seconds
New Tree:
Tree: (((((((0,(1,2)),3),(4,(5,6))),((7,8),(9,(10,11)))),(((12,13),(14,(15,16))),((17,((18,(19,20)),(21,(22,23)))),((28,27),((24,25),26))))),(33,((34,35),36))),((30,(31,32)),29));
Tree Score: 11070.92222824598
Score Improvement: 0.02913558531462912

Step Number: 3
Time Spent: 9.236678561 seconds
New Tree:
Tree: (((((((0,(1,2)),3),(4,(5,6))),((7,8),(11,(10,9)))),(((12,13),(14,(15,16))),((17,((18,(19,20)),(21,(22,23)))),((28,27),((24,25),26))))),(33,((34,35),36))),((30,(31,32)),29));
Tree Score: 11092.07905335257
Score Improvement: 0.0019110264411950073

Step Number: 4
Time Spent: 8.649902826 seconds
New Tree:
Tree: (((((((0,(1,2)),3),(4,(5,6))),((7,8),(11,(10,9)))),(((12,13),(14,(15,16))),((17,((18,(19,20)),(21,(22,23)))),((28,27),((26,25),24))))),(33,((34,35),36))),((30,(31,32)),29));
Tree Score: 11110.714603225684
Score Improvement: 0.0016800772680647391

Step Number: 5
Time Spent: 8.082010429 seconds
New Tree:
Tree: (((((((0,(1,2)),3),(4,(5,6))),((7,8),(11,(10,9)))),(((28,27),((26,25),24)),((17,((18,(19,20)),(21,(22,23)))),((12,13),(14,(15,16)))))),(33,((34,35),36))),((30,(31,32)),29));
Tree Score: 11121.011023897428
Score Improvement: 9.267109307942167E-4

Step Number: 6
Time Spent: 8.083265407 seconds
New Tree:
Tree: (((((28,27),((26,25),24)),(((((0,(1,2)),3),(4,(5,6))),((7,8),(11,(10,9)))),((17,((18,(19,20)),(21,(22,23)))),((12,13),(14,(15,16)))))),(33,((34,35),36))),((30,(31,32)),29));
Tree Score: 12688.639027803974
Score Improvement: 0.14096092527360526

Step Number: 7
Time Spent: 7.531375743 seconds
New Tree:
Tree: (((((28,27),((26,25),24)),((((17,((18,(19,20)),(21,(22,23)))),((12,13),(14,(15,16)))),((7,8),(11,(10,9)))),(((0,(1,2)),3),(4,(5,6))))),(33,((34,35),36))),((30,(31,32)),29));
Tree Score: 12929.784504027555
Score Improvement: 0.019004833827739098

Step Number: 8
Time Spent: 7.582766985 seconds
New Tree:
Tree: (((((28,27),((26,25),24)),(((((7,8),(11,(10,9))),((12,13),(14,(15,16)))),(17,((18,(19,20)),(21,(22,23))))),(((0,(1,2)),3),(4,(5,6))))),(33,((34,35),36))),((30,(31,32)),29));
Tree Score: 13845.158675740166
Score Improvement: 0.07079577942134119

Step Number: 9
Time Spent: 6.971228534 seconds
New Tree:
Tree: ((33,((((28,27),((26,25),24)),(((((7,8),(11,(10,9))),((12,13),(14,(15,16)))),(17,((18,(19,20)),(21,(22,23))))),(((0,(1,2)),3),(4,(5,6))))),((34,35),36))),((30,(31,32)),29));
Tree Score: 13890.254126141472
Score Improvement: 0.0032571277410005095

Step Number: 10
Time Spent: 6.985008569 seconds
New Tree:
Tree: ((33,29),((30,(31,32)),((((28,27),((26,25),24)),(((((7,8),(11,(10,9))),((12,13),(14,(15,16)))),(17,((18,(19,20)),(21,(22,23))))),(((0,(1,2)),3),(4,(5,6))))),((34,35),36))));
Tree Score: 14079.468776057167
Score Improvement: 0.013622115779695632

Step Number: 11
Time Spent: 6.42911218 seconds
New Tree:
Tree: ((33,29),((30,(31,32)),((((28,27),((26,25),24)),(((((7,8),(11,(10,9))),((15,16),(14,(12,13)))),(17,((18,(19,20)),(21,(22,23))))),(((0,(1,2)),3),(4,(5,6))))),((34,35),36))));
Tree Score: 14093.787775641931
Score Improvement: 0.0010170127731747858

Step Number: 12
Time Spent: 6.426236465 seconds
New Tree:
Tree: ((33,29),((30,(31,32)),((((28,27),((26,25),24)),(((((7,8),(11,(10,9))),((15,16),(14,(12,13)))),(17,((18,(19,20)),(23,(22,21))))),(((0,(1,2)),3),(4,(5,6))))),((34,35),36))));
Tree Score: 14096.422325682519
Score Improvement: 1.8692987878954348E-4

Step Number: 13
Time Spent: 5.848082008 seconds
New Tree:
Tree: ((33,29),((30,(31,32)),((((28,27),((26,25),24)),(((((7,8),(11,(10,9))),((15,16),(12,(14,13)))),(17,((18,(19,20)),(23,(22,21))))),(((0,(1,2)),3),(4,(5,6))))),((34,35),36))));
Tree Score: 14098.708275717376
Score Improvement: 1.6216526307477608E-4

Step Number: 14
Time Spent: 5.272084949 seconds
New Tree:
Tree: ((33,29),((30,(31,32)),((((28,27),((26,25),24)),(((((7,8),(11,(10,9))),((15,16),(12,(14,13)))),(17,((18,(19,20)),(23,(22,21))))),(((0,(1,2)),3),(4,(5,6))))),((34,35),36))));
Tree Score: 14098.708275717376
Score Improvement: 0.0

TOTAL STEPS: 14
TOTAL TIME: 106.834366789 seconds
Final tree: Tree: ((33,29),((30,(31,32)),((((28,27),((26,25),24)),(((((7,8),(11,(10,9))),((15,16),(12,(14,13)))),(17,((18,(19,20)),(23,(22,21))))),(((0,(1,2)),3),(4,(5,6))))),((34,35),36))));
Tree Score: 14098.708275717376
Total Score Improvement: 0.3964038629604145

--------------ITERATION 3--------------
Input tree: ((0,1),((((2,3),(((4,5),(6,(7,8))),(9,10))),((11,12),13)),((14,((15,16),(17,18))),(((19,((20,(21,22)),(23,(24,25)))),((26,27),(28,(29,(30,31))))),((32,33),(34,(35,36)))))));
Initial Score: 9705.619401378266

Step Number: 1
Time Spent: 10.197230039 seconds
New Tree:
Tree: ((0,1),((((2,3),(((4,5),(6,(7,8))),(9,10))),((11,12),13)),((14,((15,16),(17,18))),((((32,33),(34,(35,36))),((26,27),(28,(29,(30,31))))),(19,((20,(21,22)),(23,(24,25))))))));
Tree Score: 10031.3697763292
Score Improvement: 0.03356306913340079

Step Number: 2
Time Spent: 9.60713391 seconds
New Tree:
Tree: ((0,1),((((2,3),(((4,5),(6,(7,8))),(9,10))),((11,12),13)),((14,((15,16),(17,18))),((((32,33),(34,(35,36))),((29,(30,31)),(28,(26,27)))),(19,((20,(21,22)),(23,(24,25))))))));
Tree Score: 10144.496725888166
Score Improvement: 0.011277318260753288

Step Number: 3
Time Spent: 9.600830734 seconds
New Tree:
Tree: ((0,1),((((2,3),(((9,10),(6,(7,8))),(4,5))),((11,12),13)),((14,((15,16),(17,18))),((((32,33),(34,(35,36))),((29,(30,31)),(28,(26,27)))),(19,((20,(21,22)),(23,(24,25))))))));
Tree Score: 10196.850100306387
Score Improvement: 0.00516076606191973

Step Number: 4
Time Spent: 9.615161119 seconds
New Tree:
Tree: ((0,1),(((((9,10),(6,(7,8))),((2,3),(4,5))),((11,12),13)),((14,((15,16),(17,18))),((((32,33),(34,(35,36))),((29,(30,31)),(28,(26,27)))),(19,((20,(21,22)),(23,(24,25))))))));
Tree Score: 10432.461824399477
Score Improvement: 0.02310632418593772

Step Number: 5
Time Spent: 9.047425374 seconds
New Tree:
Tree: ((0,1),(((((9,10),(6,(7,8))),((11,12),13)),((2,3),(4,5))),((14,((15,16),(17,18))),((((32,33),(34,(35,36))),((29,(30,31)),(28,(26,27)))),(19,((20,(21,22)),(23,(24,25))))))));
Tree Score: 10956.204924860562
Score Improvement: 0.05020321274851458

Step Number: 6
Time Spent: 9.036182674 seconds
New Tree:
Tree: ((0,1),(((((9,10),(6,(7,8))),((11,12),13)),((14,((15,16),(17,18))),((((32,33),(34,(35,36))),((29,(30,31)),(28,(26,27)))),(19,((20,(21,22)),(23,(24,25))))))),((2,3),(4,5))));
Tree Score: 11725.665201566007
Score Improvement: 0.07023054807595597

Step Number: 7
Time Spent: 9.64025572 seconds
New Tree:
Tree: ((0,1),((((((32,33),(34,(35,36))),((29,(30,31)),(28,(26,27)))),(19,((20,(21,22)),(23,(24,25))))),((14,((15,16),(17,18))),(((9,10),(6,(7,8))),((11,12),13)))),((2,3),(4,5))));
Tree Score: 12918.373124137346
Score Improvement: 0.1017177193846579

Step Number: 8
Time Spent: 9.692116226 seconds
New Tree:
Tree: ((0,1),(((((14,((15,16),(17,18))),(((9,10),(6,(7,8))),((11,12),13))),(19,((20,(21,22)),(23,(24,25))))),(((32,33),(34,(35,36))),((29,(30,31)),(28,(26,27))))),((2,3),(4,5))));
Tree Score: 13216.57922497188
Score Improvement: 0.023083874259472337

Step Number: 9
Time Spent: 10.251315059 seconds
New Tree:
Tree: ((0,1),((((32,33),(34,(35,36))),((((14,((15,16),(17,18))),(((9,10),(6,(7,8))),((11,12),13))),(19,((20,(21,22)),(23,(24,25))))),((29,(30,31)),(28,(26,27))))),((2,3),(4,5))));
Tree Score: 13365.576898810279
Score Improvement: 0.011273542972214612

Step Number: 10
Time Spent: 9.7353213 seconds
New Tree:
Tree: ((0,1),((2,3),((((32,33),(34,(35,36))),((((14,((15,16),(17,18))),(((9,10),(6,(7,8))),((11,12),13))),(19,((20,(21,22)),(23,(24,25))))),((29,(30,31)),(28,(26,27))))),(4,5))));
Tree Score: 13418.98732442857
Score Improvement: 0.003996118238865254

Step Number: 11
Time Spent: 9.404601591 seconds
New Tree:
Tree: ((0,1),((2,3),((((32,33),(36,(35,34))),((((14,((15,16),(17,18))),(((9,10),(6,(7,8))),((11,12),13))),(19,((20,(21,22)),(23,(24,25))))),((29,(30,31)),(28,(26,27))))),(4,5))));
Tree Score: 13431.440524418664
Score Improvement: 9.280282996781963E-4

Step Number: 12
Time Spent: 8.827967091 seconds
New Tree:
Tree: ((0,1),((2,3),((((32,33),(36,(35,34))),((((14,((15,16),(17,18))),(((9,10),(6,(7,8))),((11,12),13))),(19,((20,(21,22)),(23,(24,25))))),((29,(30,31)),(26,(28,27))))),(4,5))));
Tree Score: 13434.386924420309
Score Improvement: 2.1936589722360011E-4

Step Number: 13
Time Spent: 8.242261603 seconds
New Tree:
Tree: ((0,1),((2,3),((((32,33),(36,(35,34))),((((14,((15,16),(17,18))),(((9,10),(6,(7,8))),((11,12),13))),(19,((20,(21,22)),(25,(24,23))))),((29,(30,31)),(26,(28,27))))),(4,5))));
Tree Score: 13435.894924332213
Score Improvement: 1.122492541258957E-4

Step Number: 14
Time Spent: 7.699928881 seconds
New Tree:
Tree: ((0,1),((2,3),((((32,33),(36,(35,34))),((((14,((15,16),(17,18))),(((9,10),(6,(7,8))),((11,12),13))),(19,((22,(21,20)),(25,(24,23))))),((29,(30,31)),(26,(28,27))))),(4,5))));
Tree Score: 13437.282149058592
Score Improvement: 1.032476611488864E-4

Step Number: 15
Time Spent: 7.186777802 seconds
New Tree:
Tree: ((0,1),((2,3),((((32,33),(36,(35,34))),((((14,((15,16),(17,18))),(((9,10),(6,(7,8))),((11,12),13))),(19,((22,(21,20)),(25,(24,23))))),((29,(30,31)),(26,(28,27))))),(4,5))));
Tree Score: 13437.282149058592
Score Improvement: 0.0

TOTAL STEPS: 15
TOTAL TIME: 137.784509123 seconds
Final tree: Tree: ((0,1),((2,3),((((32,33),(36,(35,34))),((((14,((15,16),(17,18))),(((9,10),(6,(7,8))),((11,12),13))),(19,((22,(21,20)),(25,(24,23))))),((29,(30,31)),(26,(28,27))))),(4,5))));
Tree Score: 13437.282149058592
Total Score Improvement: 0.3844847601535255

--------------ITERATION 4--------------
Input tree: (((((0,1),((2,3),4)),(5,((6,7),((8,9),(10,11))))),(12,(13,(14,15)))),(((((16,17),18),(19,(20,21))),((22,(23,24)),((25,26),27))),(((28,(29,30)),31),((((32,33),34),35),36))));
Initial Score: 10835.370551161119

Step Number: 1
Time Spent: 10.743149111 seconds
New Tree:
Tree: ((((12,(13,(14,15))),(5,((6,7),((8,9),(10,11))))),((0,1),((2,3),4))),(((((16,17),18),(19,(20,21))),((22,(23,24)),((25,26),27))),(((28,(29,30)),31),((((32,33),34),35),36))));
Tree Score: 11639.059626115544
Score Improvement: 0.07417273559401272

Step Number: 2
Time Spent: 11.256478076 seconds
New Tree:
Tree: (((((28,(29,30)),31),((((32,33),34),35),36)),((0,1),((2,3),4))),(((((16,17),18),(19,(20,21))),((22,(23,24)),((25,26),27))),((12,(13,(14,15))),(5,((6,7),((8,9),(10,11)))))));
Tree Score: 12698.346874721288
Score Improvement: 0.0910114118007379

Step Number: 3
Time Spent: 11.177010848 seconds
New Tree:
Tree: (((((28,(29,30)),31),((((32,33),34),35),36)),((0,1),((2,3),4))),(((((16,17),18),(19,(20,21))),((12,(13,(14,15))),(5,((6,7),((8,9),(10,11)))))),((22,(23,24)),((25,26),27))));
Tree Score: 12947.76899933809
Score Improvement: 0.019642094130640553

Step Number: 4
Time Spent: 11.745397093 seconds
New Tree:
Tree: (((((28,(29,30)),31),((((32,33),34),35),36)),((22,(23,24)),((25,26),27))),(((((16,17),18),(19,(20,21))),((12,(13,(14,15))),(5,((6,7),((8,9),(10,11)))))),((0,1),((2,3),4))));
Tree Score: 13197.788598063693
Score Improvement: 0.019309859384916805

Step Number: 5
Time Spent: 11.189435333 seconds
New Tree:
Tree: (((((28,(29,30)),31),((((32,33),34),35),36)),((22,(23,24)),((25,26),27))),(((((16,17),18),(19,(20,21))),((12,(13,(14,15))),(5,((10,11),((8,9),(6,7)))))),((0,1),((2,3),4))));
Tree Score: 13306.774448112876
Score Improvement: 0.00825788723916765

Step Number: 6
Time Spent: 11.203295545 seconds
New Tree:
Tree: (((((28,(29,30)),31),((36,35),((32,33),34))),((22,(23,24)),((25,26),27))),(((((16,17),18),(19,(20,21))),((12,(13,(14,15))),(5,((10,11),((8,9),(6,7)))))),((0,1),((2,3),4))));
Tree Score: 13378.111698468507
Score Improvement: 0.005360972385441531

Step Number: 7
Time Spent: 10.586959208 seconds
New Tree:
Tree: (((((28,(29,30)),31),((36,35),((32,33),34))),((22,(23,24)),((25,26),27))),(((((16,17),18),(19,(20,21))),(((14,15),(13,12)),(5,((10,11),((8,9),(6,7)))))),((0,1),((2,3),4))));
Tree Score: 13437.074323469133
Score Improvement: 0.004407395178751328

Step Number: 8
Time Spent: 10.055809471 seconds
New Tree:
Tree: (((((29,(28,30)),31),((36,35),((32,33),34))),((22,(23,24)),((25,26),27))),(((((16,17),18),(19,(20,21))),(((14,15),(13,12)),(5,((10,11),((8,9),(6,7)))))),((0,1),((2,3),4))));
Tree Score: 13444.216298838437
Score Improvement: 5.31512678829893E-4

Step Number: 9
Time Spent: 10.051295839 seconds
New Tree:
Tree: (((((31,(28,30)),29),((36,35),((32,33),34))),((22,(23,24)),((25,26),27))),(((((16,17),18),(19,(20,21))),(((14,15),(13,12)),(5,((10,11),((8,9),(6,7)))))),((0,1),((2,3),4))));
Tree Score: 13446.428948622488
Score Improvement: 1.6458004950736793E-4

Step Number: 10
Time Spent: 9.502200804 seconds
New Tree:
Tree: (((((31,(28,30)),29),((36,35),((32,33),34))),((22,(23,24)),((25,26),27))),(((((16,17),18),(19,(20,21))),(((14,15),(13,12)),(5,((10,11),((8,9),(6,7)))))),((0,1),((2,3),4))));
Tree Score: 13446.428948622488
Score Improvement: 0.0

TOTAL STEPS: 10
TOTAL TIME: 107.511031328 seconds
Final tree: Tree: (((((31,(28,30)),29),((36,35),((32,33),34))),((22,(23,24)),((25,26),27))),(((((16,17),18),(19,(20,21))),(((14,15),(13,12)),(5,((10,11),((8,9),(6,7)))))),((0,1),((2,3),4))));
Tree Score: 13446.428948622488
Total Score Improvement: 0.24097545950392707

--------------ITERATION 5--------------
Input tree: ((((0,(1,(((2,3),4),5))),(6,7)),(8,9)),((((((10,11),(12,(13,14))),((15,(16,17)),(((((18,19),20),21),22),(23,24)))),(25,26)),27),(((28,(29,30)),31),(32,(((33,34),35),36)))));
Initial Score: 8666.015900742488

Step Number: 1
Time Spent: 9.238555267 seconds
New Tree:
Tree: ((((0,(1,(((2,3),4),5))),(6,7)),(8,9)),(((27,(25,26)),(((10,11),(12,(13,14))),((15,(16,17)),(((((18,19),20),21),22),(23,24))))),(((28,(29,30)),31),(32,(((33,34),35),36)))));
Tree Score: 9734.828774985996
Score Improvement: 0.12333382334919718

Step Number: 2
Time Spent: 9.00083614 seconds
New Tree:
Tree: ((((0,(1,(((2,3),4),5))),(6,7)),(8,9)),(((27,(25,26)),(((28,(29,30)),31),(32,(((33,34),35),36)))),(((10,11),(12,(13,14))),((15,(16,17)),(((((18,19),20),21),22),(23,24))))));
Tree Score: 10957.238249149217
Score Improvement: 0.12557072162422078

Step Number: 3
Time Spent: 9.569455934 seconds
New Tree:
Tree: ((((0,(1,(((2,3),4),5))),(6,7)),(8,9)),(((32,(((33,34),35),36)),(((28,(29,30)),31),(27,(25,26)))),(((10,11),(12,(13,14))),((15,(16,17)),(((((18,19),20),21),22),(23,24))))));
Tree Score: 11605.777975517485
Score Improvement: 0.05918824722266347

Step Number: 4
Time Spent: 10.152919726 seconds
New Tree:
Tree: ((((0,(1,(((2,3),4),5))),(6,7)),(8,9)),(((10,11),(12,(13,14))),(((32,(((33,34),35),36)),(((28,(29,30)),31),(27,(25,26)))),((15,(16,17)),(((((18,19),20),21),22),(23,24))))));
Tree Score: 12056.769927170055
Score Improvement: 0.03885926067204992

Step Number: 5
Time Spent: 9.668138386 seconds
New Tree:
Tree: ((((8,9),(6,7)),(0,(1,(((2,3),4),5)))),(((10,11),(12,(13,14))),(((32,(((33,34),35),36)),(((28,(29,30)),31),(27,(25,26)))),((15,(16,17)),(((((18,19),20),21),22),(23,24))))));
Tree Score: 12202.714451519307
Score Improvement: 0.012104778081595935

Step Number: 6
Time Spent: 9.647672026 seconds
New Tree:
Tree: (((((32,(((33,34),35),36)),(((28,(29,30)),31),(27,(25,26)))),((15,(16,17)),(((((18,19),20),21),22),(23,24)))),(0,(1,(((2,3),4),5)))),(((10,11),(12,(13,14))),((8,9),(6,7))));
Tree Score: 12490.546652407385
Score Improvement: 0.023587555214179545

Step Number: 7
Time Spent: 10.347437897 seconds
New Tree:
Tree: (((((32,(((33,34),35),36)),(((28,(29,30)),31),(27,(25,26)))),(0,(1,(((2,3),4),5)))),((15,(16,17)),(((((18,19),20),21),22),(23,24)))),(((10,11),(12,(13,14))),((8,9),(6,7))));
Tree Score: 14146.145727434196
Score Improvement: 0.13254816791446955

Step Number: 8
Time Spent: 10.322021956 seconds
New Tree:
Tree: (((((32,(((33,34),35),36)),(((28,(29,30)),31),(27,(25,26)))),(0,(1,((5,4),(2,3))))),((15,(16,17)),(((((18,19),20),21),22),(23,24)))),(((10,11),(12,(13,14))),((8,9),(6,7))));
Tree Score: 14212.293852217961
Score Improvement: 0.004676052831513067

Step Number: 9
Time Spent: 9.762442906 seconds
New Tree:
Tree: (((((32,(((33,34),35),36)),(((28,(29,30)),31),(27,(25,26)))),(0,((5,4),(1,(2,3))))),((15,(16,17)),(((((18,19),20),21),22),(23,24)))),(((10,11),(12,(13,14))),((8,9),(6,7))));
Tree Score: 14305.416727178264
Score Improvement: 0.006552276214424779

Step Number: 10
Time Spent: 9.169032109 seconds
New Tree:
Tree: (((((32,(((33,34),35),36)),(((28,(29,30)),31),(27,(25,26)))),(0,((5,4),(1,(2,3))))),((15,(16,17)),(((((20,19),18),21),22),(23,24)))),(((10,11),(12,(13,14))),((8,9),(6,7))));
Tree Score: 14316.732402420137
Score Improvement: 7.910063340115236E-4

Step Number: 11
Time Spent: 9.147115356 seconds
New Tree:
Tree: (((((32,(((35,34),33),36)),(((28,(29,30)),31),(27,(25,26)))),(0,((5,4),(1,(2,3))))),((15,(16,17)),(((((20,19),18),21),22),(23,24)))),(((10,11),(12,(13,14))),((8,9),(6,7))));
Tree Score: 14325.260177423712
Score Improvement: 5.956509323408188E-4

Step Number: 12
Time Spent: 9.144493794 seconds
New Tree:
Tree: (((((32,(((35,34),33),36)),(((29,(28,30)),31),(27,(25,26)))),(0,((5,4),(1,(2,3))))),((15,(16,17)),(((((20,19),18),21),22),(23,24)))),(((10,11),(12,(13,14))),((8,9),(6,7))));
Tree Score: 14332.402152793016
Score Improvement: 4.98558160958229E-4

Step Number: 13
Time Spent: 9.147597331 seconds
New Tree:
Tree: (((((32,(((35,34),33),36)),(((31,(28,30)),29),(27,(25,26)))),(0,((5,4),(1,(2,3))))),((15,(16,17)),(((((20,19),18),21),22),(23,24)))),(((10,11),(12,(13,14))),((8,9),(6,7))));
Tree Score: 14335.687227556948
Score Improvement: 2.292061532260803E-4

Step Number: 14
Time Spent: 8.580664902 seconds
New Tree:
Tree: (((((32,(((35,34),33),36)),(((31,(28,30)),29),(27,(25,26)))),(0,((5,4),(1,(2,3))))),((15,(16,17)),(((((20,19),21),18),22),(23,24)))),(((10,11),(12,(13,14))),((8,9),(6,7))));
Tree Score: 14337.137027243618
Score Improvement: 1.011322068944498E-4

Step Number: 15
Time Spent: 8.584192375 seconds
New Tree:
Tree: (((((32,(((35,34),33),36)),(((31,(28,30)),29),(27,(25,26)))),(0,((5,4),(1,(2,3))))),((15,(16,17)),(((((20,19),21),22),18),(23,24)))),(((10,11),(12,(13,14))),((8,9),(6,7))));
Tree Score: 14338.078902522568
Score Improvement: 6.569479507390064E-5

Step Number: 16
Time Spent: 8.011018371 seconds
New Tree:
Tree: (((((32,(((35,34),33),36)),(((31,(28,30)),29),(27,(25,26)))),(0,((5,4),(1,(2,3))))),((15,(16,17)),(((((20,19),21),22),18),(23,24)))),(((10,11),(12,(13,14))),((8,9),(6,7))));
Tree Score: 14338.078902522568
Score Improvement: 0.0

TOTAL STEPS: 16
TOTAL TIME: 149.493594476 seconds
Final tree: Tree: (((((32,(((35,34),33),36)),(((31,(28,30)),29),(27,(25,26)))),(0,((5,4),(1,(2,3))))),((15,(16,17)),(((((20,19),21),22),18),(23,24)))),(((10,11),(12,(13,14))),((8,9),(6,7))));
Tree Score: 14338.078902522568
Total Score Improvement: 0.6545179545878872

--------------ITERATION 6--------------
Input tree: ((((0,1),((2,3),(4,5))),((6,7),(((8,((9,10),(11,12))),(13,(14,15))),16))),(((17,((18,19),20)),(((21,22),23),(24,25))),(((((26,((27,28),29)),30),31),(32,(33,34))),(35,36))));
Initial Score: 10395.832323855197

Step Number: 1
Time Spent: 9.622947723 seconds
New Tree:
Tree: ((((0,1),((2,3),(4,5))),(((((26,((27,28),29)),30),31),(32,(33,34))),(35,36))),(((17,((18,19),20)),(((21,22),23),(24,25))),((6,7),(((8,((9,10),(11,12))),(13,(14,15))),16))));
Tree Score: 11798.321172492986
Score Improvement: 0.13490876006334918

Step Number: 2
Time Spent: 9.607637535 seconds
New Tree:
Tree: ((((((26,((27,28),29)),30),31),(32,(33,34))),(((0,1),((2,3),(4,5))),(35,36))),(((17,((18,19),20)),(((21,22),23),(24,25))),((6,7),(((8,((9,10),(11,12))),(13,(14,15))),16))));
Tree Score: 12968.923648417403
Score Improvement: 0.09921771570802806

Step Number: 3
Time Spent: 9.024294151 seconds
New Tree:
Tree: ((((((26,((27,28),29)),30),31),(32,(33,34))),(((4,5),((2,3),(0,1))),(35,36))),(((17,((18,19),20)),(((21,22),23),(24,25))),((6,7),(((8,((9,10),(11,12))),(13,(14,15))),16))));
Tree Score: 13042.50077359419
Score Improvement: 0.005673340916442671

Step Number: 4
Time Spent: 8.456654579 seconds
New Tree:
Tree: ((((((26,((27,28),29)),30),31),(32,(33,34))),(((4,5),((2,3),(0,1))),(35,36))),(((17,((18,19),20)),(((21,22),23),(24,25))),((6,7),((((11,12),((9,10),8)),(13,(14,15))),16))));
Tree Score: 13115.555123550294
Score Improvement: 0.005601253258424865

Step Number: 5
Time Spent: 9.032636134 seconds
New Tree:
Tree: ((((((26,30),((27,28),29)),31),(32,(33,34))),(((4,5),((2,3),(0,1))),(35,36))),(((17,((18,19),20)),(((21,22),23),(24,25))),((6,7),((((11,12),((9,10),8)),(13,(14,15))),16))));
Tree Score: 13172.15542405605
Score Improvement: 0.004315509330148348

Step Number: 6
Time Spent: 8.452729569 seconds
New Tree:
Tree: ((((((26,30),((27,28),29)),31),(32,(33,34))),(((4,5),((2,3),(0,1))),(35,36))),(((17,((18,19),20)),(((21,22),23),(24,25))),((6,7),((((13,(14,15)),((9,10),8)),(11,12)),16))));
Tree Score: 13215.279199103388
Score Improvement: 0.0032738586555531857

Step Number: 7
Time Spent: 7.905156235 seconds
New Tree:
Tree: ((((((26,30),((27,28),29)),31),(32,(33,34))),(((4,5),((2,3),(0,1))),(35,36))),(((17,((20,19),18)),(((21,22),23),(24,25))),((6,7),((((13,(14,15)),((9,10),8)),(11,12)),16))));
Tree Score: 13233.727749281126
Score Improvement: 0.001396001544862635

Step Number: 8
Time Spent: 7.35365887 seconds
New Tree:
Tree: ((((((26,30),((27,28),29)),31),(32,(33,34))),(((4,5),((2,3),(0,1))),(35,36))),(((17,((20,19),18)),(((21,22),23),(24,25))),((6,7),((((15,(14,13)),((9,10),8)),(11,12)),16))));
Tree Score: 13247.44779928078
Score Improvement: 0.0010367486969344863

Step Number: 9
Time Spent: 6.798840132 seconds
New Tree:
Tree: ((((((26,30),((27,28),29)),31),(32,(33,34))),(((4,5),((2,3),(0,1))),(35,36))),(((17,((20,19),18)),(((21,22),23),(24,25))),((6,7),((((15,(14,13)),((9,10),8)),(11,12)),16))));
Tree Score: 13247.44779928078
Score Improvement: 0.0

TOTAL STEPS: 9
TOTAL TIME: 76.254554928 seconds
Final tree: Tree: ((((((26,30),((27,28),29)),31),(32,(33,34))),(((4,5),((2,3),(0,1))),(35,36))),(((17,((20,19),18)),(((21,22),23),(24,25))),((6,7),((((15,(14,13)),((9,10),8)),(11,12)),16))));
Tree Score: 13247.44779928078
Total Score Improvement: 0.2743037196629283

--------------ITERATION 7--------------
Input tree: (((((0,1),((2,3),4)),(((5,((6,7),(8,9))),(((10,(11,12)),(13,14)),15)),(((16,17),18),(19,20)))),((((21,22),23),(((24,25),(26,27)),28)),29)),(((30,(31,32)),33),((34,35),36)));
Initial Score: 11790.761873277967

Step Number: 1
Time Spent: 8.657833025 seconds
New Tree:
Tree: (((((0,1),((2,3),4)),(((5,((6,7),(8,9))),(((10,(11,12)),(13,14)),15)),(((16,17),18),(19,20)))),((29,(((24,25),(26,27)),28)),((21,22),23))),(((30,(31,32)),33),((34,35),36)));
Tree Score: 11995.798173933188
Score Improvement: 0.017389571840977114

Step Number: 2
Time Spent: 8.626207146 seconds
New Tree:
Tree: (((((0,1),((2,3),4)),(((5,((6,7),(8,9))),(((10,(13,14)),(11,12)),15)),(((16,17),18),(19,20)))),((29,(((24,25),(26,27)),28)),((21,22),23))),(((30,(31,32)),33),((34,35),36)));
Tree Score: 12050.372523843209
Score Improvement: 0.004549455494225585

Step Number: 3
Time Spent: 8.028799472 seconds
New Tree:
Tree: (((((0,1),((2,3),4)),(((5,((6,7),(8,9))),(((10,(13,14)),(11,12)),15)),(((16,17),18),(19,20)))),((29,((28,(26,27)),(24,25))),((21,22),23))),(((30,(31,32)),33),((34,35),36)));
Tree Score: 12097.718899429674
Score Improvement: 0.003929038334108181

Step Number: 4
Time Spent: 8.612261588 seconds
New Tree:
Tree: (((((0,1),((2,3),4)),(((5,((6,7),(8,9))),(((10,(13,14)),(11,12)),15)),(((16,17),18),(19,20)))),(((24,25),((28,(26,27)),29)),((21,22),23))),(((30,(31,32)),33),((34,35),36)));
Tree Score: 12217.118623358096
Score Improvement: 0.009869606404398379

Step Number: 5
Time Spent: 8.085004944 seconds
New Tree:
Tree: (((((0,1),((2,3),4)),(((5,((6,7),(8,9))),(((10,(13,14)),(11,12)),15)),(((16,17),18),(19,20)))),(((24,25),((26,(28,27)),29)),((21,22),23))),(((30,(31,32)),33),((34,35),36)));
Tree Score: 12228.681548205102
Score Improvement: 9.464526950651031E-4

Step Number: 6
Time Spent: 7.494755373 seconds
New Tree:
Tree: (((((0,1),((2,3),4)),(((5,((6,7),(8,9))),(((10,(13,14)),(11,12)),15)),(((16,17),18),(19,20)))),(((24,25),((26,(28,27)),29)),((21,22),23))),(((30,(31,32)),33),((34,35),36)));
Tree Score: 12228.681548205102
Score Improvement: 0.0

TOTAL STEPS: 6
TOTAL TIME: 49.504861548 seconds
Final tree: Tree: (((((0,1),((2,3),4)),(((5,((6,7),(8,9))),(((10,(13,14)),(11,12)),15)),(((16,17),18),(19,20)))),(((24,25),((26,(28,27)),29)),((21,22),23))),(((30,(31,32)),33),((34,35),36)));
Tree Score: 12228.681548205102
Total Score Improvement: 0.03714091418635257

--------------ITERATION 8--------------
Input tree: (((((((0,1),2),((3,4),5)),((((6,(7,8)),9),(10,11)),(12,13))),(14,15)),((16,(17,((18,(19,20)),21))),((22,23),24))),(((25,26),((27,28),(29,30))),(((31,32),(33,34)),(35,36))));
Initial Score: 11705.133526468417

Step Number: 1
Time Spent: 12.049282105 seconds
New Tree:
Tree: (((((14,15),((((6,(7,8)),9),(10,11)),(12,13))),(((0,1),2),((3,4),5))),((16,(17,((18,(19,20)),21))),((22,23),24))),(((25,26),((27,28),(29,30))),(((31,32),(33,34)),(35,36))));
Tree Score: 12080.93662544596
Score Improvement: 0.032105836138285104

Step Number: 2
Time Spent: 11.955808417 seconds
New Tree:
Tree: (((((14,15),((((6,(7,8)),9),(10,11)),(12,13))),((16,(17,((18,(19,20)),21))),((22,23),24))),(((0,1),2),((3,4),5))),(((25,26),((27,28),(29,30))),(((31,32),(33,34)),(35,36))));
Tree Score: 13487.114050972043
Score Improvement: 0.11639639120068423

Step Number: 3
Time Spent: 11.418645137 seconds
New Tree:
Tree: (((((14,15),((((6,(7,8)),9),(10,11)),(12,13))),((((18,(19,20)),21),(17,16)),((22,23),24))),(((0,1),2),((3,4),5))),(((25,26),((27,28),(29,30))),(((31,32),(33,34)),(35,36))));
Tree Score: 13762.607576138107
Score Improvement: 0.020426425113993174

Step Number: 4
Time Spent: 10.975046338 seconds
New Tree:
Tree: (((((14,15),((((6,(7,8)),9),(12,13)),(10,11))),((((18,(19,20)),21),(17,16)),((22,23),24))),(((0,1),2),((3,4),5))),(((25,26),((27,28),(29,30))),(((31,32),(33,34)),(35,36))));
Tree Score: 13780.517175844638
Score Improvement: 0.001301323140070032

Step Number: 5
Time Spent: 10.294376192 seconds
New Tree:
Tree: (((((14,15),((((6,(7,8)),9),(12,13)),(10,11))),((((18,(19,20)),21),(17,16)),((22,23),24))),(((0,1),2),((3,4),5))),(((25,26),((27,28),(29,30))),(((31,32),(33,34)),(35,36))));
Tree Score: 13780.517175844638
Score Improvement: 0.0

TOTAL STEPS: 5
TOTAL TIME: 56.693158189 seconds
Final tree: Tree: (((((14,15),((((6,(7,8)),9),(12,13)),(10,11))),((((18,(19,20)),21),(17,16)),((22,23),24))),(((0,1),2),((3,4),5))),(((25,26),((27,28),(29,30))),(((31,32),(33,34)),(35,36))));
Tree Score: 13780.517175844638
Total Score Improvement: 0.1773054228457307

--------------ITERATION 9--------------
Input tree: ((((0,((1,2),((3,4),((5,6),(7,8))))),9),((((10,11),12),((13,14),15)),((16,(17,(18,19))),((20,21),(22,23))))),((24,(25,(26,27))),((28,((29,30),(31,32))),((33,(34,35)),36))));
Initial Score: 12002.24127467588

Step Number: 1
Time Spent: 9.558361577 seconds
New Tree:
Tree: ((((0,(((5,6),(7,8)),((3,4),(1,2)))),9),((((10,11),12),((13,14),15)),((16,(17,(18,19))),((20,21),(22,23))))),((24,(25,(26,27))),((28,((29,30),(31,32))),((33,(34,35)),36))));
Tree Score: 12219.013223513608
Score Improvement: 0.018060955772911003

Step Number: 2
Time Spent: 9.570808341 seconds
New Tree:
Tree: ((((0,(((5,6),(7,8)),((3,4),(1,2)))),9),((((10,11),12),((13,14),15)),((16,(17,(18,19))),((20,21),(22,23))))),((24,(25,(26,27))),(((31,32),((29,30),28)),((33,(34,35)),36))));
Tree Score: 12402.116872943585
Score Improvement: 0.014985142096222814

Step Number: 3
Time Spent: 9.020055135 seconds
New Tree:
Tree: ((((0,(((5,6),(7,8)),((3,4),(1,2)))),9),((((10,11),12),((13,14),15)),(((18,19),(17,16)),((20,21),(22,23))))),((24,(25,(26,27))),(((31,32),((29,30),28)),((33,(34,35)),36))));
Tree Score: 12446.485247927598
Score Improvement: 0.0035774840245867967

Step Number: 4
Time Spent: 9.07518065 seconds
New Tree:
Tree: ((((0,(((5,6),(7,8)),((3,4),(1,2)))),9),((((10,11),12),((13,14),15)),(((18,19),(17,16)),((20,21),(22,23))))),((24,(25,(26,27))),(((31,32),((29,30),28)),((33,(34,35)),36))));
Tree Score: 12446.485247927598
Score Improvement: 0.0

TOTAL STEPS: 4
TOTAL TIME: 37.224405703 seconds
Final tree: Tree: ((((0,(((5,6),(7,8)),((3,4),(1,2)))),9),((((10,11),12),((13,14),15)),(((18,19),(17,16)),((20,21),(22,23))))),((24,(25,(26,27))),(((31,32),((29,30),28)),((33,(34,35)),36))));
Tree Score: 12446.485247927598
Total Score Improvement: 0.03701341800127356

--------------ITERATION 10--------------
Input tree: ((((0,((1,2),3)),(4,5)),((6,7),(8,9))),((((10,11),12),(13,(14,(15,16)))),((((17,(18,19)),(20,(21,22))),((23,24),(25,26))),(((27,28),(29,30)),(((31,32),((33,34),35)),36)))));
Initial Score: 11944.523523068696

Step Number: 1
Time Spent: 9.627760346 seconds
New Tree:
Tree: ((((0,((1,2),3)),(4,5)),((((17,(18,19)),(20,(21,22))),((23,24),(25,26))),(((27,28),(29,30)),(((31,32),((33,34),35)),36)))),((((10,11),12),(13,(14,(15,16)))),((6,7),(8,9))));
Tree Score: 12561.912950670521
Score Improvement: 0.05168807499181094

Step Number: 2
Time Spent: 10.140971489 seconds
New Tree:
Tree: (((((17,(18,19)),(20,(21,22))),((23,24),(25,26))),(((0,((1,2),3)),(4,5)),(((27,28),(29,30)),(((31,32),((33,34),35)),36)))),((((10,11),12),(13,(14,(15,16)))),((6,7),(8,9))));
Tree Score: 13795.634173023223
Score Improvement: 0.09821125390674279

Step Number: 3
Time Spent: 9.563355717 seconds
New Tree:
Tree: (((((17,(18,19)),(20,(21,22))),((23,24),(25,26))),(((0,((1,2),3)),(4,5)),(((27,28),(29,30)),(((31,32),((33,34),35)),36)))),((((10,11),12),((15,16),(14,13))),((6,7),(8,9))));
Tree Score: 13838.497872729495
Score Improvement: 0.0031070481551394025

Step Number: 4
Time Spent: 9.009665545 seconds
New Tree:
Tree: (((((17,(18,19)),(20,(21,22))),((23,24),(25,26))),(((0,((1,2),3)),(4,5)),(((27,28),(29,30)),(((31,32),((33,34),35)),36)))),(((15,16),(((10,11),12),(14,13))),((6,7),(8,9))));
Tree Score: 13868.298297351866
Score Improvement: 0.0021534435960059994

Step Number: 5
Time Spent: 9.61129226 seconds
New Tree:
Tree: (((((17,(18,19)),(20,(21,22))),((23,24),(25,26))),(((0,((3,2),1)),(4,5)),(((27,28),(29,30)),(((31,32),((33,34),35)),36)))),(((15,16),(((10,11),12),(14,13))),((6,7),(8,9))));
Tree Score: 13885.649522578984
Score Improvement: 0.0012511430642092591

Step Number: 6
Time Spent: 9.025647326 seconds
New Tree:
Tree: (((((17,(18,19)),(22,(21,20))),((23,24),(25,26))),(((0,((3,2),1)),(4,5)),(((27,28),(29,30)),(((31,32),((33,34),35)),36)))),(((15,16),(((10,11),12),(14,13))),((6,7),(8,9))));
Tree Score: 13891.023972893774
Score Improvement: 3.870506961918263E-4

Step Number: 7
Time Spent: 8.481018082 seconds
New Tree:
Tree: (((((17,(18,19)),(22,(21,20))),((23,24),(25,26))),(((0,((3,2),1)),(4,5)),(((27,28),(29,30)),(((31,32),((33,34),35)),36)))),(((15,16),(((10,11),12),(14,13))),((6,7),(8,9))));
Tree Score: 13891.023972893774
Score Improvement: 0.0

TOTAL STEPS: 7
TOTAL TIME: 65.459710765 seconds
Final tree: Tree: (((((17,(18,19)),(22,(21,20))),((23,24),(25,26))),(((0,((3,2),1)),(4,5)),(((27,28),(29,30)),(((31,32),((33,34),35)),36)))),(((15,16),(((10,11),12),(14,13))),((6,7),(8,9))));
Tree Score: 13891.023972893774
Total Score Improvement: 0.1629617494633222

===========================================================
RESULTS FROM 10 ITERATION(S):
AVERAGE TIME PER RUN: 81.212320493 seconds
AVERAGE IMPROVEMENT: 0.23762444985469586
BEST Tree: (((((32,(((35,34),33),36)),(((31,(28,30)),29),(27,(25,26)))),(0,((5,4),(1,(2,3))))),((15,(16,17)),(((((20,19),21),22),18),(23,24)))),(((10,11),(12,(13,14))),((8,9),(6,7))));
Tree Score: 14338.078902522568
BEST'S IMPROVEMENT :0.6545179545878872
