--------------ITERATION 1--------------
Input tree: (((((0,1),2),((3,4),((5,(((6,7),8),9)),10))),(((11,12),13),((((14,(15,16)),17),((18,19),(20,(21,(22,23))))),(24,25)))),((((26,(27,28)),(29,30)),(31,32)),(33,((34,35),36))));
Initial Score: 10258.080576537686

Step Number: 1
Time Spent: 49.992104235 seconds
New Tree:
Tree: (((((0,1),2),((3,4),((5,(((6,7),8),9)),10))),(((11,12),13),((((14,(15,16)),17),((18,19),(20,(21,(22,23))))),(24,25)))),(((33,((34,35),36)),(31,32)),((26,(27,28)),(29,30))));
Tree Score: 10796.454501448708
Score Improvement: 0.052482910510801783

Step Number: 2
Time Spent: 49.771557614 seconds
New Tree:
Tree: (((((0,1),2),((3,4),((5,(((6,7),8),9)),10))),((((14,(15,16)),17),((18,19),(20,(21,(22,23))))),(((11,12),13),(24,25)))),(((33,((34,35),36)),(31,32)),((26,(27,28)),(29,30))));
Tree Score: 11241.257402092844
Score Improvement: 0.041198978848514534

Step Number: 3
Time Spent: 49.749893406 seconds
New Tree:
Tree: (((((0,1),2),((3,4),((5,(((6,7),8),9)),10))),((((14,(15,16)),17),(((11,12),13),(24,25))),((18,19),(20,(21,(22,23)))))),(((33,((34,35),36)),(31,32)),((26,(27,28)),(29,30))));
Tree Score: 11801.71255075086
Score Improvement: 0.049856980283511154

Step Number: 4
Time Spent: 49.502935046 seconds
New Tree:
Tree: (((((5,(((6,7),8),9)),10),((3,4),((0,1),2))),((((14,(15,16)),17),(((11,12),13),(24,25))),((18,19),(20,(21,(22,23)))))),(((33,((34,35),36)),(31,32)),((26,(27,28)),(29,30))));
Tree Score: 12151.005900206714
Score Improvement: 0.029596835879012406

Step Number: 5
Time Spent: 49.70878783 seconds
New Tree:
Tree: (((((5,10),(((6,7),8),9)),((3,4),((0,1),2))),((((14,(15,16)),17),(((11,12),13),(24,25))),((18,19),(20,(21,(22,23)))))),(((33,((34,35),36)),(31,32)),((26,(27,28)),(29,30))));
Tree Score: 12274.634600306192
Score Improvement: 0.01017435931764088

Step Number: 6
Time Spent: 47.40366481 seconds
New Tree:
Tree: ((((((6,7),8),((5,10),9)),((3,4),((0,1),2))),((((14,(15,16)),17),(((11,12),13),(24,25))),((18,19),(20,(21,(22,23)))))),(((33,((34,35),36)),(31,32)),((26,(27,28)),(29,30))));
Tree Score: 12476.727949775797
Score Improvement: 0.01646430676352395

Step Number: 7
Time Spent: 39.257851855 seconds
New Tree:
Tree: ((((((6,7),8),((5,10),9)),((3,4),((0,1),2))),((((14,(15,16)),17),(((11,12),13),(24,25))),((21,(22,23)),(20,(18,19))))),(((33,((34,35),36)),(31,32)),((26,(27,28)),(29,30))));
Tree Score: 12559.914424862172
Score Improvement: 0.006667331003868737

Step Number: 8
Time Spent: 39.281683098 seconds
New Tree:
Tree: ((((((6,7),8),((5,10),9)),((3,4),((0,1),2))),((((14,(15,16)),17),(((11,12),13),(24,25))),((21,(22,23)),(20,(18,19))))),(((33,(31,32)),((34,35),36)),((26,(27,28)),(29,30))));
Tree Score: 12633.250975254383
Score Improvement: 0.005838937106692477

Step Number: 9
Time Spent: 39.21381483 seconds
New Tree:
Tree: ((((((6,7),8),((5,10),9)),((3,4),((0,1),2))),((((14,17),(15,16)),(((11,12),13),(24,25))),((21,(22,23)),(20,(18,19))))),(((33,(31,32)),((34,35),36)),((26,(27,28)),(29,30))));
Tree Score: 12682.99105020186
Score Improvement: 0.0039372347660080464

Step Number: 10
Time Spent: 39.169501025 seconds
New Tree:
Tree: ((((((6,7),8),((5,10),9)),((3,4),((0,1),2))),((((14,17),(15,16)),(((11,12),13),(24,25))),((21,(22,23)),(20,(18,19))))),(((33,(31,32)),((34,35),36)),((26,(29,30)),(27,28))));
Tree Score: 12726.749975716155
Score Improvement: 0.003450205502873116

Step Number: 11
Time Spent: 39.152412958 seconds
New Tree:
Tree: ((((((6,7),8),((5,10),9)),((3,4),((0,1),2))),((((14,17),(15,16)),(((11,12),13),(24,25))),((21,(22,23)),(20,(18,19))))),((36,((34,35),(33,(31,32)))),((26,(29,30)),(27,28))));
Tree Score: 12765.77185043918
Score Improvement: 0.0030661303787284933

Step Number: 12
Time Spent: 39.094522915 seconds
New Tree:
Tree: ((((((6,7),8),((9,10),5)),((3,4),((0,1),2))),((((14,17),(15,16)),(((11,12),13),(24,25))),((21,(22,23)),(20,(18,19))))),((36,((34,35),(33,(31,32)))),((26,(29,30)),(27,28))));
Tree Score: 12789.672075477223
Score Improvement: 0.0018722115135734185

Step Number: 13
Time Spent: 39.122924152 seconds
New Tree:
Tree: ((((((6,7),8),((9,10),5)),((3,4),((0,1),2))),((((14,17),(15,16)),(((24,25),13),(11,12))),((21,(22,23)),(20,(18,19))))),((36,((34,35),(33,(31,32)))),((26,(29,30)),(27,28))));
Tree Score: 12813.183825266808
Score Improvement: 0.001838338751050994

Step Number: 14
Time Spent: 39.151655739 seconds
New Tree:
Tree: ((((((6,7),8),((9,10),5)),((3,4),((0,1),2))),((((14,17),(15,16)),(((24,13),25),(11,12))),((21,(22,23)),(20,(18,19))))),((36,((34,35),(33,(31,32)))),((26,(29,30)),(27,28))));
Tree Score: 12834.808800374884
Score Improvement: 0.0016877128591126223

Step Number: 15
Time Spent: 39.136458904 seconds
New Tree:
Tree: ((((((6,7),8),((9,10),5)),((3,4),((0,1),2))),((((14,17),(15,16)),(((24,13),25),(11,12))),((21,(22,23)),(20,(18,19))))),((36,((34,35),(33,(31,32)))),((29,(26,30)),(27,28))));
Tree Score: 12845.44647522809
Score Improvement: 8.288144388168828E-4

Step Number: 16
Time Spent: 39.155460413 seconds
New Tree:
Tree: ((((((8,7),6),((9,10),5)),((3,4),((0,1),2))),((((14,17),(15,16)),(((24,13),25),(11,12))),((21,(22,23)),(20,(18,19))))),((36,((34,35),(33,(31,32)))),((29,(26,30)),(27,28))));
Tree Score: 12854.99555038454
Score Improvement: 7.433821140327979E-4

Step Number: 17
Time Spent: 39.297969456 seconds
New Tree:
Tree: ((((((8,7),6),((9,10),5)),((0,1),((3,4),2))),((((14,17),(15,16)),(((24,13),25),(11,12))),((21,(22,23)),(20,(18,19))))),((36,((34,35),(33,(31,32)))),((29,(26,30)),(27,28))));
Tree Score: 12860.346975899562
Score Improvement: 4.1629151049082935E-4

Step Number: 18
Time Spent: 39.300681044 seconds
New Tree:
Tree: ((((((8,7),6),((9,10),5)),((0,1),((3,4),2))),((((14,17),(15,16)),(((24,13),25),(11,12))),((23,(22,21)),(20,(18,19))))),((36,((34,35),(33,(31,32)))),((29,(26,30)),(27,28))));
Tree Score: 12862.98152594015
Score Improvement: 2.0485839499695402E-4

Step Number: 19
Time Spent: 39.329771476 seconds
New Tree:
Tree: ((((((8,7),6),((9,10),5)),((0,1),((3,4),2))),((((14,17),(15,16)),(((24,13),25),(11,12))),((23,(22,21)),(20,(18,19))))),((36,((34,35),(33,(31,32)))),((29,(26,30)),(27,28))));
Tree Score: 12862.98152594015
Score Improvement: 0.0

TOTAL STEPS: 19
TOTAL TIME: 805.793650806 seconds
Final tree: Tree: ((((((8,7),6),((9,10),5)),((0,1),((3,4),2))),((((14,17),(15,16)),(((24,13),25),(11,12))),((23,(22,21)),(20,(18,19))))),((36,((34,35),(33,(31,32)))),((29,(26,30)),(27,28))));
Tree Score: 12862.98152594015
Total Score Improvement: 0.25393648743220054

--------------ITERATION 2--------------
Input tree: ((((0,(((1,2),3),4)),((5,(((6,7),(8,(9,10))),11)),((12,((13,(14,15)),16)),(17,18)))),(((19,20),21),(((((22,23),(24,25)),26),(27,28)),(29,(30,31))))),((32,(33,34)),(35,36)));
Initial Score: 10076.67532724276

Step Number: 1
Time Spent: 40.089452927 seconds
New Tree:
Tree: ((((((19,20),21),(((((22,23),(24,25)),26),(27,28)),(29,(30,31)))),((5,(((6,7),(8,(9,10))),11)),((12,((13,(14,15)),16)),(17,18)))),(0,(((1,2),3),4))),((32,(33,34)),(35,36)));
Tree Score: 11472.857555469382
Score Improvement: 0.13855584137478139

Step Number: 2
Time Spent: 40.692767705 seconds
New Tree:
Tree: ((((((((22,23),(24,25)),26),(27,28)),(((19,20),21),(29,(30,31)))),((5,(((6,7),(8,(9,10))),11)),((12,((13,(14,15)),16)),(17,18)))),(0,(((1,2),3),4))),((32,(33,34)),(35,36)));
Tree Score: 12505.067880524439
Score Improvement: 0.08996976734562323

Step Number: 3
Time Spent: 40.627677376 seconds
New Tree:
Tree: ((((((((22,23),(24,25)),26),(27,28)),(((19,20),21),(29,(30,31)))),((((6,7),(8,(9,10))),(5,11)),((12,((13,(14,15)),16)),(17,18)))),(0,(((1,2),3),4))),((32,(33,34)),(35,36)));
Tree Score: 12958.865005195621
Score Improvement: 0.0362890572851613

Step Number: 4
Time Spent: 40.613560287 seconds
New Tree:
Tree: ((((((((22,23),(24,25)),26),(27,28)),(((19,20),21),(29,(30,31)))),((((6,7),(5,11)),(8,(9,10))),((12,((13,(14,15)),16)),(17,18)))),(0,(((1,2),3),4))),((32,(33,34)),(35,36)));
Tree Score: 13407.283505315816
Score Improvement: 0.03460322334868127

Step Number: 5
Time Spent: 40.632987897 seconds
New Tree:
Tree: ((((((((22,23),(24,25)),26),(27,28)),(((19,20),21),(29,(30,31)))),((((6,7),(5,11)),(8,(9,10))),((12,((13,(14,15)),16)),(17,18)))),(((1,2),3),(0,4))),((32,(33,34)),(35,36)));
Tree Score: 13609.702256309723
Score Improvement: 0.015097670673828167

Step Number: 6
Time Spent: 43.385557131 seconds
New Tree:
Tree: (((((((27,28),26),((22,23),(24,25))),(((19,20),21),(29,(30,31)))),((((6,7),(5,11)),(8,(9,10))),((12,((13,(14,15)),16)),(17,18)))),(((1,2),3),(0,4))),((32,(33,34)),(35,36)));
Tree Score: 13747.508231428958
Score Improvement: 0.010125568695328768

Step Number: 7
Time Spent: 51.932988337 seconds
New Tree:
Tree: (((((((27,28),26),((22,23),(24,25))),(((29,(30,31)),21),(19,20))),((((6,7),(5,11)),(8,(9,10))),((12,((13,(14,15)),16)),(17,18)))),(((1,2),3),(0,4))),((32,(33,34)),(35,36)));
Tree Score: 13829.696981202269
Score Improvement: 0.0059784470312529425

Step Number: 8
Time Spent: 52.043667286 seconds
New Tree:
Tree: (((((((27,28),26),((22,23),(24,25))),(((29,21),(30,31)),(19,20))),((((6,7),(5,11)),(8,(9,10))),((12,((13,(14,15)),16)),(17,18)))),(((1,2),3),(0,4))),((32,(33,34)),(35,36)));
Tree Score: 13902.66343082899
Score Improvement: 0.005276070019892609

Step Number: 9
Time Spent: 51.614043659 seconds
New Tree:
Tree: (((((((27,28),26),((22,23),(24,25))),(((29,21),(30,31)),(19,20))),((((6,7),(5,11)),(8,(9,10))),((12,((13,(14,15)),16)),(17,18)))),(((0,4),3),(1,2))),((32,(33,34)),(35,36)));
Tree Score: 13961.471505508449
Score Improvement: 0.004229986216098158

Step Number: 10
Time Spent: 50.801373556 seconds
New Tree:
Tree: (((((((27,28),26),((22,23),(24,25))),(((29,21),(30,31)),(19,20))),((((6,7),(5,11)),(8,(9,10))),(((13,(14,15)),(12,16)),(17,18)))),(((0,4),3),(1,2))),((32,(33,34)),(35,36)));
Tree Score: 13995.172005628858
Score Improvement: 0.002413821502061042

Step Number: 11
Time Spent: 40.354894502 seconds
New Tree:
Tree: (((((((27,28),26),((22,23),(24,25))),(((29,21),(30,31)),(19,20))),((((6,7),(5,11)),(8,(9,10))),(((13,(14,15)),(12,16)),(17,18)))),(((3,4),0),(1,2))),((32,(33,34)),(35,36)));
Tree Score: 14013.88955564184
Score Improvement: 0.001337429079503405

Step Number: 12
Time Spent: 30.554956117 seconds
New Tree:
Tree: (((((((27,28),26),((22,23),(24,25))),(((29,21),(30,31)),(19,20))),((((6,7),(5,11)),(10,(9,8))),(((13,(14,15)),(12,16)),(17,18)))),(((3,4),0),(1,2))),((32,(33,34)),(35,36)));
Tree Score: 14029.17200594155
Score Improvement: 0.0010905216741599055

Step Number: 13
Time Spent: 21.587941735 seconds
New Tree:
Tree: (((((((27,28),26),((22,23),(24,25))),(((29,21),(30,31)),(19,20))),((((6,7),(5,11)),(10,(9,8))),(((13,(14,15)),(12,16)),(17,18)))),(((3,4),0),(1,2))),((32,(35,36)),(33,34)));
Tree Score: 14040.921805981412
Score Improvement: 8.375262656190596E-4

Step Number: 14
Time Spent: 20.834754546 seconds
New Tree:
Tree: (((((((27,28),26),((22,23),(24,25))),(((29,21),(30,31)),(19,20))),((((6,7),(5,11)),(10,(9,8))),(((13,(12,16)),(14,15)),(17,18)))),(((3,4),0),(1,2))),((32,(35,36)),(33,34)));
Tree Score: 14047.550906114146
Score Improvement: 4.7212713127642303E-4

Step Number: 15
Time Spent: 20.839962331 seconds
New Tree:
Tree: (((((((27,28),26),((22,23),(24,25))),(((29,21),(30,31)),(19,20))),((((6,7),(5,11)),(10,(9,8))),(((17,18),(14,15)),(13,(12,16))))),(((3,4),0),(1,2))),((32,(35,36)),(33,34)));
Tree Score: 14078.085305578872
Score Improvement: 0.0021736457599479397

Step Number: 16
Time Spent: 20.766305618 seconds
New Tree:
Tree: (((((((27,28),26),((22,23),(24,25))),(((29,21),(30,31)),(19,20))),(((5,((6,7),11)),(10,(9,8))),(((17,18),(14,15)),(13,(12,16))))),(((3,4),0),(1,2))),((32,(35,36)),(33,34)));
Tree Score: 14084.447005466656
Score Improvement: 4.518867267597759E-4

Step Number: 17
Time Spent: 20.756590835 seconds
New Tree:
Tree: (((((((27,28),26),((22,23),(24,25))),(((29,21),(30,31)),(19,20))),(((5,((6,7),11)),(10,(9,8))),(((17,18),(14,15)),(13,(12,16))))),(((3,4),0),(1,2))),((36,(35,32)),(33,34)));
Tree Score: 14085.246330486127
Score Improvement: 5.675231829549432E-5

Step Number: 18
Time Spent: 21.938753525 seconds
New Tree:
Tree: (((((((27,28),26),((22,23),(24,25))),(((29,21),(30,31)),(19,20))),(((5,((6,7),11)),(10,(9,8))),(((17,18),(14,15)),(12,(13,16))))),(((3,4),0),(1,2))),((36,(35,32)),(33,34)));
Tree Score: 14085.83348047778
Score Improvement: 4.168546135985274E-5

Step Number: 19
Time Spent: 23.912742117 seconds
New Tree:
Tree: (((((((27,28),26),((22,23),(24,25))),(((29,21),(30,31)),(19,20))),(((5,((6,7),11)),(10,(9,8))),(((17,18),(14,15)),(12,(13,16))))),(((3,4),0),(1,2))),((36,(35,32)),(33,34)));
Tree Score: 14085.83348047778
Score Improvement: 0.0

TOTAL STEPS: 19
TOTAL TIME: 673.980977487 seconds
Final tree: Tree: (((((((27,28),26),((22,23),(24,25))),(((29,21),(30,31)),(19,20))),(((5,((6,7),11)),(10,(9,8))),(((17,18),(14,15)),(12,(13,16))))),(((3,4),0),(1,2))),((36,(35,32)),(33,34)));
Tree Score: 14085.83348047778
Total Score Improvement: 0.39786517110421094

--------------ITERATION 3--------------
Input tree: ((((((0,(1,2)),3),4),(((5,6),(7,((8,9),10))),11)),(((12,13),((14,(15,16)),(17,(18,19)))),((20,((21,22),23)),(24,25)))),((((26,(27,28)),29),(((30,31),32),33)),(34,(35,36))));
Initial Score: 10445.024926639597

Step Number: 1
Time Spent: 19.908215215 seconds
New Tree:
Tree: ((((((0,(1,2)),3),4),(((5,6),(7,((8,9),10))),11)),(34,(35,36))),((((26,(27,28)),29),(((30,31),32),33)),(((12,13),((14,(15,16)),(17,(18,19)))),((20,((21,22),23)),(24,25)))));
Tree Score: 11139.857154094118
Score Improvement: 0.06652279265340777

Step Number: 2
Time Spent: 19.76798537 seconds
New Tree:
Tree: ((((((0,(1,2)),3),4),(34,(35,36))),(((5,6),(7,((8,9),10))),11)),((((26,(27,28)),29),(((30,31),32),33)),(((12,13),((14,(15,16)),(17,(18,19)))),((20,((21,22),23)),(24,25)))));
Tree Score: 12106.724182937729
Score Improvement: 0.08679348536244635

Step Number: 3
Time Spent: 19.703592266 seconds
New Tree:
Tree: (((((12,13),((14,(15,16)),(17,(18,19)))),((20,((21,22),23)),(24,25))),(((5,6),(7,((8,9),10))),11)),((((26,(27,28)),29),(((30,31),32),33)),((((0,(1,2)),3),4),(34,(35,36)))));
Tree Score: 12839.43932690154
Score Improvement: 0.060521337803040254

Step Number: 4
Time Spent: 20.365501298 seconds
New Tree:
Tree: (((((12,13),((14,(15,16)),(17,(18,19)))),((20,((21,22),23)),(24,25))),(((5,6),11),(7,((8,9),10)))),((((26,(27,28)),29),(((30,31),32),33)),((((0,(1,2)),3),4),(34,(35,36)))));
Tree Score: 13624.191901056809
Score Improvement: 0.06112047061985293

Step Number: 5
Time Spent: 19.712901481 seconds
New Tree:
Tree: (((((12,13),((14,(15,16)),(17,(18,19)))),((20,((21,22),23)),(24,25))),(((8,9),10),(7,((5,6),11)))),((((26,(27,28)),29),(((30,31),32),33)),((((0,(1,2)),3),4),(34,(35,36)))));
Tree Score: 13812.120650598457
Score Improvement: 0.013793753853912794

Step Number: 6
Time Spent: 19.707172958 seconds
New Tree:
Tree: (((((12,13),((14,(15,16)),(17,(18,19)))),((20,((21,22),23)),(24,25))),(((8,9),10),(7,((5,6),11)))),((((26,29),(27,28)),(((30,31),32),33)),((((0,(1,2)),3),4),(34,(35,36)))));
Tree Score: 13943.185775797492
Score Improvement: 0.009489138454155999

Step Number: 7
Time Spent: 19.675576902 seconds
New Tree:
Tree: (((((14,(15,16)),((12,13),(17,(18,19)))),((20,((21,22),23)),(24,25))),(((8,9),10),(7,((5,6),11)))),((((26,29),(27,28)),(((30,31),32),33)),((((0,(1,2)),3),4),(34,(35,36)))));
Tree Score: 14072.970475690903
Score Improvement: 0.00930810949379235

Step Number: 8
Time Spent: 19.666500119 seconds
New Tree:
Tree: (((((14,(15,16)),((12,13),(17,(18,19)))),((20,((21,22),23)),(24,25))),(((8,9),10),(7,((5,6),11)))),((((26,29),(27,28)),(((30,31),32),33)),(((4,3),(0,(1,2))),(34,(35,36)))));
Tree Score: 14184.804025982272
Score Improvement: 0.007946691175437781

Step Number: 9
Time Spent: 19.55828098 seconds
New Tree:
Tree: (((((14,(15,16)),((12,13),(17,(18,19)))),((20,(24,25)),((21,22),23))),(((8,9),10),(7,((5,6),11)))),((((26,29),(27,28)),(((30,31),32),33)),(((4,3),(0,(1,2))),(34,(35,36)))));
Tree Score: 14260.666951073157
Score Improvement: 0.005348182812531466

Step Number: 10
Time Spent: 19.541493301 seconds
New Tree:
Tree: (((((14,(15,16)),((12,13),(17,(18,19)))),((20,(24,25)),((21,22),23))),(((8,9),10),(7,((5,6),11)))),((((26,29),(27,28)),((33,32),(30,31))),(((4,3),(0,(1,2))),(34,(35,36)))));
Tree Score: 14334.13172625919
Score Improvement: 0.005151566573855293

Step Number: 11
Time Spent: 19.430095615 seconds
New Tree:
Tree: (((((14,(15,16)),((12,13),(17,(18,19)))),((20,(24,25)),((21,22),23))),(((8,9),10),((5,6),(7,11)))),((((26,29),(27,28)),((33,32),(30,31))),(((4,3),(0,(1,2))),(34,(35,36)))));
Tree Score: 14362.146701322983
Score Improvement: 0.001954424278972633

Step Number: 12
Time Spent: 19.437242754 seconds
New Tree:
Tree: (((((14,(15,16)),((12,13),(17,(18,19)))),((20,(24,25)),((21,22),23))),(((8,9),10),((5,6),(7,11)))),((((26,29),(27,28)),((33,32),(30,31))),(((1,2),(0,(4,3))),(34,(35,36)))));
Tree Score: 14388.832401210324
Score Improvement: 0.0018580578824531901

Step Number: 13
Time Spent: 19.433695374 seconds
New Tree:
Tree: (((((14,(15,16)),((12,13),(17,(18,19)))),((25,(24,20)),((21,22),23))),(((8,9),10),((5,6),(7,11)))),((((26,29),(27,28)),((33,32),(30,31))),(((1,2),(0,(4,3))),(34,(35,36)))));
Tree Score: 14413.97925119486
Score Improvement: 0.0017476643888367782

Step Number: 14
Time Spent: 19.42971519 seconds
New Tree:
Tree: (((((14,(15,16)),((12,13),(17,(18,19)))),((25,(24,20)),((23,22),21))),(((8,9),10),((5,6),(7,11)))),((((26,29),(27,28)),((33,32),(30,31))),(((1,2),(0,(4,3))),(34,(35,36)))));
Tree Score: 14437.332050953175
Score Improvement: 0.001620149394649495

Step Number: 15
Time Spent: 19.429383793 seconds
New Tree:
Tree: (((((15,(14,16)),((12,13),(17,(18,19)))),((25,(24,20)),((23,22),21))),(((8,9),10),((5,6),(7,11)))),((((26,29),(27,28)),((33,32),(30,31))),(((1,2),(0,(4,3))),(34,(35,36)))));
Tree Score: 14445.008475670706
Score Improvement: 5.317065985903646E-4

Step Number: 16
Time Spent: 19.434775889 seconds
New Tree:
Tree: (((((15,(14,16)),((18,19),(17,(12,13)))),((25,(24,20)),((23,22),21))),(((8,9),10),((5,6),(7,11)))),((((26,29),(27,28)),((33,32),(30,31))),(((1,2),(0,(4,3))),(34,(35,36)))));
Tree Score: 14447.422400572219
Score Improvement: 1.6711135238023367E-4

Step Number: 17
Time Spent: 19.433748245 seconds
New Tree:
Tree: (((((15,(14,16)),((18,19),(13,(12,17)))),((25,(24,20)),((23,22),21))),(((8,9),10),((5,6),(7,11)))),((((26,29),(27,28)),((33,32),(30,31))),(((1,2),(0,(4,3))),(34,(35,36)))));
Tree Score: 14459.696275629916
Score Improvement: 8.495546622357963E-4

Step Number: 18
Time Spent: 19.440913541 seconds
New Tree:
Tree: (((((13,(12,17)),((18,19),(15,(14,16)))),((25,(24,20)),((23,22),21))),(((8,9),10),((5,6),(7,11)))),((((26,29),(27,28)),((33,32),(30,31))),(((1,2),(0,(4,3))),(34,(35,36)))));
Tree Score: 14486.039826037622
Score Improvement: 0.0018218605637039254

Step Number: 19
Time Spent: 19.44146864 seconds
New Tree:
Tree: (((((13,(12,17)),((18,19),(14,(15,16)))),((25,(24,20)),((23,22),21))),(((8,9),10),((5,6),(7,11)))),((((26,29),(27,28)),((33,32),(30,31))),(((1,2),(0,(4,3))),(34,(35,36)))));
Tree Score: 14488.685126165188
Score Improvement: 1.8261030339083995E-4

Step Number: 20
Time Spent: 19.443574564 seconds
New Tree:
Tree: (((((12,(13,17)),((18,19),(14,(15,16)))),((25,(24,20)),((23,22),21))),(((8,9),10),((5,6),(7,11)))),((((26,29),(27,28)),((33,32),(30,31))),(((1,2),(0,(4,3))),(34,(35,36)))));
Tree Score: 14489.508351189344
Score Improvement: 5.6818477107256626E-5

Step Number: 21
Time Spent: 19.45508322 seconds
New Tree:
Tree: (((((12,(13,17)),((18,19),(14,(15,16)))),((25,(24,20)),((23,22),21))),(((8,9),10),((5,6),(7,11)))),((((26,29),(27,28)),((33,32),(30,31))),(((1,2),(0,(4,3))),(34,(35,36)))));
Tree Score: 14489.508351189344
Score Improvement: 0.0

TOTAL STEPS: 21
TOTAL TIME: 411.416916715 seconds
Final tree: Tree: (((((12,(13,17)),((18,19),(14,(15,16)))),((25,(24,20)),((23,22),21))),(((8,9),10),((5,6),(7,11)))),((((26,29),(27,28)),((33,32),(30,31))),(((1,2),(0,(4,3))),(34,(35,36)))));
Tree Score: 14489.508351189344
Total Score Improvement: 0.38721625395402004

--------------ITERATION 4--------------
Input tree: ((0,(((((1,(2,3)),4),((5,6),((7,8),9))),(((10,((11,12),13)),(((14,((15,16),17)),18),(19,(20,21)))),(((22,(23,24)),25),26))),27)),(((((28,29),((30,31),32)),33),34),(35,36)));
Initial Score: 9150.43620051797

Step Number: 1
Time Spent: 21.088669237 seconds
New Tree:
Tree: ((0,(((((22,(23,24)),25),26),(((10,((11,12),13)),(((14,((15,16),17)),18),(19,(20,21)))),(((1,(2,3)),4),((5,6),((7,8),9))))),27)),(((((28,29),((30,31),32)),33),34),(35,36)));
Tree Score: 10600.161523354252
Score Improvement: 0.15843237317519554

Step Number: 2
Time Spent: 20.952142029 seconds
New Tree:
Tree: ((0,(((((22,(23,24)),25),26),27),(((10,((11,12),13)),(((14,((15,16),17)),18),(19,(20,21)))),(((1,(2,3)),4),((5,6),((7,8),9)))))),(((((28,29),((30,31),32)),33),34),(35,36)));
Tree Score: 11037.040049127781
Score Improvement: 0.04121432723558027

Step Number: 3
Time Spent: 20.256485061 seconds
New Tree:
Tree: ((0,(35,36)),(((((28,29),((30,31),32)),33),34),(((((22,(23,24)),25),26),27),(((10,((11,12),13)),(((14,((15,16),17)),18),(19,(20,21)))),(((1,(2,3)),4),((5,6),((7,8),9)))))));
Tree Score: 11386.20509995405
Score Improvement: 0.03163575100498628

Step Number: 4
Time Spent: 20.21065954 seconds
New Tree:
Tree: ((0,(35,36)),(((34,33),((28,29),((30,31),32))),(((((22,(23,24)),25),26),27),(((10,((11,12),13)),(((14,((15,16),17)),18),(19,(20,21)))),(((1,(2,3)),4),((5,6),((7,8),9)))))));
Tree Score: 11737.002000301856
Score Improvement: 0.030808939174055583

Step Number: 5
Time Spent: 19.898931143 seconds
New Tree:
Tree: ((0,(35,36)),(((34,33),((28,29),((30,31),32))),(((((22,(23,24)),25),26),27),(((10,((11,12),13)),(((1,(2,3)),4),((5,6),((7,8),9)))),(((14,((15,16),17)),18),(19,(20,21)))))));
Tree Score: 12061.925252677653
Score Improvement: 0.027683666780276672

Step Number: 6
Time Spent: 20.036242528 seconds
New Tree:
Tree: ((0,(35,36)),(((34,33),((28,29),((30,31),32))),(((((22,(23,24)),25),26),27),((((5,6),((7,8),9)),(((1,(2,3)),4),(10,((11,12),13)))),(((14,((15,16),17)),18),(19,(20,21)))))));
Tree Score: 12318.965202334
Score Improvement: 0.021310026738831533

Step Number: 7
Time Spent: 20.044489946 seconds
New Tree:
Tree: ((0,(35,36)),(((34,33),((28,29),((30,31),32))),(((27,26),((22,(23,24)),25)),((((5,6),((7,8),9)),(((1,(2,3)),4),(10,((11,12),13)))),(((14,((15,16),17)),18),(19,(20,21)))))));
Tree Score: 12574.615977463325
Score Improvement: 0.020752617685849684

Step Number: 8
Time Spent: 19.794517166 seconds
New Tree:
Tree: ((0,(35,36)),(((((27,26),((22,(23,24)),25)),((((5,6),((7,8),9)),(((1,(2,3)),4),(10,((11,12),13)))),(((14,((15,16),17)),18),(19,(20,21))))),((28,29),((30,31),32))),(34,33)));
Tree Score: 12824.0466275762
Score Improvement: 0.01983604513727588

Step Number: 9
Time Spent: 20.656444511 seconds
New Tree:
Tree: ((0,(35,36)),(((((27,26),((22,(23,24)),25)),((28,29),((30,31),32))),((((5,6),((7,8),9)),(((1,(2,3)),4),(10,((11,12),13)))),(((14,((15,16),17)),18),(19,(20,21))))),(34,33)));
Tree Score: 13007.757152610777
Score Improvement: 0.014325472323185151

Step Number: 10
Time Spent: 20.420272927 seconds
New Tree:
Tree: ((0,(35,36)),(((((27,26),((22,(23,24)),25)),((28,29),((30,31),32))),((((7,8),((5,6),9)),(((1,(2,3)),4),(10,((11,12),13)))),(((14,((15,16),17)),18),(19,(20,21))))),(34,33)));
Tree Score: 13163.755727479165
Score Improvement: 0.011992734261423221

Step Number: 11
Time Spent: 20.453971767 seconds
New Tree:
Tree: ((0,(35,36)),(((((27,26),((22,(23,24)),25)),((28,29),((30,31),32))),((((7,8),((5,6),9)),(((1,(2,3)),4),((11,12),(10,13)))),(((14,((15,16),17)),18),(19,(20,21))))),(34,33)));
Tree Score: 13297.421228008276
Score Improvement: 0.0101540550657655

Step Number: 12
Time Spent: 20.426280744 seconds
New Tree:
Tree: ((0,(35,36)),(((((27,26),((22,(23,24)),25)),((28,29),((30,31),32))),((((7,8),((5,6),9)),(((1,4),(2,3)),((11,12),(10,13)))),(((14,((15,16),17)),18),(19,(20,21))))),(34,33)));
Tree Score: 13411.525827762369
Score Improvement: 0.00858095699892214

Step Number: 13
Time Spent: 20.398222917 seconds
New Tree:
Tree: ((0,(34,33)),(((((27,26),((22,(23,24)),25)),((28,29),((30,31),32))),((((7,8),((5,6),9)),(((1,4),(2,3)),((11,12),(10,13)))),(((14,((15,16),17)),18),(19,(20,21))))),(35,36)));
Tree Score: 13509.11620327055
Score Improvement: 0.00727660497108884

Step Number: 14
Time Spent: 20.404191763 seconds
New Tree:
Tree: ((0,(34,33)),(((((27,26),((22,(23,24)),25)),((28,29),((30,31),32))),((((7,8),((5,6),9)),(((1,4),(2,3)),((11,12),(10,13)))),(((14,18),((15,16),17)),(19,(20,21))))),(35,36)));
Tree Score: 13587.474753360893
Score Improvement: 0.0058004201689649815

Step Number: 15
Time Spent: 20.331323907 seconds
New Tree:
Tree: ((0,(34,33)),(((((27,26),((22,(23,24)),25)),((28,29),((30,31),32))),((((7,8),((9,6),5)),(((1,4),(2,3)),((11,12),(10,13)))),(((14,18),((15,16),17)),(19,(20,21))))),(35,36)));
Tree Score: 13613.22032840792
Score Improvement: 0.001894802052210487

Step Number: 16
Time Spent: 20.333701374 seconds
New Tree:
Tree: ((0,(34,33)),(((((27,26),((22,25),(23,24))),((28,29),((30,31),32))),((((7,8),((9,6),5)),(((1,4),(2,3)),((11,12),(10,13)))),(((14,18),((15,16),17)),(19,(20,21))))),(35,36)));
Tree Score: 13638.798528501391
Score Improvement: 0.0018789235372980162

Step Number: 17
Time Spent: 20.313142824 seconds
New Tree:
Tree: ((0,(34,33)),(((((27,26),((22,25),(23,24))),((30,31),((28,29),32))),((((7,8),((9,6),5)),(((1,4),(2,3)),((11,12),(10,13)))),(((14,18),((15,16),17)),(19,(20,21))))),(35,36)));
Tree Score: 13659.70540349707
Score Improvement: 0.0015328971208123932

Step Number: 18
Time Spent: 20.291234521 seconds
New Tree:
Tree: ((0,(34,33)),(((((27,26),((22,25),(23,24))),((30,31),((28,29),32))),((((7,8),((9,6),5)),(((1,4),(2,3)),((11,12),(10,13)))),(((15,16),((14,18),17)),(19,(20,21))))),(35,36)));
Tree Score: 13678.101678607612
Score Improvement: 0.0013467548945698127

Step Number: 19
Time Spent: 20.239218619 seconds
New Tree:
Tree: ((0,(34,33)),(((((23,24),((22,25),(27,26))),((30,31),((28,29),32))),((((7,8),((9,6),5)),(((1,4),(2,3)),((11,12),(10,13)))),(((15,16),((14,18),17)),(19,(20,21))))),(35,36)));
Tree Score: 13689.287477644486
Score Improvement: 8.1778884963013E-4

Step Number: 20
Time Spent: 20.254653124 seconds
New Tree:
Tree: ((33,(34,0)),(((((23,24),((22,25),(27,26))),((30,31),((28,29),32))),((((7,8),((9,6),5)),(((1,4),(2,3)),((11,12),(10,13)))),(((15,16),((14,18),17)),(19,(20,21))))),(35,36)));
Tree Score: 13698.965352590521
Score Improvement: 7.069670325676736E-4

Step Number: 21
Time Spent: 20.257917505 seconds
New Tree:
Tree: ((33,(34,0)),(((((23,24),((22,25),(27,26))),((30,31),((28,32),29))),((((7,8),((9,6),5)),(((1,4),(2,3)),((11,12),(10,13)))),(((15,16),((14,18),17)),(19,(20,21))))),(35,36)));
Tree Score: 13707.840177401295
Score Improvement: 6.478463579071558E-4

Step Number: 22
Time Spent: 20.37598217 seconds
New Tree:
Tree: ((33,(34,0)),(((((23,24),((22,25),(27,26))),((30,31),((28,32),29))),((((7,8),((9,6),5)),(((1,4),(2,3)),((11,12),(10,13)))),(((15,16),((17,18),14)),(19,(20,21))))),(35,36)));
Tree Score: 13715.859152558585
Score Improvement: 5.84991877167651E-4

Step Number: 23
Time Spent: 20.412034869 seconds
New Tree:
Tree: ((33,(35,36)),(((((23,24),((22,25),(27,26))),((30,31),((28,32),29))),((((7,8),((9,6),5)),(((1,4),(2,3)),((11,12),(10,13)))),(((15,16),((17,18),14)),(19,(20,21))))),(34,0)));
Tree Score: 13716.040752402134
Score Improvement: 1.3240136219616616E-5

Step Number: 24
Time Spent: 20.430525558 seconds
New Tree:
Tree: ((33,(35,36)),(((((23,24),((22,25),(27,26))),((30,31),((28,32),29))),((((7,8),((9,6),5)),(((1,4),(2,3)),((11,12),(10,13)))),(((15,16),((17,18),14)),(19,(20,21))))),(34,0)));
Tree Score: 13716.040752402134
Score Improvement: 0.0

TOTAL STEPS: 24
TOTAL TIME: 488.28125575 seconds
Final tree: Tree: ((33,(35,36)),(((((23,24),((22,25),(27,26))),((30,31),((28,32),29))),((((7,8),((9,6),5)),(((1,4),(2,3)),((11,12),(10,13)))),(((15,16),((17,18),14)),(19,(20,21))))),(34,0)));
Tree Score: 13716.040752402134
Total Score Improvement: 0.49894938906035136

--------------ITERATION 5--------------
Input tree: (((((0,1),2),(3,4)),((((5,6),(7,8)),(9,10)),(11,((12,(13,14)),(15,16))))),(((((17,18),19),((20,21),22)),23),((((24,25),26),27),(((28,(((29,30),31),((32,33),34))),35),36))));
Initial Score: 10811.869425901761

Step Number: 1
Time Spent: 20.186452132 seconds
New Tree:
Tree: (((((0,1),2),(3,4)),((((24,25),26),27),(((28,(((29,30),31),((32,33),34))),35),36))),(((((17,18),19),((20,21),22)),23),((((5,6),(7,8)),(9,10)),(11,((12,(13,14)),(15,16))))));
Tree Score: 12250.378774425099
Score Improvement: 0.13304908631962675

Step Number: 2
Time Spent: 20.174866372 seconds
New Tree:
Tree: (((((0,1),2),(3,4)),((((24,25),26),27),(((28,(((29,30),31),((32,33),34))),35),36))),(((((17,18),19),23),((20,21),22)),((((5,6),(7,8)),(9,10)),(11,((12,(13,14)),(15,16))))));
Tree Score: 13450.658173745174
Score Improvement: 0.09797896223632518

Step Number: 3
Time Spent: 20.069964205 seconds
New Tree:
Tree: (((((0,1),2),(3,4)),((((24,25),26),27),((36,35),(28,(((29,30),31),((32,33),34)))))),(((((17,18),19),23),((20,21),22)),((((5,6),(7,8)),(9,10)),(11,((12,(13,14)),(15,16))))));
Tree Score: 13700.901198170988
Score Improvement: 0.018604518915979362

Step Number: 4
Time Spent: 19.580657708 seconds
New Tree:
Tree: (((((0,1),2),(3,4)),((((24,25),26),27),((36,35),(((32,33),34),(((29,30),31),28))))),(((((17,18),19),23),((20,21),22)),((((5,6),(7,8)),(9,10)),(11,((12,(13,14)),(15,16))))));
Tree Score: 13873.602697484279
Score Improvement: 0.01260511967901401

Step Number: 5
Time Spent: 19.736369688 seconds
New Tree:
Tree: (((((0,1),2),(3,4)),((((32,33),34),(((29,30),31),28)),((36,35),(((24,25),26),27)))),(((((17,18),19),23),((20,21),22)),((((5,6),(7,8)),(9,10)),(11,((12,(13,14)),(15,16))))));
Tree Score: 14001.792698056244
Score Improvement: 0.009239849472928219

Step Number: 6
Time Spent: 19.861045319 seconds
New Tree:
Tree: (((((0,1),2),(3,4)),((((32,33),34),(((29,30),31),28)),(((24,25),26),((36,35),27)))),(((((17,18),19),23),((20,21),22)),((((5,6),(7,8)),(9,10)),(11,((12,(13,14)),(15,16))))));
Tree Score: 14103.531373038812
Score Improvement: 0.007266117787666726

Step Number: 7
Time Spent: 19.817158174 seconds
New Tree:
Tree: (((((0,1),2),(3,4)),((((32,33),34),(((29,30),31),28)),(((24,25),26),((36,35),27)))),(((((17,18),19),23),((20,21),22)),((((5,6),(7,8)),(9,10)),((12,(13,14)),(11,(15,16))))));
Tree Score: 14201.932973144965
Score Improvement: 0.006977089461031261

Step Number: 8
Time Spent: 19.829566736 seconds
New Tree:
Tree: (((((0,1),2),(3,4)),((((32,33),34),(((29,30),31),28)),(((24,25),26),((27,35),36)))),(((((17,18),19),23),((20,21),22)),((((5,6),(7,8)),(9,10)),((12,(13,14)),(11,(15,16))))));
Tree Score: 14240.237048240186
Score Improvement: 0.0026971029343436648

Step Number: 9
Time Spent: 19.820347266 seconds
New Tree:
Tree: (((((0,1),2),(3,4)),((((32,33),34),((28,31),(29,30))),(((24,25),26),((27,35),36)))),(((((17,18),19),23),((20,21),22)),((((5,6),(7,8)),(9,10)),((12,(13,14)),(11,(15,16))))));
Tree Score: 14276.637348578119
Score Improvement: 0.00255615831496514

Step Number: 10
Time Spent: 19.7355332 seconds
New Tree:
Tree: (((((32,33),34),((28,31),(29,30))),((((0,1),2),(3,4)),(((24,25),26),((27,35),36)))),(((((17,18),19),23),((20,21),22)),((((5,6),(7,8)),(9,10)),((12,(13,14)),(11,(15,16))))));
Tree Score: 14301.918876267137
Score Improvement: 0.0017708320994465065

Step Number: 11
Time Spent: 19.692752549 seconds
New Tree:
Tree: (((((32,33),34),((28,31),(29,30))),((((0,1),2),(3,4)),(((24,25),26),((27,35),36)))),(((((17,18),19),23),((20,21),22)),((((5,6),(7,8)),(9,10)),((12,(13,14)),(16,(15,11))))));
Tree Score: 14319.306301347078
Score Improvement: 0.001215740714960667

Step Number: 12
Time Spent: 19.674505467 seconds
New Tree:
Tree: (((((32,33),34),((28,31),(29,30))),((((0,1),2),(3,4)),(((24,25),26),((27,35),36)))),(((((17,18),19),23),((20,21),22)),((((5,6),(7,8)),(9,10)),((13,(12,14)),(16,(15,11))))));
Tree Score: 14327.84037647313
Score Improvement: 5.959838379354654E-4

Step Number: 13
Time Spent: 19.673854336 seconds
New Tree:
Tree: (((((32,33),34),((28,31),(29,30))),((((0,1),2),(3,4)),(((24,25),26),((27,35),36)))),(((((19,18),17),23),((20,21),22)),((((5,6),(7,8)),(9,10)),((13,(12,14)),(16,(15,11))))));
Tree Score: 14336.031901539402
Score Improvement: 5.717208491324843E-4

Step Number: 14
Time Spent: 19.6752916 seconds
New Tree:
Tree: (((((32,33),34),((28,31),(29,30))),((((0,1),2),(3,4)),(((24,25),26),((27,35),36)))),((((23,17),(19,18)),((20,21),22)),((((5,6),(7,8)),(9,10)),((13,(12,14)),(16,(15,11))))));
Tree Score: 14347.30477646166
Score Improvement: 7.863316013581034E-4

Step Number: 15
Time Spent: 19.602412081 seconds
New Tree:
Tree: (((((32,33),34),((28,31),(29,30))),((((0,1),2),(3,4)),(((26,25),24),((27,35),36)))),((((23,17),(19,18)),((20,21),22)),((((5,6),(7,8)),(9,10)),((13,(12,14)),(16,(15,11))))));
Tree Score: 14354.332476490974
Score Improvement: 4.898271932469722E-4

Step Number: 16
Time Spent: 19.581917715 seconds
New Tree:
Tree: (((((32,33),34),((28,31),(29,30))),((((2,1),0),(3,4)),(((26,25),24),((27,35),36)))),((((23,17),(19,18)),((20,21),22)),((((5,6),(7,8)),(9,10)),((13,(12,14)),(16,(15,11))))));
Tree Score: 14359.167876737058
Score Improvement: 3.368599866280242E-4

Step Number: 17
Time Spent: 19.627067731 seconds
New Tree:
Tree: (((((32,33),34),((28,31),(29,30))),((((3,4),0),(2,1)),(((26,25),24),((27,35),36)))),((((23,17),(19,18)),((20,21),22)),((((5,6),(7,8)),(9,10)),((13,(12,14)),(16,(15,11))))));
Tree Score: 14387.644326585909
Score Improvement: 0.001983154601527204

Step Number: 18
Time Spent: 19.618705493 seconds
New Tree:
Tree: (((((32,33),34),((28,31),(29,30))),((((3,4),0),(2,1)),(((26,25),24),((27,35),36)))),((((23,17),(19,18)),((20,22),21)),((((5,6),(7,8)),(9,10)),((13,(12,14)),(16,(15,11))))));
Tree Score: 14388.808626372
Score Improvement: 8.092358690992008E-5

Step Number: 19
Time Spent: 19.615439995 seconds
New Tree:
Tree: (((((32,33),34),((28,31),(29,30))),((((3,4),0),(2,1)),(((26,25),24),((27,35),36)))),((((23,17),(19,18)),((20,22),21)),((((5,6),(7,8)),(9,10)),((13,(12,14)),(16,(15,11))))));
Tree Score: 14388.808626372
Score Improvement: 0.0

TOTAL STEPS: 19
TOTAL TIME: 375.573907767 seconds
Final tree: Tree: (((((32,33),34),((28,31),(29,30))),((((3,4),0),(2,1)),(((26,25),24),((27,35),36)))),((((23,17),(19,18)),((20,22),21)),((((5,6),(7,8)),(9,10)),((13,(12,14)),(16,(15,11))))));
Tree Score: 14388.808626372
Total Score Improvement: 0.330834480103972

--------------ITERATION 6--------------
Input tree: ((((0,(1,(((2,(3,4)),5),(6,((7,8),9))))),(10,11)),(((12,13),(((14,(15,16)),17),18)),((19,20),(21,22)))),((((23,24),25),((26,27),(28,29))),((30,31),(32,(33,((34,35),36))))));
Initial Score: 12658.080849885708

Step Number: 1
Time Spent: 19.940406947 seconds
New Tree:
Tree: ((((0,(10,11)),(1,(((2,(3,4)),5),(6,((7,8),9))))),(((12,13),(((14,(15,16)),17),18)),((19,20),(21,22)))),((((23,24),25),((26,27),(28,29))),((30,31),(32,(33,((34,35),36))))));
Tree Score: 13011.803523729322
Score Improvement: 0.027944415748206275

Step Number: 2
Time Spent: 19.660320353 seconds
New Tree:
Tree: ((((((2,(3,4)),5),(6,((7,8),9))),(1,(0,(10,11)))),(((12,13),(((14,(15,16)),17),18)),((19,20),(21,22)))),((((23,24),25),((26,27),(28,29))),((30,31),(32,(33,((34,35),36))))));
Tree Score: 13362.489248246653
Score Improvement: 0.026951354120725357

Step Number: 3
Time Spent: 19.877054338 seconds
New Tree:
Tree: ((((((2,(3,4)),5),((7,8),(6,9))),(1,(0,(10,11)))),(((12,13),(((14,(15,16)),17),18)),((19,20),(21,22)))),((((23,24),25),((26,27),(28,29))),((30,31),(32,(33,((34,35),36))))));
Tree Score: 13496.633973081363
Score Improvement: 0.010038902358878277

Step Number: 4
Time Spent: 19.889976652 seconds
New Tree:
Tree: ((((((2,(3,4)),5),((7,8),(6,9))),(1,(0,(10,11)))),(((12,13),(((14,(15,16)),17),18)),((19,20),(21,22)))),((((23,24),25),((26,27),(28,29))),((30,31),(((34,35),36),(33,32)))));
Tree Score: 13610.181073085172
Score Improvement: 0.008412993953179404

Step Number: 5
Time Spent: 19.980864955 seconds
New Tree:
Tree: ((((((2,5),(3,4)),((7,8),(6,9))),(1,(0,(10,11)))),(((12,13),(((14,(15,16)),17),18)),((19,20),(21,22)))),((((23,24),25),((26,27),(28,29))),((30,31),(((34,35),36),(33,32)))));
Tree Score: 13693.229748176644
Score Improvement: 0.00610195225511756

Step Number: 6
Time Spent: 19.966107283 seconds
New Tree:
Tree: ((((((2,5),(3,4)),((7,8),(6,9))),(1,(0,(10,11)))),(((12,13),((18,17),(14,(15,16)))),((19,20),(21,22)))),((((23,24),25),((26,27),(28,29))),((30,31),(((34,35),36),(33,32)))));
Tree Score: 13762.053723199526
Score Improvement: 0.005026131620412322

Step Number: 7
Time Spent: 19.841492763 seconds
New Tree:
Tree: (((((1,(0,(10,11))),((7,8),(6,9))),((2,5),(3,4))),(((12,13),((18,17),(14,(15,16)))),((19,20),(21,22)))),((((23,24),25),((26,27),(28,29))),((30,31),(((34,35),36),(33,32)))));
Tree Score: 13797.654923888855
Score Improvement: 0.002586910457217151

Step Number: 8
Time Spent: 19.816976307 seconds
New Tree:
Tree: (((((1,(0,(10,11))),((7,8),(6,9))),((2,5),(3,4))),(((12,13),((18,17),(14,(15,16)))),((19,20),(21,22)))),((((25,24),23),((26,27),(28,29))),((30,31),(((34,35),36),(33,32)))));
Tree Score: 13816.062173831277
Score Improvement: 0.0013340853966823385

Step Number: 9
Time Spent: 19.853052054 seconds
New Tree:
Tree: (((((1,(0,(10,11))),((7,8),(6,9))),((2,5),(3,4))),(((12,13),((18,17),(14,(15,16)))),((19,20),(21,22)))),((((25,24),23),((26,27),(28,29))),((30,31),(((33,32),36),(34,35)))));
Tree Score: 13825.561074251309
Score Improvement: 6.875258883840552E-4

Step Number: 10
Time Spent: 19.943337488 seconds
New Tree:
Tree: (((((1,(0,(10,11))),((7,8),(6,9))),((2,5),(3,4))),(((12,13),((18,17),(14,(15,16)))),((19,20),(21,22)))),((((25,24),23),((26,27),(28,29))),(((33,32),36),((30,31),(34,35)))));
Tree Score: 13923.778724466218
Score Improvement: 0.00710406251778295

Step Number: 11
Time Spent: 19.944545603 seconds
New Tree:
Tree: (((((1,(0,(10,11))),((7,8),(6,9))),((2,5),(3,4))),(((12,13),((18,17),(14,(15,16)))),((19,20),(21,22)))),((((25,24),23),((26,27),(28,29))),(((36,32),33),((30,31),(34,35)))));
Tree Score: 13947.676749184495
Score Improvement: 0.0017163462010700847

Step Number: 12
Time Spent: 19.943993576 seconds
New Tree:
Tree: ((((((10,11),(0,1)),((7,8),(6,9))),((2,5),(3,4))),(((12,13),((18,17),(14,(15,16)))),((19,20),(21,22)))),((((25,24),23),((26,27),(28,29))),(((36,32),33),((30,31),(34,35)))));
Tree Score: 13952.029724059394
Score Improvement: 3.120931860678411E-4

Step Number: 13
Time Spent: 19.979988448 seconds
New Tree:
Tree: ((((((10,11),(0,1)),((2,5),(3,4))),((7,8),(6,9))),(((12,13),((18,17),(14,(15,16)))),((19,20),(21,22)))),((((25,24),23),((26,27),(28,29))),(((36,32),33),((30,31),(34,35)))));
Tree Score: 14001.878425582778
Score Improvement: 0.0035728637703102972

Step Number: 14
Time Spent: 19.984063057 seconds
New Tree:
Tree: ((((((12,13),((18,17),(14,(15,16)))),((19,20),(21,22))),((7,8),(6,9))),(((10,11),(0,1)),((2,5),(3,4)))),((((25,24),23),((26,27),(28,29))),(((36,32),33),((30,31),(34,35)))));
Tree Score: 14025.638048478868
Score Improvement: 0.0016968882441286137

Step Number: 15
Time Spent: 20.23315919 seconds
New Tree:
Tree: ((((((7,8),(6,9)),((19,20),(21,22))),((12,13),((18,17),(14,(15,16))))),(((10,11),(0,1)),((2,5),(3,4)))),((((25,24),23),((26,27),(28,29))),(((36,32),33),((30,31),(34,35)))));
Tree Score: 14061.382899057586
Score Improvement: 0.002548536505445842

Step Number: 16
Time Spent: 20.035934528 seconds
New Tree:
Tree: ((((((7,8),(6,9)),((19,20),(21,22))),((14,(15,16)),((18,17),(12,13)))),(((10,11),(0,1)),((2,5),(3,4)))),((((25,24),23),((26,27),(28,29))),(((36,32),33),((30,31),(34,35)))));
Tree Score: 14230.2799496972
Score Improvement: 0.012011411100321778

Step Number: 17
Time Spent: 20.08327288 seconds
New Tree:
Tree: ((((((7,8),(6,9)),((19,20),(21,22))),((15,(14,16)),((18,17),(12,13)))),(((10,11),(0,1)),((2,5),(3,4)))),((((25,24),23),((26,27),(28,29))),(((36,32),33),((30,31),(34,35)))));
Tree Score: 14237.868499394972
Score Improvement: 5.332677729881219E-4

Step Number: 18
Time Spent: 20.09279141 seconds
New Tree:
Tree: ((((((7,8),(6,9)),((19,20),(21,22))),((15,(14,16)),((18,17),(12,13)))),(((10,11),(0,1)),((2,5),(3,4)))),((((25,24),23),((26,27),(28,29))),(((36,32),33),((30,31),(34,35)))));
Tree Score: 14237.868499394972
Score Improvement: 0.0

TOTAL STEPS: 18
TOTAL TIME: 359.067337832 seconds
Final tree: Tree: ((((((7,8),(6,9)),((19,20),(21,22))),((15,(14,16)),((18,17),(12,13)))),(((10,11),(0,1)),((2,5),(3,4)))),((((25,24),23),((26,27),(28,29))),(((36,32),33),((30,31),(34,35)))));
Tree Score: 14237.868499394972
Total Score Improvement: 0.12480467365031322

--------------ITERATION 7--------------
Input tree: ((0,(1,2)),(((((((3,4),5),6),((7,8),9)),((10,11),((12,13),14))),(((15,(16,(17,18))),19),(20,21))),(22,(23,(((24,25),(26,27)),(((28,29),30),((31,(32,33)),(34,(35,36)))))))));
Initial Score: 9874.851375331762

Step Number: 1
Time Spent: 20.086876901 seconds
New Tree:
Tree: ((0,(1,2)),(((((((3,4),5),6),((7,8),9)),((10,11),((12,13),14))),(((15,(16,(17,18))),19),(20,21))),((((24,25),(26,27)),(((28,29),30),((31,(32,33)),(34,(35,36))))),(23,22))));
Tree Score: 10794.576874870467
Score Improvement: 0.09313816123210317

Step Number: 2
Time Spent: 20.595720517 seconds
New Tree:
Tree: ((0,(1,2)),((23,22),((((24,25),(26,27)),(((28,29),30),((31,(32,33)),(34,(35,36))))),((((((3,4),5),6),((7,8),9)),((10,11),((12,13),14))),(((15,(16,(17,18))),19),(20,21))))));
Tree Score: 12262.385225968852
Score Improvement: 0.13597646004220976

Step Number: 3
Time Spent: 20.739212718 seconds
New Tree:
Tree: ((0,(1,2)),((23,22),((((((((3,4),5),6),((7,8),9)),((10,11),((12,13),14))),(((15,(16,(17,18))),19),(20,21))),(((28,29),30),((31,(32,33)),(34,(35,36))))),((24,25),(26,27)))));
Tree Score: 13061.27100057799
Score Improvement: 0.06514929680379677

Step Number: 4
Time Spent: 21.629478791 seconds
New Tree:
Tree: ((0,(1,2)),((23,22),((((((((3,4),5),6),((7,8),9)),((10,11),((12,13),14))),(((20,21),19),(15,(16,(17,18))))),(((28,29),30),((31,(32,33)),(34,(35,36))))),((24,25),(26,27)))));
Tree Score: 13333.783751282297
Score Improvement: 0.020864183178822993

Step Number: 5
Time Spent: 21.481528972 seconds
New Tree:
Tree: ((0,(1,2)),((23,22),(((((((6,5),(3,4)),((7,8),9)),((10,11),((12,13),14))),(((20,21),19),(15,(16,(17,18))))),(((28,29),30),((31,(32,33)),(34,(35,36))))),((24,25),(26,27)))));
Tree Score: 13457.973401078656
Score Improvement: 0.009313909098339401

Step Number: 6
Time Spent: 21.410341706 seconds
New Tree:
Tree: (((((((((6,5),(3,4)),((7,8),9)),((10,11),((12,13),14))),(((20,21),19),(15,(16,(17,18))))),(((28,29),30),((31,(32,33)),(34,(35,36))))),((24,25),(26,27))),(1,2)),((23,22),0));
Tree Score: 13520.380951476916
Score Improvement: 0.004637217546682004

Step Number: 7
Time Spent: 22.481355556 seconds
New Tree:
Tree: (((((((((6,5),(3,4)),((7,8),9)),((10,11),((12,13),14))),(((20,21),19),((17,18),(16,15)))),(((28,29),30),((31,(32,33)),(34,(35,36))))),((24,25),(26,27))),(1,2)),((23,22),0));
Tree Score: 13578.694651385471
Score Improvement: 0.004313021956839469

Step Number: 8
Time Spent: 22.516572185 seconds
New Tree:
Tree: ((((((((((7,8),9),(3,4)),(6,5)),((10,11),((12,13),14))),(((20,21),19),((17,18),(16,15)))),(((28,29),30),((31,(32,33)),(34,(35,36))))),((24,25),(26,27))),(1,2)),((23,22),0));
Tree Score: 13604.019976409336
Score Improvement: 0.0018650780265745404

Step Number: 9
Time Spent: 22.855589178 seconds
New Tree:
Tree: ((((((((((7,8),9),(3,4)),(6,5)),((10,11),((12,13),14))),(((20,21),19),((17,18),(16,15)))),(((28,29),30),((33,(32,31)),(34,(35,36))))),((24,25),(26,27))),(1,2)),((23,22),0));
Tree Score: 13611.078026643207
Score Improvement: 5.188209254405329E-4

Step Number: 10
Time Spent: 23.071403075 seconds
New Tree:
Tree: ((((((((((7,8),9),(3,4)),(6,5)),((10,11),((12,13),14))),(((20,21),19),((17,18),(16,15)))),(((28,29),30),((33,(32,31)),(34,(35,36))))),((24,25),(26,27))),(1,2)),((23,0),22));
Tree Score: 13617.03687656503
Score Improvement: 4.3779411962519E-4

Step Number: 11
Time Spent: 23.070589704 seconds
New Tree:
Tree: ((((((((((7,8),9),(3,4)),(6,5)),((10,11),((12,13),14))),(((20,21),19),((17,18),(16,15)))),(((28,29),30),((33,(32,31)),(36,(35,34))))),((24,25),(26,27))),(1,2)),((23,0),22));
Tree Score: 13622.96885160934
Score Improvement: 4.356289182501083E-4

Step Number: 12
Time Spent: 23.058638951 seconds
New Tree:
Tree: ((((((((((7,8),9),(3,4)),(6,5)),((10,11),((12,13),14))),(((20,21),19),((17,18),(16,15)))),(((30,29),28),((33,(32,31)),(36,(35,34))))),((24,25),(26,27))),(1,2)),((23,0),22));
Tree Score: 13624.590651499291
Score Improvement: 1.1904893181635678E-4

Step Number: 13
Time Spent: 23.066516211 seconds
New Tree:
Tree: ((((((((((7,8),9),(3,4)),(6,5)),((10,11),((12,13),14))),(((20,21),19),((17,18),(16,15)))),(((30,29),28),((33,(32,31)),(36,(35,34))))),((24,25),(26,27))),(1,2)),((23,0),22));
Tree Score: 13624.590651499291
Score Improvement: 0.0

TOTAL STEPS: 13
TOTAL TIME: 286.063824465 seconds
Final tree: Tree: ((((((((((7,8),9),(3,4)),(6,5)),((10,11),((12,13),14))),(((20,21),19),((17,18),(16,15)))),(((30,29),28),((33,(32,31)),(36,(35,34))))),((24,25),(26,27))),(1,2)),((23,0),22));
Tree Score: 13624.590651499291
Total Score Improvement: 0.37972614813572836

--------------ITERATION 8--------------
Input tree: ((((0,(1,(((2,3),4),5))),(((6,7),8),((9,10),((((11,12),13),(14,(15,(16,17)))),18)))),((19,20),21)),((22,23),((24,25),((((26,27),(28,(29,30))),(31,(32,33))),((34,35),36)))));
Initial Score: 9007.191901519313

Step Number: 1
Time Spent: 21.096427626 seconds
New Tree:
Tree: ((((0,(1,(((2,3),4),5))),(((((11,12),13),(14,(15,(16,17)))),18),((9,10),((6,7),8)))),((19,20),21)),((22,23),((24,25),((((26,27),(28,(29,30))),(31,(32,33))),((34,35),36)))));
Tree Score: 10221.704929548781
Score Improvement: 0.13483814282058404

Step Number: 2
Time Spent: 21.288630978 seconds
New Tree:
Tree: ((((0,(1,(((2,3),4),5))),(((((11,12),13),(14,(15,(16,17)))),18),((9,10),((6,7),8)))),((24,25),((((26,27),(28,(29,30))),(31,(32,33))),((34,35),36)))),((22,23),((19,20),21)));
Tree Score: 11324.995452682953
Score Improvement: 0.10793605672814843

Step Number: 3
Time Spent: 23.652262066 seconds
New Tree:
Tree: ((((0,(1,(((2,3),4),5))),((24,25),((((26,27),(28,(29,30))),(31,(32,33))),((34,35),36)))),(((((11,12),13),(14,(15,(16,17)))),18),((9,10),((6,7),8)))),((22,23),((19,20),21)));
Tree Score: 12477.459902019706
Score Improvement: 0.10176290614436656

Step Number: 4
Time Spent: 21.311466633 seconds
New Tree:
Tree: (((((((2,3),4),5),(1,0)),((24,25),((((26,27),(28,(29,30))),(31,(32,33))),((34,35),36)))),(((((11,12),13),(14,(15,(16,17)))),18),((9,10),((6,7),8)))),((22,23),((19,20),21)));
Tree Score: 13077.009325744119
Score Improvement: 0.04805059911491805

Step Number: 5
Time Spent: 21.453342147 seconds
New Tree:
Tree: (((((((2,3),4),5),(1,0)),((((26,27),(28,(29,30))),(31,(32,33))),((24,25),((34,35),36)))),(((((11,12),13),(14,(15,(16,17)))),18),((9,10),((6,7),8)))),((22,23),((19,20),21)));
Tree Score: 13443.638375313487
Score Improvement: 0.02803615417231531

Step Number: 6
Time Spent: 21.426493342 seconds
New Tree:
Tree: ((((((26,27),(28,(29,30))),(31,(32,33))),(((((2,3),4),5),(1,0)),((24,25),((34,35),36)))),(((((11,12),13),(14,(15,(16,17)))),18),((9,10),((6,7),8)))),((22,23),((19,20),21)));
Tree Score: 14409.776175556239
Score Improvement: 0.07186579802807458

Step Number: 7
Time Spent: 21.416257892 seconds
New Tree:
Tree: ((((((26,27),(28,(29,30))),(31,(32,33))),(((((2,3),4),5),(1,0)),((24,25),((34,35),36)))),(((((11,12),13),(14,(15,(16,17)))),18),((9,10),((6,7),8)))),((19,20),((22,23),21)));
Tree Score: 14586.917975058313
Score Improvement: 0.012293168009269051

Step Number: 8
Time Spent: 21.41757426 seconds
New Tree:
Tree: ((((((26,27),(28,(29,30))),(31,(32,33))),((((1,0),5),((2,3),4)),((24,25),((34,35),36)))),(((((11,12),13),(14,(15,(16,17)))),18),((9,10),((6,7),8)))),((19,20),((22,23),21)));
Tree Score: 14685.201649493538
Score Improvement: 0.006737795784090617

Step Number: 9
Time Spent: 21.303939838 seconds
New Tree:
Tree: ((((((26,27),(28,(29,30))),(31,(32,33))),((((1,0),5),((2,3),4)),((24,25),((34,35),36)))),(((((11,12),13),((16,17),(15,14))),18),((9,10),((6,7),8)))),((19,20),((22,23),21)));
Tree Score: 14760.409749328159
Score Improvement: 0.005121352885012254

Step Number: 10
Time Spent: 21.363403545 seconds
New Tree:
Tree: ((((((26,27),(28,(29,30))),(31,(32,33))),((((1,0),5),((2,3),4)),((34,35),((24,25),36)))),(((((11,12),13),((16,17),(15,14))),18),((9,10),((6,7),8)))),((19,20),((22,23),21)));
Tree Score: 14818.200674715452
Score Improvement: 0.003915265657846945

Step Number: 11
Time Spent: 21.374606227 seconds
New Tree:
Tree: ((((((26,27),(28,(29,30))),(31,(32,33))),((((1,0),5),((4,3),2)),((34,35),((24,25),36)))),(((((11,12),13),((16,17),(15,14))),18),((9,10),((6,7),8)))),((19,20),((22,23),21)));
Tree Score: 14851.644474478206
Score Improvement: 0.0022569406702541706

Step Number: 12
Time Spent: 21.409354011 seconds
New Tree:
Tree: ((((((26,27),(28,(29,30))),(31,(32,33))),((((1,0),5),((4,3),2)),((34,35),((24,25),36)))),(((((11,12),13),18),((16,17),(15,14))),((9,10),((6,7),8)))),((19,20),((22,23),21)));
Tree Score: 14879.810949221952
Score Improvement: 0.0018965222869526954

Step Number: 13
Time Spent: 21.272702905 seconds
New Tree:
Tree: ((((((26,27),(28,(29,30))),(31,(32,33))),((((1,0),5),((4,3),2)),((34,35),((24,25),36)))),((((18,13),(11,12)),((16,17),(15,14))),((9,10),((6,7),8)))),((19,20),((22,23),21)));
Tree Score: 14979.638024181826
Score Improvement: 0.006708894037736002

Step Number: 14
Time Spent: 21.213601465 seconds
New Tree:
Tree: ((((((26,27),(28,(29,30))),(31,(32,33))),((((1,0),5),((4,3),2)),((34,35),((24,36),25)))),((((18,13),(11,12)),((16,17),(15,14))),((9,10),((6,7),8)))),((19,20),((22,23),21)));
Tree Score: 14998.431198918028
Score Improvement: 0.001254581366109342

Step Number: 15
Time Spent: 21.212524792 seconds
New Tree:
Tree: ((((((26,27),(28,(29,30))),(31,(32,33))),((((1,0),5),((4,3),2)),((34,35),((24,36),25)))),(((16,17),(((18,13),(11,12)),(15,14))),((9,10),((6,7),8)))),((19,20),((22,23),21)));
Tree Score: 15015.187098902417
Score Improvement: 0.0011171768408417826

Step Number: 16
Time Spent: 21.215334855 seconds
New Tree:
Tree: ((((((26,27),(28,(29,30))),(31,(32,33))),((((1,0),5),((4,3),2)),((34,35),((24,36),25)))),(((16,17),(((18,13),(15,14)),(11,12))),((9,10),((6,7),8)))),((19,20),((22,23),21)));
Tree Score: 15055.868574064923
Score Improvement: 0.002709355194480345

Step Number: 17
Time Spent: 21.213954303 seconds
New Tree:
Tree: ((((((26,27),(29,(28,30))),(31,(32,33))),((((1,0),5),((4,3),2)),((34,35),((24,36),25)))),(((16,17),(((18,13),(15,14)),(11,12))),((9,10),((6,7),8)))),((19,20),((22,23),21)));
Tree Score: 15072.55082418467
Score Improvement: 0.001108023096620503

Step Number: 18
Time Spent: 21.22192501 seconds
New Tree:
Tree: ((((((26,27),(29,(28,30))),(31,(32,33))),((((1,5),0),((4,3),2)),((34,35),((24,36),25)))),(((16,17),(((18,13),(15,14)),(11,12))),((9,10),((6,7),8)))),((19,20),((22,23),21)));
Tree Score: 15084.634224311216
Score Improvement: 8.016824933945177E-4

Step Number: 19
Time Spent: 21.275134499 seconds
New Tree:
Tree: ((((((26,27),(29,(28,30))),(31,(32,33))),((((1,5),0),((4,3),2)),((34,35),((24,36),25)))),(((16,17),(((18,13),(15,14)),(11,12))),((9,10),((6,7),8)))),((19,20),((22,21),23)));
Tree Score: 15095.494974388508
Score Improvement: 7.199876321686283E-4

Step Number: 20
Time Spent: 21.269814269 seconds
New Tree:
Tree: ((((((26,27),(29,(28,30))),(31,(32,33))),((((1,5),0),((4,3),2)),((34,35),((24,36),25)))),(((16,17),(((18,13),(15,14)),(11,12))),((9,10),((8,7),6)))),((19,20),((22,21),23)));
Tree Score: 15105.00909928861
Score Improvement: 6.302625330434353E-4

Step Number: 21
Time Spent: 21.218142615 seconds
New Tree:
Tree: ((((((26,27),(29,(28,30))),(31,(32,33))),((((1,5),0),((4,3),2)),((34,35),((24,36),25)))),(((16,17),(((18,13),(15,14)),(11,12))),((9,10),((8,7),6)))),((19,20),((22,21),23)));
Tree Score: 15105.00909928861
Score Improvement: 0.0

TOTAL STEPS: 21
TOTAL TIME: 449.626893278 seconds
Final tree: Tree: ((((((26,27),(29,(28,30))),(31,(32,33))),((((1,5),0),((4,3),2)),((34,35),((24,36),25)))),(((16,17),(((18,13),(15,14)),(11,12))),((9,10),((8,7),6)))),((19,20),((22,21),23)));
Tree Score: 15105.00909928861
Total Score Improvement: 0.6769942579707591

--------------ITERATION 9--------------
Input tree: (((((0,1),((2,3),4)),(5,((((6,7),((8,9),10)),11),(12,13)))),(((((14,15),16),17),18),((19,((20,21),(22,(23,24)))),((((25,26),27),(28,29)),((30,31),32))))),((33,34),(35,36)));
Initial Score: 9685.980700065877

Step Number: 1
Time Spent: 21.192485092 seconds
New Tree:
Tree: (((((0,1),((2,3),4)),((((6,7),((8,9),10)),11),(5,(12,13)))),(((((14,15),16),17),18),((19,((20,21),(22,(23,24)))),((((25,26),27),(28,29)),((30,31),32))))),((33,34),(35,36)));
Tree Score: 10719.64630009119
Score Improvement: 0.10671770180362672

Step Number: 2
Time Spent: 21.180675141 seconds
New Tree:
Tree: ((((((((14,15),16),17),18),((19,((20,21),(22,(23,24)))),((((25,26),27),(28,29)),((30,31),32)))),((((6,7),((8,9),10)),11),(5,(12,13)))),((0,1),((2,3),4))),((33,34),(35,36)));
Tree Score: 11763.923678389649
Score Improvement: 0.09741714876260188

Step Number: 3
Time Spent: 22.161453353 seconds
New Tree:
Tree: ((((((((14,15),16),17),18),((((6,7),((8,9),10)),11),(5,(12,13)))),((19,((20,21),(22,(23,24)))),((((25,26),27),(28,29)),((30,31),32)))),((0,1),((2,3),4))),((33,34),(35,36)));
Tree Score: 13233.91208259012
Score Improvement: 0.12495732243663249

Step Number: 4
Time Spent: 21.912319926 seconds
New Tree:
Tree: ((((((((14,15),16),17),18),(((5,(12,13)),11),((6,7),((8,9),10)))),((19,((20,21),(22,(23,24)))),((((25,26),27),(28,29)),((30,31),32)))),((0,1),((2,3),4))),((33,34),(35,36)));
Tree Score: 13807.11700745589
Score Improvement: 0.04331333934278225

Step Number: 5
Time Spent: 21.737144927 seconds
New Tree:
Tree: ((((((18,17),((14,15),16)),(((5,(12,13)),11),((6,7),((8,9),10)))),((19,((20,21),(22,(23,24)))),((((25,26),27),(28,29)),((30,31),32)))),((0,1),((2,3),4))),((33,34),(35,36)));
Tree Score: 14002.466382618164
Score Improvement: 0.014148455108824232

Step Number: 6
Time Spent: 21.611799308 seconds
New Tree:
Tree: ((((((18,17),((14,15),16)),(((5,(12,13)),11),((6,7),((8,9),10)))),(((20,21),(19,(22,(23,24)))),((((25,26),27),(28,29)),((30,31),32)))),((0,1),((2,3),4))),((33,34),(35,36)));
Tree Score: 14178.558782237276
Score Improvement: 0.012575813060883512

Step Number: 7
Time Spent: 21.613780635 seconds
New Tree:
Tree: (((((((25,26),27),(28,29)),((30,31),32)),(((20,21),(19,(22,(23,24)))),(((18,17),((14,15),16)),(((5,(12,13)),11),((6,7),((8,9),10)))))),((0,1),((2,3),4))),((33,34),(35,36)));
Tree Score: 14335.496450046237
Score Improvement: 0.011068661506384636

Step Number: 8
Time Spent: 21.496430308 seconds
New Tree:
Tree: (((((((25,26),27),(28,29)),((30,31),32)),((((5,(12,13)),11),((6,7),((8,9),10))),(((18,17),((14,15),16)),((20,21),(19,(22,(23,24))))))),((0,1),((2,3),4))),((33,34),(35,36)));
Tree Score: 15550.996102074496
Score Improvement: 0.08478950528597418

Step Number: 9
Time Spent: 21.636015935 seconds
New Tree:
Tree: (((((((25,26),27),(28,29)),((30,31),32)),((((5,(12,13)),11),((6,7),((8,9),10))),(((18,17),((14,15),16)),((20,21),((23,24),(22,19)))))),((0,1),((2,3),4))),((33,34),(35,36)));
Tree Score: 15620.963526696301
Score Improvement: 0.004499224626033582

Step Number: 10
Time Spent: 21.691791115 seconds
New Tree:
Tree: (((((((25,26),27),(28,29)),((30,31),32)),((((5,(12,13)),11),((6,7),((8,9),10))),(((18,17),((14,15),16)),((20,21),((23,24),(22,19)))))),((2,3),((0,1),4))),((33,34),(35,36)));
Tree Score: 15676.148252530591
Score Improvement: 0.003532735080008287

Step Number: 11
Time Spent: 21.691929121 seconds
New Tree:
Tree: (((((((25,26),27),(28,29)),((30,31),32)),((((5,(12,13)),11),((6,7),((8,9),10))),(((18,17),((16,15),14)),((20,21),((23,24),(22,19)))))),((2,3),((0,1),4))),((33,34),(35,36)));
Tree Score: 15689.31162770708
Score Improvement: 8.397072395869287E-4

Step Number: 12
Time Spent: 21.639861257 seconds
New Tree:
Tree: (((((((25,26),27),(28,29)),((30,31),32)),((((5,11),(12,13)),((6,7),((8,9),10))),(((18,17),((16,15),14)),((20,21),((23,24),(22,19)))))),((2,3),((0,1),4))),((33,34),(35,36)));
Tree Score: 15699.439627780695
Score Improvement: 6.455350186129749E-4

Step Number: 13
Time Spent: 21.591887069 seconds
New Tree:
Tree: (((((((27,26),25),(28,29)),((30,31),32)),((((5,11),(12,13)),((6,7),((8,9),10))),(((18,17),((16,15),14)),((20,21),((23,24),(22,19)))))),((2,3),((0,1),4))),((33,34),(35,36)));
Tree Score: 15705.423377855797
Score Improvement: 3.8114418201984357E-4

Step Number: 14
Time Spent: 21.610200083 seconds
New Tree:
Tree: (((((((28,29),25),(27,26)),((30,31),32)),((((5,11),(12,13)),((6,7),((8,9),10))),(((18,17),((16,15),14)),((20,21),((23,24),(22,19)))))),((2,3),((0,1),4))),((33,34),(35,36)));
Tree Score: 15726.77187757485
Score Improvement: 0.0013593074955975393

Step Number: 15
Time Spent: 21.616175004 seconds
New Tree:
Tree: (((((((28,29),25),(27,26)),((30,31),32)),((((5,11),(12,13)),((6,7),((8,9),10))),(((18,17),((16,15),14)),((20,21),((23,24),(22,19)))))),((2,3),((4,1),0))),((33,34),(35,36)));
Tree Score: 15731.802927499986
Score Improvement: 3.19903535467958E-4

Step Number: 16
Time Spent: 21.628194969 seconds
New Tree:
Tree: (((((((28,29),25),(27,26)),((30,31),32)),((((5,11),(12,13)),((6,7),((8,9),10))),(((16,15),((18,17),14)),((20,21),((23,24),(22,19)))))),((2,3),((4,1),0))),((33,34),(35,36)));
Tree Score: 15734.865702564246
Score Improvement: 1.9468684411916293E-4

Step Number: 17
Time Spent: 21.632541191 seconds
New Tree:
Tree: (((((((28,25),29),(27,26)),((30,31),32)),((((5,11),(12,13)),((6,7),((8,9),10))),(((16,15),((18,17),14)),((20,21),((23,24),(22,19)))))),((2,3),((4,1),0))),((33,34),(35,36)));
Tree Score: 15737.113252567477
Score Improvement: 1.4283884246091283E-4

Step Number: 18
Time Spent: 21.622414485 seconds
New Tree:
Tree: (((((((28,25),29),(27,26)),((30,31),32)),((((5,11),(12,13)),((6,7),((8,9),10))),(((16,15),((18,17),14)),((20,21),((23,24),(22,19)))))),((2,3),((4,1),0))),((33,34),(35,36)));
Tree Score: 15737.113252567477
Score Improvement: 0.0

TOTAL STEPS: 18
TOTAL TIME: 389.267098919 seconds
Final tree: Tree: (((((((28,25),29),(27,26)),((30,31),32)),((((5,11),(12,13)),((6,7),((8,9),10))),(((16,15),((18,17),14)),((20,21),((23,24),(22,19)))))),((2,3),((4,1),0))),((33,34),(35,36)));
Tree Score: 15737.113252567477
Total Score Improvement: 0.6247310148429726

--------------ITERATION 10--------------
Input tree: (((((((0,(1,2)),(3,(4,5))),((((((6,7),8),(9,10)),((11,12),13)),14),((15,16),17))),18),19),(((((20,21),(22,23)),(24,25)),((26,(27,28)),29)),(30,31))),((32,33),(34,(35,36))));
Initial Score: 8615.847974756596

Step Number: 1
Time Spent: 23.000864217 seconds
New Tree:
Tree: ((((19,18),(((0,(1,2)),(3,(4,5))),((((((6,7),8),(9,10)),((11,12),13)),14),((15,16),17)))),(((((20,21),(22,23)),(24,25)),((26,(27,28)),29)),(30,31))),((32,33),(34,(35,36))));
Tree Score: 9566.821924054859
Score Improvement: 0.11037496855614237

Step Number: 2
Time Spent: 21.772491041 seconds
New Tree:
Tree: ((((19,18),(((0,(1,2)),(3,(4,5))),((((15,16),17),14),((((6,7),8),(9,10)),((11,12),13))))),(((((20,21),(22,23)),(24,25)),((26,(27,28)),29)),(30,31))),((32,33),(34,(35,36))));
Tree Score: 10432.91914811903
Score Improvement: 0.09053134164507148

Step Number: 3
Time Spent: 21.392943265 seconds
New Tree:
Tree: ((((19,18),(((0,(1,2)),(3,(4,5))),((((15,16),17),14),((((6,7),8),(9,10)),((11,12),13))))),(((30,31),((26,(27,28)),29)),(((20,21),(22,23)),(24,25)))),((32,33),(34,(35,36))));
Tree Score: 11198.884799676895
Score Improvement: 0.07341815274164776

Step Number: 4
Time Spent: 21.063168997 seconds
New Tree:
Tree: ((((((30,31),((26,(27,28)),29)),(((20,21),(22,23)),(24,25))),(((0,(1,2)),(3,(4,5))),((((15,16),17),14),((((6,7),8),(9,10)),((11,12),13))))),(19,18)),((32,33),(34,(35,36))));
Tree Score: 12017.83957423654
Score Improvement: 0.07312824350003777

Step Number: 5
Time Spent: 21.805719988 seconds
New Tree:
Tree: (((((0,(1,2)),(3,(4,5))),((((30,31),((26,(27,28)),29)),(((20,21),(22,23)),(24,25))),((((15,16),17),14),((((6,7),8),(9,10)),((11,12),13))))),(19,18)),((32,33),(34,(35,36))));
Tree Score: 13144.592980322428
Score Improvement: 0.09375673548691621

Step Number: 6
Time Spent: 21.8509154 seconds
New Tree:
Tree: (((((0,(1,2)),(3,(4,5))),((((30,31),((26,(27,28)),29)),(((20,21),(22,23)),(24,25))),((((6,7),8),(9,10)),((((15,16),17),14),((11,12),13))))),(19,18)),((32,33),(34,(35,36))));
Tree Score: 13677.237255140208
Score Improvement: 0.04052192986235115

Step Number: 7
Time Spent: 21.868642375 seconds
New Tree:
Tree: (((((0,(1,2)),(3,(4,5))),((((26,(27,28)),((30,31),29)),(((20,21),(22,23)),(24,25))),((((6,7),8),(9,10)),((((15,16),17),14),((11,12),13))))),(19,18)),((32,33),(34,(35,36))));
Tree Score: 13848.41698030848
Score Improvement: 0.012515665406326093

Step Number: 8
Time Spent: 21.855711191 seconds
New Tree:
Tree: (((((0,(1,2)),(3,(4,5))),((((26,(27,28)),((30,31),29)),(((24,25),(22,23)),(20,21))),((((6,7),8),(9,10)),((((15,16),17),14),((11,12),13))))),(19,18)),((32,33),(34,(35,36))));
Tree Score: 13972.064330428548
Score Improvement: 0.008928627026171032

Step Number: 9
Time Spent: 21.858262214 seconds
New Tree:
Tree: (((((0,(1,2)),(3,(4,5))),((((26,(27,28)),((30,31),29)),(((24,25),(22,23)),(20,21))),((((6,7),8),(9,10)),((((11,12),13),14),((15,16),17))))),(19,18)),((32,33),(34,(35,36))));
Tree Score: 14054.020930692262
Score Improvement: 0.005865747417525657

Step Number: 10
Time Spent: 21.833418482 seconds
New Tree:
Tree: (((((0,(1,2)),(3,(4,5))),((((26,(27,28)),((30,31),29)),(((24,25),(22,23)),(20,21))),((((6,7),8),(9,10)),(((14,13),(11,12)),((15,16),17))))),(19,18)),((32,33),(34,(35,36))));
Tree Score: 14143.299730501778
Score Improvement: 0.006352544958470929

Step Number: 11
Time Spent: 21.777304293 seconds
New Tree:
Tree: (((((0,(1,2)),(5,(4,3))),((((26,(27,28)),((30,31),29)),(((24,25),(22,23)),(20,21))),((((6,7),8),(9,10)),(((14,13),(11,12)),((15,16),17))))),(19,18)),((32,33),(34,(35,36))));
Tree Score: 14183.2471554316
Score Improvement: 0.0028244770096803595

Step Number: 12
Time Spent: 21.826241732 seconds
New Tree:
Tree: (((((1,(0,2)),(5,(4,3))),((((26,(27,28)),((30,31),29)),(((24,25),(22,23)),(20,21))),((((6,7),8),(9,10)),(((14,13),(11,12)),((15,16),17))))),(19,18)),((32,33),(34,(35,36))));
Tree Score: 14197.179055310728
Score Improvement: 9.822785802469092E-4

Step Number: 13
Time Spent: 21.797018182 seconds
New Tree:
Tree: (((((1,(0,2)),(5,(4,3))),((((26,(27,28)),((30,31),29)),(((24,25),(22,23)),(20,21))),((((6,7),8),(9,10)),(((14,13),(11,12)),((15,16),17))))),(19,18)),((32,33),(36,(35,34))));
Tree Score: 14209.632255300821
Score Improvement: 8.771601697477038E-4

Step Number: 14
Time Spent: 21.780284002 seconds
New Tree:
Tree: (((((1,(0,2)),(5,(4,3))),((((26,(27,28)),((30,31),29)),(((24,25),(22,23)),(20,21))),((((8,7),6),(9,10)),(((14,13),(11,12)),((15,16),17))))),(19,18)),((32,33),(36,(35,34))));
Tree Score: 14219.146380200924
Score Improvement: 6.695546182451384E-4

Step Number: 15
Time Spent: 21.78230465 seconds
New Tree:
Tree: (((((1,(0,2)),(5,(4,3))),((((26,(27,28)),((30,31),29)),(((24,25),(22,23)),(20,21))),((((8,7),6),(9,10)),(((14,13),(11,12)),((15,16),17))))),(19,18)),((32,33),(36,(35,34))));
Tree Score: 14219.146380200924
Score Improvement: 0.0

TOTAL STEPS: 15
TOTAL TIME: 327.265290029 seconds
Final tree: Tree: (((((1,(0,2)),(5,(4,3))),((((26,(27,28)),((30,31),29)),(((24,25),(22,23)),(20,21))),((((8,7),6),(9,10)),(((14,13),(11,12)),((15,16),17))))),(19,18)),((32,33),(36,(35,34))));
Tree Score: 14219.146380200924
Total Score Improvement: 0.6503478731125854

===========================================================
RESULTS FROM 10 ITERATION(S):
AVERAGE TIME PER RUN: 456.633715304 seconds
AVERAGE IMPROVEMENT: 0.4325405749367114
BEST Tree: (((((((28,25),29),(27,26)),((30,31),32)),((((5,11),(12,13)),((6,7),((8,9),10))),(((16,15),((18,17),14)),((20,21),((23,24),(22,19)))))),((2,3),((4,1),0))),((33,34),(35,36)));
Tree Score: 15737.113252567477
BEST'S IMPROVEMENT :0.6247310148429726
