--------------ITERATION 1--------------
Input tree: (((0,((1,(((2,3),(4,(((5,6),7),8))),(9,10))),((((11,12),13),(14,15)),16))),17),((((18,19),(20,21)),((22,(23,24)),((25,26),27))),((((28,29),(30,31)),(32,(33,(34,35)))),36)));
Initial Score: 6640.940824340736

Step Number: 1
Time Spent: 14.519918211 seconds
New Tree:
Tree: (((0,((1,(((2,3),(4,(((5,6),7),8))),(9,10))),((((11,12),13),(14,15)),16))),17),((((((28,29),(30,31)),(32,(33,(34,35)))),36),((22,(23,24)),((25,26),27))),((18,19),(20,21))));
Tree Score: 7970.102197893893
Score Improvement: 0.20014654680876576

Step Number: 2
Time Spent: 13.424226363 seconds
New Tree:
Tree: ((((18,19),(20,21)),17),((((((28,29),(30,31)),(32,(33,(34,35)))),36),((22,(23,24)),((25,26),27))),(0,((1,(((2,3),(4,(((5,6),7),8))),(9,10))),((((11,12),13),(14,15)),16)))));
Tree Score: 8254.727123097515
Score Improvement: 0.035711577861427424

Step Number: 3
Time Spent: 11.890220118 seconds
New Tree:
Tree: ((((18,19),(20,21)),17),((((((28,29),(30,31)),(32,(33,(34,35)))),36),((22,(23,24)),((25,26),27))),(0,(((9,10),(((2,3),(4,(((5,6),7),8))),1)),((((11,12),13),(14,15)),16)))));
Tree Score: 8419.708274593575
Score Improvement: 0.019986263511294844

Step Number: 4
Time Spent: 10.951229832 seconds
New Tree:
Tree: ((((18,19),(20,21)),17),((((((28,29),(30,31)),(32,(33,(34,35)))),36),((22,(23,24)),((25,26),27))),(0,(((9,10),((((11,12),13),(14,15)),16)),(((2,3),(4,(((5,6),7),8))),1)))));
Tree Score: 8778.603198690455
Score Improvement: 0.042625577085591226

Step Number: 5
Time Spent: 10.760896271 seconds
New Tree:
Tree: ((((18,19),(20,21)),17),((((((28,29),(30,31)),(32,(33,(34,35)))),36),((22,(23,24)),((25,26),27))),(0,(((9,10),((((11,12),13),(14,15)),16)),(((2,3),1),(4,(((5,6),7),8)))))));
Tree Score: 9165.339499689768
Score Improvement: 0.0440544232659934

Step Number: 6
Time Spent: 10.70362097 seconds
New Tree:
Tree: ((((18,19),(20,21)),17),((((((28,29),(30,31)),(32,(33,(34,35)))),36),((22,(23,24)),((25,26),27))),(0,(((2,3),1),(((9,10),((((11,12),13),(14,15)),16)),(4,(((5,6),7),8)))))));
Tree Score: 9243.095272626857
Score Improvement: 0.008483676239131155

Step Number: 7
Time Spent: 10.978040155 seconds
New Tree:
Tree: ((((18,19),(20,21)),17),((((((28,29),(30,31)),(32,(33,(34,35)))),36),((22,(23,24)),((25,26),27))),((((9,10),((((11,12),13),(14,15)),16)),(4,(((5,6),7),8))),(((2,3),1),0))));
Tree Score: 9921.404325231573
Score Improvement: 0.07338548750151985

Step Number: 8
Time Spent: 10.850481755 seconds
New Tree:
Tree: ((((18,19),(20,21)),17),((((9,10),((((11,12),13),(14,15)),16)),(4,(((5,6),7),8))),((((((28,29),(30,31)),(32,(33,(34,35)))),36),((22,(23,24)),((25,26),27))),(((2,3),1),0))));
Tree Score: 10544.691471702083
Score Improvement: 0.06282247210562719

Step Number: 9
Time Spent: 12.446143745 seconds
New Tree:
Tree: ((((18,19),(20,21)),17),((((9,10),(4,(((5,6),7),8))),((((11,12),13),(14,15)),16)),((((((28,29),(30,31)),(32,(33,(34,35)))),36),((22,(23,24)),((25,26),27))),(((2,3),1),0))));
Tree Score: 10841.788771531557
Score Improvement: 0.02817505857110847

Step Number: 10
Time Spent: 12.482302394 seconds
New Tree:
Tree: ((((18,19),(20,21)),17),((((9,10),(4,(((5,6),7),8))),((((11,12),13),(14,15)),16)),((((((28,29),(30,31)),((34,35),(33,32))),36),((22,(23,24)),((25,26),27))),(((2,3),1),0))));
Tree Score: 10908.439071444807
Score Improvement: 0.006147537211595555

Step Number: 11
Time Spent: 11.768898964 seconds
New Tree:
Tree: ((((18,19),(20,21)),17),((((9,10),(4,(((5,6),7),8))),((((11,12),13),(14,15)),16)),(((((34,35),(((28,29),(30,31)),(33,32))),36),((22,(23,24)),((25,26),27))),(((2,3),1),0))));
Tree Score: 10980.262521931914
Score Improvement: 0.006584209712929612

Step Number: 12
Time Spent: 13.16572757 seconds
New Tree:
Tree: ((((18,19),(20,21)),17),((((9,10),(4,(((5,6),7),8))),((((11,12),13),(14,15)),16)),(((((34,35),36),(((28,29),(30,31)),(33,32))),((22,(23,24)),((25,26),27))),(((2,3),1),0))));
Tree Score: 11273.86907132658
Score Improvement: 0.02673948357866829

Step Number: 13
Time Spent: 12.405298956 seconds
New Tree:
Tree: ((((18,19),(20,21)),17),((((9,10),(4,((8,7),(5,6)))),((((11,12),13),(14,15)),16)),(((((34,35),36),(((28,29),(30,31)),(33,32))),((22,(23,24)),((25,26),27))),(((2,3),1),0))));
Tree Score: 11319.105421779324
Score Improvement: 0.004012495636284807

Step Number: 14
Time Spent: 11.649692185 seconds
New Tree:
Tree: ((((18,19),(20,21)),17),((((9,10),(4,((8,7),(5,6)))),((((11,12),13),(14,15)),16)),(((((34,35),36),(((33,32),(30,31)),(28,29))),((22,(23,24)),((25,26),27))),(((2,3),1),0))));
Tree Score: 11322.450197280032
Score Improvement: 2.9549821969787615E-4

Step Number: 15
Time Spent: 10.969051721 seconds
New Tree:
Tree: ((((18,19),(20,21)),17),((((9,10),(4,((8,7),(5,6)))),((((11,12),13),(14,15)),16)),(((((34,35),36),(((33,32),(30,31)),(28,29))),((22,(23,24)),((25,26),27))),(((2,3),1),0))));
Tree Score: 11322.450197280032
Score Improvement: 0.0

TOTAL STEPS: 15
TOTAL TIME: 178.96574921 seconds
Final tree: Tree: ((((18,19),(20,21)),17),((((9,10),(4,((8,7),(5,6)))),((((11,12),13),(14,15)),16)),(((((34,35),36),(((33,32),(30,31)),(28,29))),((22,(23,24)),((25,26),27))),(((2,3),1),0))));
Tree Score: 11322.450197280032
Total Score Improvement: 0.7049467081200864

--------------ITERATION 2--------------
Input tree: ((((((0,1),(2,3)),(4,5)),((6,(7,8)),((9,(10,11)),(12,13)))),(14,15)),((((16,17),18),((19,20),(21,22))),((((23,((24,25),26)),27),28),((29,(30,(31,(32,33)))),((34,35),36)))));
Initial Score: 12888.872302092612

Step Number: 1
Time Spent: 12.966786559 seconds
New Tree:
Tree: ((((((0,1),(2,3)),(4,5)),((6,(7,8)),((9,(10,11)),(12,13)))),(14,15)),((((16,17),18),((19,20),(21,22))),(((28,27),(23,((24,25),26))),((29,(30,(31,(32,33)))),((34,35),36)))));
Tree Score: 13250.275801740587
Score Improvement: 0.028039962781639005

Step Number: 2
Time Spent: 12.223288799 seconds
New Tree:
Tree: ((((((0,1),(2,3)),(4,5)),((6,(7,8)),((9,(10,11)),(12,13)))),(14,15)),((((16,17),18),((19,20),(21,22))),(((28,27),(23,((24,25),26))),((29,(30,(33,(32,31)))),((34,35),36)))));
Tree Score: 13260.156326841563
Score Improvement: 7.456844860300738E-4

Step Number: 3
Time Spent: 12.214632392 seconds
New Tree:
Tree: ((((((0,1),(2,3)),(4,5)),((6,(7,8)),((9,(10,11)),(12,13)))),(14,15)),((((16,17),18),((19,20),(21,22))),(((28,27),(23,((24,25),26))),((29,(30,(33,(32,31)))),((34,35),36)))));
Tree Score: 13260.156326841563
Score Improvement: 0.0

TOTAL STEPS: 3
TOTAL TIME: 37.40470775 seconds
Final tree: Tree: ((((((0,1),(2,3)),(4,5)),((6,(7,8)),((9,(10,11)),(12,13)))),(14,15)),((((16,17),18),((19,20),(21,22))),(((28,27),(23,((24,25),26))),((29,(30,(33,(32,31)))),((34,35),36)))));
Tree Score: 13260.156326841563
Total Score Improvement: 0.028806556232904068

--------------ITERATION 3--------------
Input tree: ((((((((0,1),(2,(3,(4,5)))),6),(7,8)),(9,(10,11))),(12,((13,14),((15,16),17)))),(((18,19),(20,(21,22))),(23,24))),(25,((26,27),((((28,29),30),(31,32)),(((33,34),35),36)))));
Initial Score: 8414.388148665079

Step Number: 1
Time Spent: 12.582860293 seconds
New Tree:
Tree: ((((((((0,1),(2,(3,(4,5)))),6),(7,8)),(9,(10,11))),(12,((13,14),((15,16),17)))),(((18,19),(20,(21,22))),(23,24))),(((((28,29),30),(31,32)),(((33,34),35),36)),((26,27),25)));
Tree Score: 9800.248523551621
Score Improvement: 0.1647012653090416

Step Number: 2
Time Spent: 11.928099865 seconds
New Tree:
Tree: (((((12,((13,14),((15,16),17))),(9,(10,11))),((((0,1),(2,(3,(4,5)))),6),(7,8))),(((18,19),(20,(21,22))),(23,24))),(((((28,29),30),(31,32)),(((33,34),35),36)),((26,27),25)));
Tree Score: 10469.572498704889
Score Improvement: 0.06829663283994991

Step Number: 3
Time Spent: 11.18693711 seconds
New Tree:
Tree: (((((12,((13,14),((15,16),17))),(9,(10,11))),(((18,19),(20,(21,22))),(23,24))),((((0,1),(2,(3,(4,5)))),6),(7,8))),(((((28,29),30),(31,32)),(((33,34),35),36)),((26,27),25)));
Tree Score: 11265.485445923958
Score Improvement: 0.07602153261917088

Step Number: 4
Time Spent: 9.440124125 seconds
New Tree:
Tree: (((((12,((13,14),((15,16),17))),(9,(10,11))),(((18,19),(20,(21,22))),(23,24))),(((7,8),6),((0,1),(2,(3,(4,5)))))),(((((28,29),30),(31,32)),(((33,34),35),36)),((26,27),25)));
Tree Score: 11545.345247607765
Score Improvement: 0.02484223187959156

Step Number: 5
Time Spent: 8.708135232 seconds
New Tree:
Tree: (((((12,(9,(10,11))),((13,14),((15,16),17))),(((18,19),(20,(21,22))),(23,24))),(((7,8),6),((0,1),(2,(3,(4,5)))))),(((((28,29),30),(31,32)),(((33,34),35),36)),((26,27),25)));
Tree Score: 11674.62204842185
Score Improvement: 0.011197309222162222

Step Number: 6
Time Spent: 9.690348892 seconds
New Tree:
Tree: (((((12,(9,(10,11))),((13,14),((15,16),17))),(((18,19),(20,(21,22))),(23,24))),(((7,8),6),((0,1),(2,(3,(4,5)))))),(((((28,29),30),(31,32)),((26,27),25)),(((33,34),35),36)));
Tree Score: 11751.559900624881
Score Improvement: 0.006590179269523544

Step Number: 7
Time Spent: 11.617138953 seconds
New Tree:
Tree: (((((12,(9,(10,11))),((13,14),((15,16),17))),(((18,19),(20,(21,22))),(23,24))),(((7,8),6),((0,1),((4,5),(3,2))))),(((((28,29),30),(31,32)),((26,27),25)),(((33,34),35),36)));
Tree Score: 11824.812925664912
Score Improvement: 0.006233472463186285

Step Number: 8
Time Spent: 11.607384501 seconds
New Tree:
Tree: (((((12,(9,(10,11))),((13,14),((15,16),17))),(((18,19),(20,(21,22))),(23,24))),(((7,8),6),((4,5),((0,1),(3,2))))),(((((28,29),30),(31,32)),((26,27),25)),(((33,34),35),36)));
Tree Score: 11916.10565057231
Score Improvement: 0.0077204371419064

Step Number: 9
Time Spent: 10.907186312 seconds
New Tree:
Tree: (((((12,(9,(10,11))),((13,14),((15,16),17))),(((21,22),(20,(18,19))),(23,24))),(((7,8),6),((4,5),((0,1),(3,2))))),(((((28,29),30),(31,32)),((26,27),25)),(((33,34),35),36)));
Tree Score: 11959.009326188097
Score Improvement: 0.003600477947568903

Step Number: 10
Time Spent: 10.310071763 seconds
New Tree:
Tree: (((((12,(9,(10,11))),((13,14),((15,16),17))),(((21,22),(20,(18,19))),(23,24))),(((7,8),6),((4,5),((0,1),(3,2))))),(((((28,29),30),(31,32)),((26,27),25)),(((35,34),33),36)));
Tree Score: 11967.537101191672
Score Improvement: 7.130837321867034E-4

Step Number: 11
Time Spent: 10.303770892 seconds
New Tree:
Tree: (((((12,(9,(10,11))),((13,14),((15,16),17))),(((21,22),(20,(18,19))),(23,24))),(((7,8),6),((4,5),((0,1),(3,2))))),(((((28,29),30),(31,32)),((26,27),25)),(((35,34),33),36)));
Tree Score: 11967.537101191672
Score Improvement: 0.0

TOTAL STEPS: 11
TOTAL TIME: 118.282057938 seconds
Final tree: Tree: (((((12,(9,(10,11))),((13,14),((15,16),17))),(((21,22),(20,(18,19))),(23,24))),(((7,8),6),((4,5),((0,1),(3,2))))),(((((28,29),30),(31,32)),((26,27),25)),(((35,34),33),36)));
Tree Score: 11967.537101191672
Total Score Improvement: 0.4222706261881075

--------------ITERATION 4--------------
Input tree: ((0,(((1,2),3),(4,(5,6)))),((((((7,8),(9,10)),11),12),((((13,14),(15,16)),17),((18,19),((20,((((21,22),23),(24,(25,26))),27)),((28,((29,(30,31)),((32,33),34))),35))))),36));
Initial Score: 7293.271952238114

Step Number: 1
Time Spent: 11.357476953 seconds
New Tree:
Tree: ((0,(((1,2),3),(4,(5,6)))),((((((7,8),(9,10)),11),12),(((20,((((21,22),23),(24,(25,26))),27)),((28,((29,(30,31)),((32,33),34))),35)),((18,19),(((13,14),(15,16)),17)))),36));
Tree Score: 9639.851001394773
Score Improvement: 0.3217457218822828

Step Number: 2
Time Spent: 9.733515903 seconds
New Tree:
Tree: ((0,(((1,2),3),(4,(5,6)))),((((20,((((21,22),23),(24,(25,26))),27)),((28,((29,(30,31)),((32,33),34))),35)),(((((7,8),(9,10)),11),12),((18,19),(((13,14),(15,16)),17)))),36));
Tree Score: 10964.912827562224
Score Improvement: 0.13745667085266478

Step Number: 3
Time Spent: 9.73444172 seconds
New Tree:
Tree: ((0,36),((((20,((((21,22),23),(24,(25,26))),27)),((28,((29,(30,31)),((32,33),34))),35)),(((((7,8),(9,10)),11),12),((18,19),(((13,14),(15,16)),17)))),(((1,2),3),(4,(5,6)))));
Tree Score: 11568.930527619003
Score Improvement: 0.055086411497816457

Step Number: 4
Time Spent: 9.138199837 seconds
New Tree:
Tree: ((0,36),((((20,((((21,22),23),(24,(25,26))),27)),((28,((29,(30,31)),((32,33),34))),35)),(((12,11),((7,8),(9,10))),((18,19),(((13,14),(15,16)),17)))),(((1,2),3),(4,(5,6)))));
Tree Score: 11992.54197800966
Score Improvement: 0.03661630168660368

Step Number: 5
Time Spent: 8.289298171 seconds
New Tree:
Tree: ((0,36),(((1,2),3),((((20,((((21,22),23),(24,(25,26))),27)),((28,((29,(30,31)),((32,33),34))),35)),(((12,11),((7,8),(9,10))),((18,19),(((13,14),(15,16)),17)))),(4,(5,6)))));
Tree Score: 12168.42042709867
Score Improvement: 0.014665652153772912

Step Number: 6
Time Spent: 7.922722995 seconds
New Tree:
Tree: ((0,36),(((1,2),3),((((20,((((21,22),23),(24,(25,26))),27)),((((32,33),34),((29,(30,31)),28)),35)),(((12,11),((7,8),(9,10))),((18,19),(((13,14),(15,16)),17)))),(4,(5,6)))));
Tree Score: 12261.438951562133
Score Improvement: 0.007644256296101881

Step Number: 7
Time Spent: 7.957161661 seconds
New Tree:
Tree: ((0,36),(((1,2),3),((((20,((((24,(25,26)),23),(21,22)),27)),((((32,33),34),((29,(30,31)),28)),35)),(((12,11),((7,8),(9,10))),((18,19),(((13,14),(15,16)),17)))),(4,(5,6)))));
Tree Score: 12337.249051037219
Score Improvement: 0.006182806094339188

Step Number: 8
Time Spent: 8.083538347 seconds
New Tree:
Tree: ((0,36),(((1,2),3),((((20,((((24,23),(25,26)),(21,22)),27)),((((32,33),34),((29,(30,31)),28)),35)),(((12,11),((7,8),(9,10))),((18,19),(((13,14),(15,16)),17)))),(4,(5,6)))));
Tree Score: 12409.111200931457
Score Improvement: 0.005824811479200553

Step Number: 9
Time Spent: 8.376381732 seconds
New Tree:
Tree: ((0,36),(((1,2),3),((((20,((((24,23),(25,26)),(21,22)),27)),((((32,33),34),((29,(30,31)),28)),35)),(((12,11),((7,8),(9,10))),((18,19),((17,(15,16)),(13,14))))),(4,(5,6)))));
Tree Score: 12465.1084508253
Score Improvement: 0.004512591513374575

Step Number: 10
Time Spent: 9.327233442 seconds
New Tree:
Tree: ((0,36),(((3,2),1),((((20,((((24,23),(25,26)),(21,22)),27)),((((32,33),34),((29,(30,31)),28)),35)),(((12,11),((7,8),(9,10))),((18,19),((17,(15,16)),(13,14))))),(4,(5,6)))));
Tree Score: 12479.122500981179
Score Improvement: 0.0011242621924361096

Step Number: 11
Time Spent: 8.535418226 seconds
New Tree:
Tree: ((0,36),(((3,2),1),((((20,((((24,23),(25,26)),(21,22)),27)),((((32,33),34),((29,(30,31)),28)),35)),(((12,11),((7,8),(9,10))),((18,19),((17,(15,16)),(13,14))))),(4,(5,6)))));
Tree Score: 12479.122500981179
Score Improvement: 0.0

TOTAL STEPS: 11
TOTAL TIME: 98.455388987 seconds
Final tree: Tree: ((0,36),(((3,2),1),((((20,((((24,23),(25,26)),(21,22)),27)),((((32,33),34),((29,(30,31)),28)),35)),(((12,11),((7,8),(9,10))),((18,19),((17,(15,16)),(13,14))))),(4,(5,6)))));
Tree Score: 12479.122500981179
Total Score Improvement: 0.7110458217798479

--------------ITERATION 5--------------
Input tree: ((((((0,1),2),3),(4,(5,6))),((((7,(8,9)),(10,((11,(12,(13,14))),15))),((16,((17,18),19)),20)),(((21,22),23),((24,(25,26)),(27,28))))),(((29,30),31),(32,(((33,34),35),36))));
Initial Score: 12410.928526607104

Step Number: 1
Time Spent: 11.544797212 seconds
New Tree:
Tree: (((((21,22),23),((24,(25,26)),(27,28))),((((7,(8,9)),(10,((11,(12,(13,14))),15))),((16,((17,18),19)),20)),((((0,1),2),3),(4,(5,6))))),(((29,30),31),(32,(((33,34),35),36))));
Tree Score: 12920.04274936237
Score Improvement: 0.041021445064630235

Step Number: 2
Time Spent: 10.792235382 seconds
New Tree:
Tree: (((((21,22),23),((24,(25,26)),(27,28))),((((7,(8,9)),(10,((11,(12,(13,14))),15))),((16,((17,18),19)),20)),(((3,2),(0,1)),(4,(5,6))))),(((29,30),31),(32,(((33,34),35),36))));
Tree Score: 12999.720774451574
Score Improvement: 0.006167009400424472

Step Number: 3
Time Spent: 9.886568118 seconds
New Tree:
Tree: (((((21,22),23),((24,(25,26)),(27,28))),((((7,(8,9)),(10,((11,(12,(13,14))),15))),((16,((17,18),19)),20)),(((3,2),(0,1)),(4,(5,6))))),((((33,34),35),36),(32,((29,30),31))));
Tree Score: 13072.606749380777
Score Improvement: 0.005606733882503434

Step Number: 4
Time Spent: 9.675042266 seconds
New Tree:
Tree: (((((21,22),23),((24,(25,26)),(27,28))),((((7,(8,9)),(10,((11,(12,(13,14))),15))),((16,((17,18),19)),20)),(((3,2),(0,1)),(4,(5,6))))),((((33,34),35),36),((29,30),(32,31))));
Tree Score: 13177.793224708015
Score Improvement: 0.0080463275109397

Step Number: 5
Time Spent: 9.38984343 seconds
New Tree:
Tree: (((((21,22),23),((24,(25,26)),(27,28))),((((7,(8,9)),(10,(((13,14),(12,11)),15))),((16,((17,18),19)),20)),(((3,2),(0,1)),(4,(5,6))))),((((33,34),35),36),((29,30),(32,31))));
Tree Score: 13247.652849365795
Score Improvement: 0.0053013143753686265

Step Number: 6
Time Spent: 9.065603594 seconds
New Tree:
Tree: (((((21,22),23),((24,(25,26)),(27,28))),((((((13,14),(12,11)),15),(10,(7,(8,9)))),((16,((17,18),19)),20)),(((3,2),(0,1)),(4,(5,6))))),((((33,34),35),36),((29,30),(32,31))));
Tree Score: 13315.312849797147
Score Improvement: 0.005107319855123693

Step Number: 7
Time Spent: 8.489897563 seconds
New Tree:
Tree: (((((21,22),23),((24,(25,26)),(27,28))),((((((13,14),(12,11)),15),(10,(9,(8,7)))),((16,((17,18),19)),20)),(((3,2),(0,1)),(4,(5,6))))),((((33,34),35),36),((29,30),(32,31))));
Tree Score: 13341.22039997934
Score Improvement: 0.0019456959422916587

Step Number: 8
Time Spent: 7.9129691 seconds
New Tree:
Tree: (((((21,22),23),((24,(25,26)),(27,28))),((((((13,14),(12,11)),15),(10,(9,(8,7)))),((16,((17,18),19)),20)),(((3,2),(0,1)),(4,(5,6))))),((((35,34),33),36),((29,30),(32,31))));
Tree Score: 13349.748174982915
Score Improvement: 6.392050163257501E-4

Step Number: 9
Time Spent: 7.905269798 seconds
New Tree:
Tree: (((((21,22),23),((24,(25,26)),(27,28))),((((((13,14),(12,11)),15),(10,(9,(8,7)))),((16,((17,18),19)),20)),(((3,2),(0,1)),(4,(5,6))))),((((35,34),33),36),((29,30),(32,31))));
Tree Score: 13349.748174982915
Score Improvement: 0.0

TOTAL STEPS: 9
TOTAL TIME: 84.662226463 seconds
Final tree: Tree: (((((21,22),23),((24,(25,26)),(27,28))),((((((13,14),(12,11)),15),(10,(9,(8,7)))),((16,((17,18),19)),20)),(((3,2),(0,1)),(4,(5,6))))),((((35,34),33),36),((29,30),(32,31))));
Tree Score: 13349.748174982915
Total Score Improvement: 0.075644593904729

--------------ITERATION 6--------------
Input tree: (((((0,((1,2),3)),((((4,5),6),7),(8,9))),((10,11),((12,13),14))),15),(((16,((17,((18,19),20)),(21,22))),23),((((24,25),26),27),(28,((29,(30,(31,32))),(((33,34),35),36))))));
Initial Score: 8582.391725879206

Step Number: 1
Time Spent: 10.166092699 seconds
New Tree:
Tree: (((((0,((1,2),3)),((((4,5),6),7),(8,9))),((10,11),((12,13),14))),((((24,25),26),27),(28,((29,(30,(31,32))),(((33,34),35),36))))),(((16,((17,((18,19),20)),(21,22))),23),15));
Tree Score: 10938.413000691726
Score Improvement: 0.2745180306450252

Step Number: 2
Time Spent: 10.110793978 seconds
New Tree:
Tree: (((((0,((1,2),3)),((((4,5),6),7),(8,9))),((10,11),((12,13),14))),(((29,(30,(31,32))),(((33,34),35),36)),(28,(((24,25),26),27)))),(((16,((17,((18,19),20)),(21,22))),23),15));
Tree Score: 11467.594452781763
Score Improvement: 0.048378265846843904

Step Number: 3
Time Spent: 10.410678411 seconds
New Tree:
Tree: (((((0,((1,2),3)),((((4,5),6),7),(8,9))),(((29,(30,(31,32))),(((33,34),35),36)),(28,(((24,25),26),27)))),((10,11),((12,13),14))),(((16,((17,((18,19),20)),(21,22))),23),15));
Tree Score: 11849.316002640568
Score Improvement: 0.03328697674395076

Step Number: 4
Time Spent: 9.687274269 seconds
New Tree:
Tree: (((((0,((1,2),3)),((((4,5),6),7),(8,9))),(((29,(30,(31,32))),(((33,34),35),36)),(((24,25),26),(28,27)))),((10,11),((12,13),14))),(((16,((17,((18,19),20)),(21,22))),23),15));
Tree Score: 12088.600777724452
Score Improvement: 0.020193973646289942

Step Number: 5
Time Spent: 9.101108528 seconds
New Tree:
Tree: (((((0,((1,2),3)),(((7,6),(4,5)),(8,9))),(((29,(30,(31,32))),(((33,34),35),36)),(((24,25),26),(28,27)))),((10,11),((12,13),14))),(((16,((17,((18,19),20)),(21,22))),23),15));
Tree Score: 12150.430227987104
Score Improvement: 0.0051146903930010534

Step Number: 6
Time Spent: 8.489152567 seconds
New Tree:
Tree: (((((0,((1,2),3)),(((7,6),(4,5)),(8,9))),(((29,(30,(31,32))),(((33,34),35),36)),(((26,25),24),(28,27)))),((10,11),((12,13),14))),(((16,((17,((18,19),20)),(21,22))),23),15));
Tree Score: 12169.065777860218
Score Improvement: 0.0015337358038720605

Step Number: 7
Time Spent: 9.215626512 seconds
New Tree:
Tree: (((((0,((1,2),3)),(((7,6),(4,5)),(8,9))),(((29,(30,(31,32))),(((33,34),35),36)),(((26,25),24),(28,27)))),((10,11),((12,13),14))),(((16,((17,((20,19),18)),(21,22))),23),15));
Tree Score: 12187.514328037956
Score Improvement: 0.0015160202528696765

Step Number: 8
Time Spent: 7.945177037 seconds
New Tree:
Tree: (((((0,((3,2),1)),(((7,6),(4,5)),(8,9))),(((29,(30,(31,32))),(((33,34),35),36)),(((26,25),24),(28,27)))),((10,11),((12,13),14))),(((16,((17,((20,19),18)),(21,22))),23),15));
Tree Score: 12204.865553265074
Score Improvement: 0.0014236886013090366

Step Number: 9
Time Spent: 6.720719234 seconds
New Tree:
Tree: (((((0,((3,2),1)),(((7,6),(4,5)),(8,9))),(((29,(30,(31,32))),(((35,34),33),36)),(((26,25),24),(28,27)))),((10,11),((12,13),14))),(((16,((17,((20,19),18)),(21,22))),23),15));
Tree Score: 12213.393328268648
Score Improvement: 6.987192907907946E-4

Step Number: 10
Time Spent: 6.864562456 seconds
New Tree:
Tree: (((((0,((3,2),1)),(((7,6),(4,5)),(8,9))),(((29,(30,(31,32))),(((35,34),33),36)),(((26,25),24),(28,27)))),((10,11),((12,13),14))),(((16,((17,((20,19),18)),(21,22))),23),15));
Tree Score: 12213.393328268648
Score Improvement: 0.0

TOTAL STEPS: 10
TOTAL TIME: 88.711185691 seconds
Final tree: Tree: (((((0,((3,2),1)),(((7,6),(4,5)),(8,9))),(((29,(30,(31,32))),(((35,34),33),36)),(((26,25),24),(28,27)))),((10,11),((12,13),14))),(((16,((17,((20,19),18)),(21,22))),23),15));
Tree Score: 12213.393328268648
Total Score Improvement: 0.4230757250849526

--------------ITERATION 7--------------
Input tree: (((((((0,1),(2,3)),4),(5,6)),(((7,8),9),((10,11),((12,13),14)))),(15,(16,17))),((((((18,19),20),((21,22),23)),24),25),(26,((((27,28),29),((30,(31,32)),(33,(34,35)))),36))));
Initial Score: 8587.631052937662

Step Number: 1
Time Spent: 10.713357893 seconds
New Tree:
Tree: (((((((0,1),(2,3)),4),(5,6)),(((7,8),9),((10,11),((12,13),14)))),(26,((((27,28),29),((30,(31,32)),(33,(34,35)))),36))),((((((18,19),20),((21,22),23)),24),25),(15,(16,17))));
Tree Score: 10112.10145114672
Score Improvement: 0.17751931688862732

Step Number: 2
Time Spent: 10.756065838 seconds
New Tree:
Tree: (((((((0,1),(2,3)),4),(5,6)),(26,((((27,28),29),((30,(31,32)),(33,(34,35)))),36))),(((7,8),9),((10,11),((12,13),14)))),((((((18,19),20),((21,22),23)),24),25),(15,(16,17))));
Tree Score: 11536.272528126725
Score Improvement: 0.14083829002907233

Step Number: 3
Time Spent: 10.923727591 seconds
New Tree:
Tree: ((((((5,6),4),((0,1),(2,3))),(26,((((27,28),29),((30,(31,32)),(33,(34,35)))),36))),(((7,8),9),((10,11),((12,13),14)))),((((((18,19),20),((21,22),23)),24),25),(15,(16,17))));
Tree Score: 11970.31167870778
Score Improvement: 0.03762386416607444

Step Number: 4
Time Spent: 9.196126408 seconds
New Tree:
Tree: ((((((5,6),4),((0,1),(2,3))),(26,((((27,28),29),((30,(31,32)),(33,(34,35)))),36))),(((7,8),9),((10,11),((12,13),14)))),(((25,24),(((18,19),20),((21,22),23))),(15,(16,17))));
Tree Score: 12251.980478752585
Score Improvement: 0.02353061537619139

Step Number: 5
Time Spent: 8.223849345 seconds
New Tree:
Tree: ((((((5,6),4),((0,1),(2,3))),(26,(((33,(34,35)),((30,(31,32)),((27,28),29))),36))),(((7,8),9),((10,11),((12,13),14)))),(((25,24),(((18,19),20),((21,22),23))),(15,(16,17))));
Tree Score: 12402.138103778654
Score Improvement: 0.012255783894405736

Step Number: 6
Time Spent: 9.245861573 seconds
New Tree:
Tree: ((((((5,6),4),((0,1),(2,3))),(26,(((33,(34,35)),36),((30,(31,32)),((27,28),29))))),(((7,8),9),((10,11),((12,13),14)))),(((25,24),(((18,19),20),((21,22),23))),(15,(16,17))));
Tree Score: 12645.63772917976
Score Improvement: 0.019633681173645057

Step Number: 7
Time Spent: 8.689624498 seconds
New Tree:
Tree: ((((((5,6),4),((0,1),(2,3))),(((33,(34,35)),36),(26,((30,(31,32)),((27,28),29))))),(((7,8),9),((10,11),((12,13),14)))),(((25,24),(((18,19),20),((21,22),23))),(15,(16,17))));
Tree Score: 12982.296453247027
Score Improvement: 0.026622518474527235

Step Number: 8
Time Spent: 9.178365419 seconds
New Tree:
Tree: ((((((5,6),4),((0,1),(2,3))),(((33,(34,35)),36),((30,(31,32)),(26,((27,28),29))))),(((7,8),9),((10,11),((12,13),14)))),(((25,24),(((18,19),20),((21,22),23))),(15,(16,17))));
Tree Score: 13502.044853629724
Score Improvement: 0.04003516652500272

Step Number: 9
Time Spent: 8.64833482 seconds
New Tree:
Tree: (((((30,(31,32)),(26,((27,28),29))),(((33,(34,35)),36),(((5,6),4),((0,1),(2,3))))),(((7,8),9),((10,11),((12,13),14)))),(((25,24),(((18,19),20),((21,22),23))),(15,(16,17))));
Tree Score: 14247.098676801206
Score Improvement: 0.055180813813634266

Step Number: 10
Time Spent: 8.63291596 seconds
New Tree:
Tree: (((((30,(31,32)),(26,((27,28),29))),(((33,(34,35)),36),(((5,6),4),((0,1),(2,3))))),(((7,8),9),((10,11),((12,13),14)))),(((25,24),(((18,19),20),((21,22),23))),(15,(16,17))));
Tree Score: 14247.098676801206
Score Improvement: 0.0

TOTAL STEPS: 10
TOTAL TIME: 94.208229345 seconds
Final tree: Tree: (((((30,(31,32)),(26,((27,28),29))),(((33,(34,35)),36),(((5,6),4),((0,1),(2,3))))),(((7,8),9),((10,11),((12,13),14)))),(((25,24),(((18,19),20),((21,22),23))),(15,(16,17))));
Tree Score: 14247.098676801206
Total Score Improvement: 0.6590254738444485

--------------ITERATION 8--------------
Input tree: ((((0,((1,((2,3),4)),(5,6))),(7,8)),(((9,10),(11,(12,13))),(((14,((15,16),17)),(18,(19,20))),(21,22)))),(((((23,24),25),26),(((27,28),29),(30,31))),(((32,33),(34,35)),36)));
Initial Score: 12627.449575888704

Step Number: 1
Time Spent: 8.101516751 seconds
New Tree:
Tree: ((((0,((1,((2,3),4)),(5,6))),(7,8)),(((9,10),(11,(12,13))),(((21,22),(18,(19,20))),(14,((15,16),17))))),(((((23,24),25),26),(((27,28),29),(30,31))),(((32,33),(34,35)),36)));
Tree Score: 12916.521450481157
Score Improvement: 0.022892340440972214

Step Number: 2
Time Spent: 8.566312797 seconds
New Tree:
Tree: ((((0,((1,((2,3),4)),(5,6))),(7,8)),(((9,10),(11,(12,13))),(((21,22),(18,(19,20))),(14,((15,16),17))))),((((26,25),(23,24)),(((27,28),29),(30,31))),(((32,33),(34,35)),36)));
Tree Score: 12989.585800110142
Score Improvement: 0.005656658405213566

Step Number: 3
Time Spent: 8.035345836 seconds
New Tree:
Tree: ((((0,((1,((2,3),4)),(5,6))),(7,8)),(((9,10),(11,(12,13))),(((21,22),(18,(19,20))),(14,((17,16),15))))),((((26,25),(23,24)),(((27,28),29),(30,31))),(((32,33),(34,35)),36)));
Tree Score: 13001.615650377016
Score Improvement: 9.26115001047334E-4

Step Number: 4
Time Spent: 7.539945618 seconds
New Tree:
Tree: ((((0,((1,((2,3),4)),(5,6))),(7,8)),(((9,10),(11,(12,13))),(((21,22),(18,(19,20))),(14,((17,16),15))))),((((26,25),(23,24)),(((27,28),29),(30,31))),(((32,33),(34,35)),36)));
Tree Score: 13001.615650377016
Score Improvement: 0.0

TOTAL STEPS: 4
TOTAL TIME: 32.243121002 seconds
Final tree: Tree: ((((0,((1,((2,3),4)),(5,6))),(7,8)),(((9,10),(11,(12,13))),(((21,22),(18,(19,20))),(14,((17,16),15))))),((((26,25),(23,24)),(((27,28),29),(30,31))),(((32,33),(34,35)),36)));
Tree Score: 13001.615650377016
Total Score Improvement: 0.029631167579774687

--------------ITERATION 9--------------
Input tree: (((((0,1),((2,((3,(4,5)),(6,7))),((8,9),10))),(((11,12),13),14)),(((15,16),((17,18),(19,20))),(21,22))),(((23,(24,(25,26))),27),(((28,((29,30),31)),((32,33),34)),(35,36))));
Initial Score: 12216.12987423108

Step Number: 1
Time Spent: 8.215508062 seconds
New Tree:
Tree: (((((0,1),((2,((3,(4,5)),(6,7))),((8,9),10))),((14,13),(11,12))),(((15,16),((17,18),(19,20))),(21,22))),(((23,(24,(25,26))),27),(((28,((29,30),31)),((32,33),34)),(35,36))));
Tree Score: 12369.148124443152
Score Improvement: 0.012525918747381182

Step Number: 2
Time Spent: 7.679462172 seconds
New Tree:
Tree: (((((0,1),((2,((3,(4,5)),(6,7))),((8,9),10))),((14,13),(11,12))),(((15,16),((17,18),(19,20))),(21,22))),((((25,26),(24,23)),27),(((28,((29,30),31)),((32,33),34)),(35,36))));
Tree Score: 12396.696074092546
Score Improvement: 0.002227150113511378

Step Number: 3
Time Spent: 7.19208986 seconds
New Tree:
Tree: (((((0,1),((2,((3,(4,5)),(6,7))),((8,9),10))),((14,13),(11,12))),(((15,16),((17,18),(19,20))),(21,22))),((((25,26),27),(24,23)),(((28,((29,30),31)),((32,33),34)),(35,36))));
Tree Score: 12524.731624489435
Score Improvement: 0.010328199516358882

Step Number: 4
Time Spent: 7.694076111 seconds
New Tree:
Tree: (((((0,1),((2,((3,(4,5)),(6,7))),((8,9),10))),((14,13),(11,12))),(((15,16),((17,18),(19,20))),(21,22))),((((25,26),27),(24,23)),(((28,((31,30),29)),((32,33),34)),(35,36))));
Tree Score: 12526.732749504754
Score Improvement: 1.597738838097218E-4

Step Number: 5
Time Spent: 7.186758945 seconds
New Tree:
Tree: (((((0,1),((2,((3,(4,5)),(6,7))),((8,9),10))),((14,13),(11,12))),(((15,16),((17,18),(19,20))),(21,22))),((((27,26),25),(24,23)),(((28,((31,30),29)),((32,33),34)),(35,36))));
Tree Score: 12526.889024017164
Score Improvement: 1.2475281107704461E-5

Step Number: 6
Time Spent: 6.680641722 seconds
New Tree:
Tree: (((((0,1),((2,((3,(4,5)),(6,7))),((8,9),10))),((14,13),(11,12))),(((15,16),((17,18),(19,20))),(21,22))),((((27,26),25),(24,23)),(((28,((31,30),29)),((32,33),34)),(35,36))));
Tree Score: 12526.889024017164
Score Improvement: 0.0

TOTAL STEPS: 6
TOTAL TIME: 44.648536872 seconds
Final tree: Tree: (((((0,1),((2,((3,(4,5)),(6,7))),((8,9),10))),((14,13),(11,12))),(((15,16),((17,18),(19,20))),(21,22))),((((27,26),25),(24,23)),(((28,((31,30),29)),((32,33),34)),(35,36))));
Tree Score: 12526.889024017164
Total Score Improvement: 0.02543842878108271

--------------ITERATION 10--------------
Input tree: (((((0,1),2),3),(((((4,(5,6)),7),(8,9)),((10,11),((12,13),14))),(((15,16),(17,((18,19),(20,21)))),22))),(((23,((24,(25,26)),((27,28),29))),((30,(31,32)),((33,34),35))),36));
Initial Score: 10855.297222427935

Step Number: 1
Time Spent: 9.678458343 seconds
New Tree:
Tree: (((((0,1),2),3),36),(((23,((24,(25,26)),((27,28),29))),((30,(31,32)),((33,34),35))),(((((4,(5,6)),7),(8,9)),((10,11),((12,13),14))),(((15,16),(17,((18,19),(20,21)))),22))));
Tree Score: 13015.132148094386
Score Improvement: 0.19896598696570522

Step Number: 2
Time Spent: 9.135306662 seconds
New Tree:
Tree: (((((0,1),2),3),36),(((23,((24,(25,26)),((27,28),29))),((30,(31,32)),((33,34),35))),(((((4,(5,6)),7),(8,9)),((10,11),((12,13),14))),((22,(17,((18,19),(20,21)))),(15,16)))));
Tree Score: 13411.20572345695
Score Improvement: 0.030431775171837483

Step Number: 3
Time Spent: 8.597360391 seconds
New Tree:
Tree: ((((3,2),(0,1)),36),(((23,((24,(25,26)),((27,28),29))),((30,(31,32)),((33,34),35))),(((((4,(5,6)),7),(8,9)),((10,11),((12,13),14))),((22,(17,((18,19),(20,21)))),(15,16)))));
Tree Score: 13467.667173400432
Score Improvement: 0.004210020419322058

Step Number: 4
Time Spent: 8.076799361 seconds
New Tree:
Tree: ((((3,2),(0,1)),36),(((23,(29,((27,28),(24,(25,26))))),((30,(31,32)),((33,34),35))),(((((4,(5,6)),7),(8,9)),((10,11),((12,13),14))),((22,(17,((18,19),(20,21)))),(15,16)))));
Tree Score: 13469.58582373327
Score Improvement: 1.4246345028690044E-4

Step Number: 5
Time Spent: 7.543892907 seconds
New Tree:
Tree: ((((3,2),(0,1)),36),(((23,(29,((27,28),(24,(25,26))))),((30,(31,32)),((33,34),35))),(((((6,(5,4)),7),(8,9)),((10,11),((12,13),14))),((22,(17,((18,19),(20,21)))),(15,16)))));
Tree Score: 13471.075698728368
Score Improvement: 1.1061030491910095E-4

Step Number: 6
Time Spent: 7.57365584 seconds
New Tree:
Tree: ((((3,2),(0,1)),36),(((23,(29,((27,28),(24,(25,26))))),((30,(31,32)),((33,34),35))),(((((6,7),(5,4)),(8,9)),((10,11),((12,13),14))),((22,(17,((18,19),(20,21)))),(15,16)))));
Tree Score: 13532.90514899102
Score Improvement: 0.004589793097851125

Step Number: 7
Time Spent: 7.094528921 seconds
New Tree:
Tree: ((((3,2),(0,1)),36),(((23,(29,((27,28),(24,(25,26))))),((30,(31,32)),((33,34),35))),(((((6,7),(5,4)),(8,9)),((10,11),((12,13),14))),((22,(17,((18,19),(20,21)))),(15,16)))));
Tree Score: 13532.90514899102
Score Improvement: 0.0

TOTAL STEPS: 7
TOTAL TIME: 57.700002425 seconds
Final tree: Tree: ((((3,2),(0,1)),36),(((23,(29,((27,28),(24,(25,26))))),((30,(31,32)),((33,34),35))),(((((6,7),(5,4)),(8,9)),((10,11),((12,13),14))),((22,(17,((18,19),(20,21)))),(15,16)))));
Tree Score: 13532.90514899102
Total Score Improvement: 0.24666371373332163

===========================================================
RESULTS FROM 10 ITERATION(S):
AVERAGE TIME PER RUN: 83.528120568 seconds
AVERAGE IMPROVEMENT: 0.3326548815249255
BEST Tree: (((((30,(31,32)),(26,((27,28),29))),(((33,(34,35)),36),(((5,6),4),((0,1),(2,3))))),(((7,8),9),((10,11),((12,13),14)))),(((25,24),(((18,19),20),((21,22),23))),(15,(16,17))));
Tree Score: 14247.098676801206
BEST'S IMPROVEMENT :0.6590254738444485
