--------------ITERATION 1--------------
Input tree: (((0,(((1,2),3),(4,5))),6),(((7,8),((9,(10,11)),(12,13))),((((14,15),16),(17,(18,19))),(((20,21),((22,23),24)),((((25,(26,(27,28))),(29,30)),(31,32)),(((33,34),35),36))))));
Initial Score: 10671.121698605362

Step Number: 1
Time Spent: 10.37100982 seconds
New Tree:
Tree: (((0,(((1,2),3),(4,5))),6),((((20,21),((22,23),24)),((((25,(26,(27,28))),(29,30)),(31,32)),(((33,34),35),36))),((((14,15),16),(17,(18,19))),((7,8),((9,(10,11)),(12,13))))));
Tree Score: 11705.302826152763
Score Improvement: 0.09691400367803515

Step Number: 2
Time Spent: 10.350949447 seconds
New Tree:
Tree: (((0,(((1,2),3),(4,5))),6),((((20,21),((22,23),24)),((((25,(26,(27,28))),(29,30)),(31,32)),(((33,34),35),36))),((((16,15),14),(17,(18,19))),((7,8),((9,(10,11)),(12,13))))));
Tree Score: 11720.590801385812
Score Improvement: 0.0013060725946270058

Step Number: 3
Time Spent: 9.815753805 seconds
New Tree:
Tree: (((0,(((3,2),1),(4,5))),6),((((20,21),((22,23),24)),((((25,(26,(27,28))),(29,30)),(31,32)),(((33,34),35),36))),((((16,15),14),(17,(18,19))),((7,8),((9,(10,11)),(12,13))))));
Tree Score: 11732.919351456336
Score Improvement: 0.0010518710429738842

Step Number: 4
Time Spent: 9.786701438 seconds
New Tree:
Tree: (((0,(((3,2),1),(4,5))),6),((((20,21),((22,23),24)),((((25,(26,(27,28))),(29,30)),(31,32)),(((35,34),33),36))),((((16,15),14),(17,(18,19))),((7,8),((9,(10,11)),(12,13))))));
Tree Score: 11741.44712645991
Score Improvement: 7.268246502107889E-4

Step Number: 5
Time Spent: 9.489839804 seconds
New Tree:
Tree: (((0,(((3,2),1),(4,5))),6),((((20,21),((22,23),24)),((((25,(26,(27,28))),(29,30)),(31,32)),(((35,34),33),36))),((((16,15),14),(17,(18,19))),((7,8),((9,(10,11)),(12,13))))));
Tree Score: 11741.44712645991
Score Improvement: 0.0

TOTAL STEPS: 5
TOTAL TIME: 49.814254314 seconds
Final tree: Tree: (((0,(((3,2),1),(4,5))),6),((((20,21),((22,23),24)),((((25,(26,(27,28))),(29,30)),(31,32)),(((35,34),33),36))),((((16,15),14),(17,(18,19))),((7,8),((9,(10,11)),(12,13))))));
Tree Score: 11741.44712645991
Total Score Improvement: 0.10030111717256784

--------------ITERATION 2--------------
Input tree: (((((0,1),2),3),(4,((5,((6,7),((8,9),10))),11))),(((12,13),((14,((15,16),(17,18))),((((19,20),((21,22),23)),24),(25,26)))),((27,((28,29),((30,31),32))),((33,34),(35,36)))));
Initial Score: 8917.68920346319

Step Number: 1
Time Spent: 11.33635639 seconds
New Tree:
Tree: (((((0,1),2),3),(4,((5,((6,7),((8,9),10))),11))),((((((19,20),((21,22),23)),24),(25,26)),((14,((15,16),(17,18))),(12,13))),((27,((28,29),((30,31),32))),((33,34),(35,36)))));
Tree Score: 10196.638128076142
Score Improvement: 0.14341707761201983

Step Number: 2
Time Spent: 10.840427404 seconds
New Tree:
Tree: (((((0,1),2),3),(4,((5,((6,7),((8,9),10))),11))),((((((19,20),((21,22),23)),24),(25,26)),((14,((15,16),(17,18))),(12,13))),((((30,31),32),((28,29),27)),((33,34),(35,36)))));
Tree Score: 10565.172703246048
Score Improvement: 0.036142753184028154

Step Number: 3
Time Spent: 10.275452765 seconds
New Tree:
Tree: (((((0,1),2),3),(4,((5,((6,7),((8,9),10))),11))),(((((25,26),24),((19,20),((21,22),23))),((14,((15,16),(17,18))),(12,13))),((((30,31),32),((28,29),27)),((33,34),(35,36)))));
Tree Score: 10807.655978248848
Score Improvement: 0.022951188950115275

Step Number: 4
Time Spent: 9.939267976 seconds
New Tree:
Tree: (((((0,1),2),3),(4,((5,((6,7),((8,9),10))),11))),(((((25,26),24),((19,20),((21,22),23))),((14,(12,13)),((15,16),(17,18)))),((((30,31),32),((28,29),27)),((33,34),(35,36)))));
Tree Score: 11023.020403285904
Score Improvement: 0.01992702446029848

Step Number: 5
Time Spent: 10.548640648 seconds
New Tree:
Tree: ((((5,((6,7),((8,9),10))),11),(4,(((0,1),2),3))),(((((25,26),24),((19,20),((21,22),23))),((14,(12,13)),((15,16),(17,18)))),((((30,31),32),((28,29),27)),((33,34),(35,36)))));
Tree Score: 11237.269003451263
Score Improvement: 0.01943646952712652

Step Number: 6
Time Spent: 9.995746247 seconds
New Tree:
Tree: ((((5,((6,7),((8,9),10))),11),(4,((3,2),(0,1)))),(((((25,26),24),((19,20),((21,22),23))),((14,(12,13)),((15,16),(17,18)))),((((30,31),32),((28,29),27)),((33,34),(35,36)))));
Tree Score: 11294.899078227972
Score Improvement: 0.005128476924331826

Step Number: 7
Time Spent: 9.216848945 seconds
New Tree:
Tree: ((((5,((6,7),((8,9),10))),11),(4,((3,2),(0,1)))),(((((25,26),24),((19,20),((21,22),23))),((14,(12,13)),((15,16),(17,18)))),((((30,31),32),((28,29),27)),((33,34),(35,36)))));
Tree Score: 11294.899078227972
Score Improvement: 0.0

TOTAL STEPS: 7
TOTAL TIME: 72.152740375 seconds
Final tree: Tree: ((((5,((6,7),((8,9),10))),11),(4,((3,2),(0,1)))),(((((25,26),24),((19,20),((21,22),23))),((14,(12,13)),((15,16),(17,18)))),((((30,31),32),((28,29),27)),((33,34),(35,36)))));
Tree Score: 11294.899078227972
Total Score Improvement: 0.2665724068788575

--------------ITERATION 3--------------
Input tree: ((((0,((1,2),3)),(4,5)),(((6,((7,8),9)),(10,11)),12)),((13,((14,15),((16,17),18))),(((((19,20),(21,22)),23),(24,25)),((26,(27,(28,29))),((30,31),(32,(((33,34),35),36)))))));
Initial Score: 10264.503753517289

Step Number: 1
Time Spent: 10.421110534 seconds
New Tree:
Tree: ((((0,((1,2),3)),(4,5)),(((((19,20),(21,22)),23),(24,25)),((26,(27,(28,29))),((30,31),(32,(((33,34),35),36)))))),((13,((14,15),((16,17),18))),(((6,((7,8),9)),(10,11)),12)));
Tree Score: 11682.105028320104
Score Improvement: 0.13810714174243954

Step Number: 2
Time Spent: 10.268599031 seconds
New Tree:
Tree: ((((0,((1,2),3)),(4,5)),(((((19,20),(21,22)),23),(24,25)),((26,(27,(28,29))),((30,31),(32,(((33,34),35),36)))))),((13,((14,15),((16,17),18))),((12,(10,11)),(6,((7,8),9)))));
Tree Score: 12318.372754134238
Score Improvement: 0.05446516054013162

Step Number: 3
Time Spent: 9.655224872 seconds
New Tree:
Tree: ((((((19,20),(21,22)),23),(24,25)),(((0,((1,2),3)),(4,5)),((26,(27,(28,29))),((30,31),(32,(((33,34),35),36)))))),((13,((14,15),((16,17),18))),((12,(10,11)),(6,((7,8),9)))));
Tree Score: 12893.704653875902
Score Improvement: 0.04670518673406554

Step Number: 4
Time Spent: 9.131689931 seconds
New Tree:
Tree: ((((((19,20),(21,22)),23),(24,25)),(((0,((1,2),3)),(4,5)),((26,(27,(28,29))),((30,31),(32,(((33,34),35),36)))))),((((16,17),18),((14,15),13)),((12,(10,11)),(6,((7,8),9)))));
Tree Score: 13092.276229156181
Score Improvement: 0.015400661067615395

Step Number: 5
Time Spent: 8.617452191 seconds
New Tree:
Tree: ((((((19,20),(21,22)),23),(24,25)),(((0,((1,2),3)),(4,5)),((26,(27,(28,29))),((((33,34),35),36),(32,(30,31)))))),((((16,17),18),((14,15),13)),((12,(10,11)),(6,((7,8),9)))));
Tree Score: 13212.337529227603
Score Improvement: 0.009170391608759987

Step Number: 6
Time Spent: 8.651177989 seconds
New Tree:
Tree: ((((((19,20),(21,22)),23),(24,25)),(((0,((1,2),3)),(4,5)),(((28,29),(27,26)),((((33,34),35),36),(32,(30,31)))))),((((16,17),18),((14,15),13)),((12,(10,11)),(6,((7,8),9)))));
Tree Score: 13328.816579401959
Score Improvement: 0.008815930558592422

Step Number: 7
Time Spent: 8.09962489 seconds
New Tree:
Tree: (((((24,25),23),((19,20),(21,22))),(((0,((1,2),3)),(4,5)),(((28,29),(27,26)),((((33,34),35),36),(32,(30,31)))))),((((16,17),18),((14,15),13)),((12,(10,11)),(6,((7,8),9)))));
Tree Score: 13395.165979134385
Score Improvement: 0.004977891273180379

Step Number: 8
Time Spent: 8.057951294 seconds
New Tree:
Tree: (((((24,25),23),((19,20),(21,22))),(((0,((1,2),3)),(4,5)),(((28,29),(27,26)),((((33,34),35),36),(32,(30,31)))))),((((16,17),18),((14,15),13)),((12,(10,11)),(9,((7,8),6)))));
Tree Score: 13426.766978716943
Score Improvement: 0.002359134603616253

Step Number: 9
Time Spent: 7.52938806 seconds
New Tree:
Tree: (((((24,25),23),((19,20),(21,22))),(((0,((3,2),1)),(4,5)),(((28,29),(27,26)),((((33,34),35),36),(32,(30,31)))))),((((16,17),18),((14,15),13)),((12,(10,11)),(9,((7,8),6)))));
Tree Score: 13444.118203944061
Score Improvement: 0.0012922861664779184

Step Number: 10
Time Spent: 6.996186806 seconds
New Tree:
Tree: (((((24,25),23),((19,20),(21,22))),(((0,((3,2),1)),(4,5)),(((28,29),(27,26)),((((35,34),33),36),(32,(30,31)))))),((((16,17),18),((14,15),13)),((12,(10,11)),(9,((7,8),6)))));
Tree Score: 13452.645978947636
Score Improvement: 6.343127064349918E-4

Step Number: 11
Time Spent: 6.995755954 seconds
New Tree:
Tree: (((((24,25),23),((19,20),(21,22))),(((0,((3,2),1)),(4,5)),(((28,29),(27,26)),((((35,34),33),36),(32,(30,31)))))),((((16,17),18),((14,15),13)),((12,(10,11)),(9,((7,8),6)))));
Tree Score: 13452.645978947636
Score Improvement: 0.0

TOTAL STEPS: 11
TOTAL TIME: 94.424161552 seconds
Final tree: Tree: (((((24,25),23),((19,20),(21,22))),(((0,((3,2),1)),(4,5)),(((28,29),(27,26)),((((35,34),33),36),(32,(30,31)))))),((((16,17),18),((14,15),13)),((12,(10,11)),(9,((7,8),6)))));
Tree Score: 13452.645978947636
Total Score Improvement: 0.3105987685315894

--------------ITERATION 4--------------
Input tree: (((((0,1),2),(((3,4),5),6)),(7,(8,(9,10)))),(((((11,12),(((13,14),15),16)),((17,(18,19)),20)),((21,(22,23)),(24,25))),(((26,(27,28)),(29,(30,31))),(((32,33),(34,35)),36))));
Initial Score: 11968.426975298951

Step Number: 1
Time Spent: 9.161143607 seconds
New Tree:
Tree: (((((0,1),2),(((3,4),5),6)),((9,10),(8,7))),(((((11,12),(((13,14),15),16)),((17,(18,19)),20)),((21,(22,23)),(24,25))),(((26,(27,28)),(29,(30,31))),(((32,33),(34,35)),36))));
Tree Score: 12153.670651178154
Score Improvement: 0.015477696130119512

Step Number: 2
Time Spent: 8.651776179 seconds
New Tree:
Tree: (((((0,1),2),(((3,4),5),6)),(((26,(27,28)),(29,(30,31))),(((32,33),(34,35)),36))),(((((11,12),(((13,14),15),16)),((17,(18,19)),20)),((21,(22,23)),(24,25))),((9,10),(8,7))));
Tree Score: 12404.983627171876
Score Improvement: 0.02067794851503235

Step Number: 3
Time Spent: 8.124994177 seconds
New Tree:
Tree: (((((0,1),2),(((3,4),5),6)),(((26,(27,28)),(29,(30,31))),(((32,33),(34,35)),36))),(((((11,12),(((13,14),15),16)),((17,(18,19)),20)),((9,10),(8,7))),((21,(22,23)),(24,25))));
Tree Score: 12449.34142732688
Score Improvement: 0.003575804812659511

Step Number: 4
Time Spent: 8.680610642 seconds
New Tree:
Tree: ((((21,(22,23)),(24,25)),(((26,(27,28)),(29,(30,31))),(((32,33),(34,35)),36))),(((((11,12),(((13,14),15),16)),((17,(18,19)),20)),((9,10),(8,7))),(((0,1),2),(((3,4),5),6))));
Tree Score: 12873.036276127199
Score Improvement: 0.034033515047654506

Step Number: 5
Time Spent: 8.138763666 seconds
New Tree:
Tree: ((((21,(22,23)),(24,25)),(((26,(27,28)),(29,(30,31))),(((32,33),(34,35)),36))),(((((11,12),(((13,14),15),16)),((9,10),(8,7))),((17,(18,19)),20)),(((0,1),2),(((3,4),5),6))));
Tree Score: 13074.22197228244
Score Improvement: 0.015628457175121513

Step Number: 6
Time Spent: 8.196681645 seconds
New Tree:
Tree: ((((21,(22,23)),(24,25)),(((26,(27,28)),(29,(30,31))),(((32,33),(34,35)),36))),(((((11,12),(((13,14),15),16)),((9,10),(8,7))),((17,(18,19)),20)),(((0,1),2),(((5,4),3),6))));
Tree Score: 13097.353497380553
Score Improvement: 0.0017692467779077958

Step Number: 7
Time Spent: 7.595683432 seconds
New Tree:
Tree: ((((21,(22,23)),(24,25)),(((26,(27,28)),(29,(30,31))),(((32,33),(34,35)),36))),(((((11,12),((16,15),(13,14))),((9,10),(8,7))),((17,(18,19)),20)),(((0,1),2),(((5,4),3),6))));
Tree Score: 13118.49464732611
Score Improvement: 0.0016141543365830735

Step Number: 8
Time Spent: 7.040329849 seconds
New Tree:
Tree: ((((21,(22,23)),(24,25)),(((26,(27,28)),(29,(30,31))),(((32,33),(34,35)),36))),(((((16,15),((11,12),(13,14))),((9,10),(8,7))),((17,(18,19)),20)),(((0,1),2),(((5,4),3),6))));
Tree Score: 13145.196447030803
Score Improvement: 0.0020354316880508705

Step Number: 9
Time Spent: 7.048906429 seconds
New Tree:
Tree: ((((21,(22,23)),(24,25)),(((26,(27,28)),(29,(30,31))),(((32,33),(34,35)),36))),(((((16,15),((11,12),(13,14))),((9,10),(8,7))),((17,(18,19)),20)),(((0,1),2),(((5,4),3),6))));
Tree Score: 13145.196447030803
Score Improvement: 0.0

TOTAL STEPS: 9
TOTAL TIME: 72.638889626 seconds
Final tree: Tree: ((((21,(22,23)),(24,25)),(((26,(27,28)),(29,(30,31))),(((32,33),(34,35)),36))),(((((16,15),((11,12),(13,14))),((9,10),(8,7))),((17,(18,19)),20)),(((0,1),2),(((5,4),3),6))));
Tree Score: 13145.196447030803
Total Score Improvement: 0.09832281837542456

--------------ITERATION 5--------------
Input tree: ((0,((((1,2),(3,4)),5),(6,((7,(8,9)),10)))),((11,((((12,13),14),15),16)),(((17,18),(((((19,20),(21,(22,(23,24)))),(25,26)),((27,(28,29)),(30,(31,32)))),(33,(34,35)))),36)));
Initial Score: 7579.305175062036

Step Number: 1
Time Spent: 9.9688408 seconds
New Tree:
Tree: ((0,((((1,2),(3,4)),5),(6,((7,(8,9)),10)))),((11,((((12,13),14),15),16)),(((17,18),(((((27,(28,29)),(30,(31,32))),(25,26)),((19,20),(21,(22,(23,24))))),(33,(34,35)))),36)));
Tree Score: 7856.975599157391
Score Improvement: 0.03663534026957582

Step Number: 2
Time Spent: 11.628768994 seconds
New Tree:
Tree: ((0,((((1,2),(3,4)),5),(6,((7,(8,9)),10)))),((11,((((12,13),14),15),16)),(((17,18),(((((27,(28,29)),(25,26)),(30,(31,32))),((19,20),(21,(22,(23,24))))),(33,(34,35)))),36)));
Tree Score: 8200.092275178758
Score Improvement: 0.04367032475678867

Step Number: 3
Time Spent: 11.044385742 seconds
New Tree:
Tree: ((0,(((5,(3,4)),(1,2)),(6,((7,(8,9)),10)))),((11,((((12,13),14),15),16)),(((17,18),(((((27,(28,29)),(25,26)),(30,(31,32))),((19,20),(21,(22,(23,24))))),(33,(34,35)))),36)));
Tree Score: 8455.017949967412
Score Improvement: 0.031088147088332185

Step Number: 4
Time Spent: 10.474243059 seconds
New Tree:
Tree: ((0,(((5,(3,4)),(1,2)),(6,((7,(8,9)),10)))),((11,((((12,13),14),15),16)),(((17,18),(((((27,(28,29)),(25,26)),(30,(31,32))),((19,20),((23,24),(22,21)))),(33,(34,35)))),36)));
Tree Score: 8517.141249964712
Score Improvement: 0.00734750657714911

Step Number: 5
Time Spent: 9.938229296 seconds
New Tree:
Tree: ((0,(((5,(3,4)),(1,2)),(6,((7,(8,9)),10)))),((11,((16,15),((12,13),14))),(((17,18),(((((27,(28,29)),(25,26)),(30,(31,32))),((19,20),((23,24),(22,21)))),(33,(34,35)))),36)));
Tree Score: 8558.790599877713
Score Improvement: 0.00489006213360299

Step Number: 6
Time Spent: 9.361894275 seconds
New Tree:
Tree: ((0,(((5,(3,4)),(1,2)),(6,((7,(8,9)),10)))),(((16,15),(11,((12,13),14))),(((17,18),(((((27,(28,29)),(25,26)),(30,(31,32))),((19,20),((23,24),(22,21)))),(33,(34,35)))),36)));
Tree Score: 8681.432626183843
Score Improvement: 0.014329364046817838

Step Number: 7
Time Spent: 10.461696491 seconds
New Tree:
Tree: ((0,(((5,(3,4)),(1,2)),(6,((7,(8,9)),10)))),(((16,15),(((17,18),(((((27,(28,29)),(25,26)),(30,(31,32))),((19,20),((23,24),(22,21)))),(33,(34,35)))),36)),(11,((12,13),14))));
Tree Score: 8816.306001320248
Score Improvement: 0.015535843096865953

Step Number: 8
Time Spent: 9.377941846 seconds
New Tree:
Tree: ((0,(((5,(3,4)),(1,2)),(6,((9,(8,7)),10)))),(((16,15),(((17,18),(((((27,(28,29)),(25,26)),(30,(31,32))),((19,20),((23,24),(22,21)))),(33,(34,35)))),36)),(11,((12,13),14))));
Tree Score: 8842.213551502442
Score Improvement: 0.002938594710564013

Step Number: 9
Time Spent: 8.829662068 seconds
New Tree:
Tree: ((0,(((5,(3,4)),(1,2)),(6,((9,(8,7)),10)))),(((16,15),(((17,18),(((((27,(28,29)),(25,26)),(30,(31,32))),((19,20),((23,24),(22,21)))),(33,(34,35)))),36)),(11,((12,13),14))));
Tree Score: 8842.213551502442
Score Improvement: 0.0

TOTAL STEPS: 9
TOTAL TIME: 91.085662571 seconds
Final tree: Tree: ((0,(((5,(3,4)),(1,2)),(6,((9,(8,7)),10)))),(((16,15),(((17,18),(((((27,(28,29)),(25,26)),(30,(31,32))),((19,20),((23,24),(22,21)))),(33,(34,35)))),36)),(11,((12,13),14))));
Tree Score: 8842.213551502442
Total Score Improvement: 0.16662587760626346

--------------ITERATION 6--------------
Input tree: (((0,(1,2)),(((3,4),(5,6)),((7,8),((9,10),(11,12))))),((((((13,(14,15)),16),17),18),(19,20)),((21,22),((((23,(24,25)),((26,((27,28),29)),(30,(31,32)))),(33,34)),(35,36)))));
Initial Score: 8478.741474169961

Step Number: 1
Time Spent: 9.818600116 seconds
New Tree:
Tree: (((0,(1,2)),((21,22),((((23,(24,25)),((26,((27,28),29)),(30,(31,32)))),(33,34)),(35,36)))),((((((13,(14,15)),16),17),18),(19,20)),(((3,4),(5,6)),((7,8),((9,10),(11,12))))));
Tree Score: 9519.965500010716
Score Improvement: 0.122804077587787

Step Number: 2
Time Spent: 9.395324434 seconds
New Tree:
Tree: (((0,(1,2)),((21,22),((((23,(24,25)),((26,((27,28),29)),(30,(31,32)))),(33,34)),(35,36)))),((((19,20),18),(((13,(14,15)),16),17)),(((3,4),(5,6)),((7,8),((9,10),(11,12))))));
Tree Score: 9752.869849646071
Score Improvement: 0.02446483126804333

Step Number: 3
Time Spent: 8.636834545 seconds
New Tree:
Tree: (((0,(1,2)),((21,22),((((23,(24,25)),((26,((27,28),29)),(30,(31,32)))),(33,34)),(35,36)))),((((19,20),18),((17,16),(13,(14,15)))),(((3,4),(5,6)),((7,8),((9,10),(11,12))))));
Tree Score: 9845.332374844307
Score Improvement: 0.009480545380351924

Step Number: 4
Time Spent: 8.07712091 seconds
New Tree:
Tree: (((0,(1,2)),((21,22),((((23,(24,25)),((26,((27,28),29)),(30,(31,32)))),(33,34)),(35,36)))),((((19,20),18),((17,16),(13,(14,15)))),(((3,4),(5,6)),((11,12),((9,10),(7,8))))));
Tree Score: 9932.699300459193
Score Improvement: 0.008873943741921408

Step Number: 5
Time Spent: 8.068819506 seconds
New Tree:
Tree: (((0,(1,2)),((21,22),((((23,(24,25)),((26,((27,28),29)),(30,(31,32)))),(33,34)),(35,36)))),((((19,20),18),((17,16),(13,(14,15)))),(((3,4),(5,6)),((11,12),((9,10),(7,8))))));
Tree Score: 9932.699300459193
Score Improvement: 0.0

TOTAL STEPS: 5
TOTAL TIME: 43.996699511 seconds
Final tree: Tree: (((0,(1,2)),((21,22),((((23,(24,25)),((26,((27,28),29)),(30,(31,32)))),(33,34)),(35,36)))),((((19,20),18),((17,16),(13,(14,15)))),(((3,4),(5,6)),((11,12),((9,10),(7,8))))));
Tree Score: 9932.699300459193
Total Score Improvement: 0.17148274077215797

--------------ITERATION 7--------------
Input tree: (((((0,(1,2)),3),4),((5,(6,(7,8))),(((9,10),((11,(12,13)),14)),15))),((((16,17),18),(19,20)),((21,22),((((23,24),25),26),((((27,28),29),(((30,31),32),33)),((34,35),36))))));
Initial Score: 9102.518124957927

Step Number: 1
Time Spent: 8.620061252 seconds
New Tree:
Tree: (((((0,(1,2)),3),4),((5,(6,(7,8))),(((9,10),((11,(12,13)),14)),15))),(((((23,24),25),26),((((27,28),29),(((30,31),32),33)),((34,35),36))),((21,22),(((16,17),18),(19,20)))));
Tree Score: 11476.538548990511
Score Improvement: 0.26080919493291943

Step Number: 2
Time Spent: 8.607927028 seconds
New Tree:
Tree: ((((21,22),(((16,17),18),(19,20))),((5,(6,(7,8))),(((9,10),((11,(12,13)),14)),15))),(((((23,24),25),26),((((27,28),29),(((30,31),32),33)),((34,35),36))),(((0,(1,2)),3),4)));
Tree Score: 13256.113499613371
Score Improvement: 0.15506199391273712

Step Number: 3
Time Spent: 8.112928537 seconds
New Tree:
Tree: (((((16,17),18),((21,22),(19,20))),((5,(6,(7,8))),(((9,10),((11,(12,13)),14)),15))),(((((23,24),25),26),((((27,28),29),(((30,31),32),33)),((34,35),36))),(((0,(1,2)),3),4)));
Tree Score: 13498.61747513887
Score Improvement: 0.018293746167198366

Step Number: 4
Time Spent: 8.112917781 seconds
New Tree:
Tree: (((((16,17),18),((21,22),(19,20))),((5,(6,(7,8))),(((9,10),((11,(12,13)),14)),15))),((((26,25),(23,24)),((((27,28),29),(((30,31),32),33)),((34,35),36))),(((0,(1,2)),3),4)));
Tree Score: 13617.76004992601
Score Improvement: 0.00882627980284445

Step Number: 5
Time Spent: 7.554860573 seconds
New Tree:
Tree: (((((16,17),18),((21,22),(19,20))),((5,(6,(7,8))),(((9,10),((11,(12,13)),14)),15))),((((26,25),(23,24)),((((27,28),29),(((32,31),30),33)),((34,35),36))),(((0,(1,2)),3),4)));
Tree Score: 13628.476774893594
Score Improvement: 7.86966793973054E-4

Step Number: 6
Time Spent: 7.026224983 seconds
New Tree:
Tree: (((((16,17),18),((21,22),(19,20))),((5,(6,(7,8))),(((9,10),((13,(12,11)),14)),15))),((((26,25),(23,24)),((((27,28),29),(((32,31),30),33)),((34,35),36))),(((0,(1,2)),3),4)));
Tree Score: 13635.18495018397
Score Improvement: 4.922175384070027E-4

Step Number: 7
Time Spent: 7.013591184 seconds
New Tree:
Tree: (((((16,17),18),((21,22),(19,20))),((5,(6,(7,8))),(((9,10),((13,14),(12,11))),15))),((((26,25),(23,24)),((((27,28),29),(((32,31),30),33)),((34,35),36))),(((0,(1,2)),3),4)));
Tree Score: 13677.456325087589
Score Improvement: 0.003100168795513669

Step Number: 8
Time Spent: 6.472847211 seconds
New Tree:
Tree: (((((16,17),18),((21,22),(19,20))),((5,(6,(7,8))),(((12,11),((13,14),(9,10))),15))),((((26,25),(23,24)),((((27,28),29),(((32,31),30),33)),((34,35),36))),(((0,(1,2)),3),4)));
Tree Score: 13734.408875258532
Score Improvement: 0.004163972365715418

Step Number: 9
Time Spent: 6.481921828 seconds
New Tree:
Tree: (((((16,17),18),((21,22),(19,20))),((5,(6,(7,8))),(((12,11),((13,14),(9,10))),15))),((((26,25),(23,24)),((((27,28),29),(((32,31),30),33)),((34,35),36))),(((0,(1,2)),3),4)));
Tree Score: 13734.408875258532
Score Improvement: 0.0

TOTAL STEPS: 9
TOTAL TIME: 68.003280377 seconds
Final tree: Tree: (((((16,17),18),((21,22),(19,20))),((5,(6,(7,8))),(((12,11),((13,14),(9,10))),15))),((((26,25),(23,24)),((((27,28),29),(((32,31),30),33)),((34,35),36))),(((0,(1,2)),3),4)));
Tree Score: 13734.408875258532
Total Score Improvement: 0.5088581738278071

--------------ITERATION 8--------------
Input tree: ((0,1),((((2,3),(((4,5),(6,7)),(8,((9,10),11)))),(((12,(13,(14,(15,(16,17))))),((18,19),20)),(((21,22),(23,24)),(25,26)))),((27,28),(((29,30),(31,(32,(33,34)))),(35,36)))));
Initial Score: 9385.65077401932

Step Number: 1
Time Spent: 8.109072181 seconds
New Tree:
Tree: ((0,1),(((((21,22),(23,24)),(25,26)),(((12,(13,(14,(15,(16,17))))),((18,19),20)),((2,3),(((4,5),(6,7)),(8,((9,10),11)))))),((27,28),(((29,30),(31,(32,(33,34)))),(35,36)))));
Tree Score: 10593.884424753589
Score Improvement: 0.12873200589125

Step Number: 2
Time Spent: 8.085447807 seconds
New Tree:
Tree: ((0,1),(((((21,22),(23,24)),(25,26)),((((14,(15,(16,17))),(13,12)),((18,19),20)),((2,3),(((4,5),(6,7)),(8,((9,10),11)))))),((27,28),(((29,30),(31,(32,(33,34)))),(35,36)))));
Tree Score: 10714.14879973243
Score Improvement: 0.01135224532918544

Step Number: 3
Time Spent: 8.099863467 seconds
New Tree:
Tree: ((0,1),(((((21,22),(23,24)),(25,26)),((((14,(15,(16,17))),(13,12)),((18,19),20)),((2,3),(((9,10),11),(8,((4,5),(6,7))))))),((27,28),(((29,30),(31,(32,(33,34)))),(35,36)))));
Tree Score: 10832.035275347982
Score Improvement: 0.011002878326507481

Step Number: 4
Time Spent: 7.565340188 seconds
New Tree:
Tree: ((0,1),(((((21,22),(23,24)),(25,26)),((((14,(15,(16,17))),(13,12)),((18,19),20)),((2,3),(((9,10),11),(8,((4,5),(6,7))))))),((27,28),(((29,30),((33,34),(32,31))),(35,36)))));
Tree Score: 10862.31770031205
Score Improvement: 0.0027956357410492405

Step Number: 5
Time Spent: 7.568956849 seconds
New Tree:
Tree: ((0,1),(((((21,22),(23,24)),(25,26)),((((14,(13,12)),(15,(16,17))),((18,19),20)),((2,3),(((9,10),11),(8,((4,5),(6,7))))))),((27,28),(((29,30),((33,34),(32,31))),(35,36)))));
Tree Score: 10887.47830004296
Score Improvement: 0.0023163196313238377

Step Number: 6
Time Spent: 7.563047158 seconds
New Tree:
Tree: ((0,1),(((((21,22),(23,24)),(25,26)),((((12,(13,14)),(15,(16,17))),((18,19),20)),((2,3),(((9,10),11),(8,((4,5),(6,7))))))),((27,28),(((29,30),((33,34),(32,31))),(35,36)))));
Tree Score: 10888.302550033244
Score Improvement: 7.570623495811724E-5

Step Number: 7
Time Spent: 7.036592014 seconds
New Tree:
Tree: ((0,1),(((((21,22),(23,24)),(25,26)),((((12,(13,14)),(15,(16,17))),((18,19),20)),((2,3),(((9,10),11),(8,((4,5),(6,7))))))),((27,28),(((29,30),((33,34),(32,31))),(35,36)))));
Tree Score: 10888.302550033244
Score Improvement: 0.0

TOTAL STEPS: 7
TOTAL TIME: 54.028319664 seconds
Final tree: Tree: ((0,1),(((((21,22),(23,24)),(25,26)),((((12,(13,14)),(15,(16,17))),((18,19),20)),((2,3),(((9,10),11),(8,((4,5),(6,7))))))),((27,28),(((29,30),((33,34),(32,31))),(35,36)))));
Tree Score: 10888.302550033244
Total Score Improvement: 0.16010096819002229

--------------ITERATION 9--------------
Input tree: ((((0,1),(2,(3,4))),(5,((6,7),(8,(9,10))))),((((((11,12),13),14),15),(((((16,17),18),(((19,20),21),22)),23),24)),(25,((((26,27),(28,29)),30),(31,((32,33),((34,35),36)))))));
Initial Score: 8412.323325928402

Step Number: 1
Time Spent: 10.241414219 seconds
New Tree:
Tree: ((((0,1),(2,(3,4))),(5,((6,7),(8,(9,10))))),((((((11,12),13),14),15),(((((16,17),18),(((19,20),21),22)),23),24)),((31,((32,33),((34,35),36))),((((26,27),(28,29)),30),25))));
Tree Score: 10625.855477312682
Score Improvement: 0.2631297045563794

Step Number: 2
Time Spent: 9.772483638 seconds
New Tree:
Tree: ((((0,1),(2,(3,4))),(5,((6,7),(8,(9,10))))),((((((11,12),13),14),15),((24,23),(((16,17),18),(((19,20),21),22)))),((31,((32,33),((34,35),36))),((((26,27),(28,29)),30),25))));
Tree Score: 11108.74445156577
Score Improvement: 0.04544471504286007

Step Number: 3
Time Spent: 9.105208281 seconds
New Tree:
Tree: ((((6,7),(8,(9,10))),(5,((0,1),(2,(3,4))))),((((((11,12),13),14),15),((24,23),(((16,17),18),(((19,20),21),22)))),((31,((32,33),((34,35),36))),((((26,27),(28,29)),30),25))));
Tree Score: 11253.766699980712
Score Improvement: 0.01305478301776053

Step Number: 4
Time Spent: 9.113187928 seconds
New Tree:
Tree: ((((31,((32,33),((34,35),36))),((((26,27),(28,29)),30),25)),(5,((0,1),(2,(3,4))))),((((((11,12),13),14),15),((24,23),(((16,17),18),(((19,20),21),22)))),((6,7),(8,(9,10)))));
Tree Score: 11554.659973560134
Score Improvement: 0.026737116700663366

Step Number: 5
Time Spent: 8.650223887 seconds
New Tree:
Tree: ((((31,((32,33),((34,35),36))),((((26,27),(28,29)),30),25)),(5,((0,1),(2,(3,4))))),((((((11,12),13),14),15),((6,7),(8,(9,10)))),((24,23),(((16,17),18),(((19,20),21),22)))));
Tree Score: 13535.493199660676
Score Improvement: 0.1714315462880922

Step Number: 6
Time Spent: 8.106785716 seconds
New Tree:
Tree: ((((31,((32,33),((34,35),36))),((((26,27),(28,29)),30),25)),((0,1),(5,(2,(3,4))))),((((((11,12),13),14),15),((6,7),(8,(9,10)))),((24,23),(((16,17),18),(((19,20),21),22)))));
Tree Score: 13905.350498694228
Score Improvement: 0.027324996110435373

Step Number: 7
Time Spent: 7.568428569 seconds
New Tree:
Tree: ((((31,((32,33),((34,35),36))),((((26,27),(28,29)),30),25)),((0,1),(5,(2,(3,4))))),(((((14,13),(11,12)),15),((6,7),(8,(9,10)))),((24,23),(((16,17),18),(((19,20),21),22)))));
Tree Score: 13958.700448456453
Score Improvement: 0.003836649048668983

Step Number: 8
Time Spent: 7.023725434 seconds
New Tree:
Tree: ((((31,((32,33),((34,35),36))),((((26,27),30),(28,29)),25)),((0,1),(5,(2,(3,4))))),(((((14,13),(11,12)),15),((6,7),(8,(9,10)))),((24,23),(((16,17),18),(((19,20),21),22)))));
Tree Score: 13989.254548992263
Score Improvement: 0.0021888929165456705

Step Number: 9
Time Spent: 6.476858894 seconds
New Tree:
Tree: ((((31,((32,33),((34,35),36))),((((26,27),30),(28,29)),25)),((0,1),(5,(2,(3,4))))),(((((14,13),(11,12)),15),((6,7),(10,(9,8)))),((24,23),(((16,17),18),(((19,20),21),22)))));
Tree Score: 14014.240199054824
Score Improvement: 0.0017860601488848271

Step Number: 10
Time Spent: 5.943598484 seconds
New Tree:
Tree: ((((((34,35),36),((32,33),31)),((((26,27),30),(28,29)),25)),((0,1),(5,(2,(3,4))))),(((((14,13),(11,12)),15),((6,7),(10,(9,8)))),((24,23),(((16,17),18),(((19,20),21),22)))));
Tree Score: 14018.955148787936
Score Improvement: 3.364399115572958E-4

Step Number: 11
Time Spent: 5.964201523 seconds
New Tree:
Tree: ((((((34,35),36),((32,31),33)),((((26,27),30),(28,29)),25)),((0,1),(5,(2,(3,4))))),(((((14,13),(11,12)),15),((6,7),(10,(9,8)))),((24,23),(((16,17),18),(((19,20),21),22)))));
Tree Score: 14026.013199021807
Score Improvement: 5.034647845691964E-4

Step Number: 12
Time Spent: 5.430802619 seconds
New Tree:
Tree: ((((((34,35),36),((32,31),33)),((((26,27),30),(28,29)),25)),((0,1),(5,(4,(3,2))))),(((((14,13),(11,12)),15),((6,7),(10,(9,8)))),((24,23),(((16,17),18),(((19,20),21),22)))));
Tree Score: 14027.37184929708
Score Improvement: 9.686646205131488E-5

Step Number: 13
Time Spent: 5.42868531 seconds
New Tree:
Tree: ((((((34,35),36),((32,31),33)),((((26,27),30),(28,29)),25)),((0,1),((3,2),(4,5)))),(((((14,13),(11,12)),15),((6,7),(10,(9,8)))),((24,23),(((16,17),18),(((19,20),21),22)))));
Tree Score: 14093.532749203965
Score Improvement: 0.004716557072677929

Step Number: 14
Time Spent: 5.432002351 seconds
New Tree:
Tree: ((((((34,35),36),((32,31),33)),((((26,27),30),(28,29)),25)),((4,5),((3,2),(0,1)))),(((((14,13),(11,12)),15),((6,7),(10,(9,8)))),((24,23),(((16,17),18),(((19,20),21),22)))));
Tree Score: 14126.71162509732
Score Improvement: 0.0023541915631641874

Step Number: 15
Time Spent: 4.89265276 seconds
New Tree:
Tree: ((((((34,35),36),((32,31),33)),((((26,27),30),(28,29)),25)),((4,5),((3,2),(0,1)))),(((((14,13),(11,12)),15),((6,7),(10,(9,8)))),((24,23),(((16,17),18),(((19,20),21),22)))));
Tree Score: 14126.71162509732
Score Improvement: 0.0

TOTAL STEPS: 15
TOTAL TIME: 109.150259613 seconds
Final tree: Tree: ((((((34,35),36),((32,31),33)),((((26,27),30),(28,29)),25)),((4,5),((3,2),(0,1)))),(((((14,13),(11,12)),15),((6,7),(10,(9,8)))),((24,23),(((16,17),18),(((19,20),21),22)))));
Tree Score: 14126.71162509732
Total Score Improvement: 0.6792877636497958

--------------ITERATION 10--------------
Input tree: (0,(((((1,2),(((3,4),5),6)),(7,(8,9))),(10,(11,(12,(13,14))))),(((15,16),((((17,18),(19,20)),21),22)),(((((23,24),25),(26,27)),(28,29)),((((30,31),32),(33,34)),(35,36))))));
Initial Score: 10887.172827284072

Step Number: 1
Time Spent: 10.343996468 seconds
New Tree:
Tree: (0,((((10,(11,(12,(13,14)))),(7,(8,9))),((1,2),(((3,4),5),6))),(((15,16),((((17,18),(19,20)),21),22)),(((((23,24),25),(26,27)),(28,29)),((((30,31),32),(33,34)),(35,36))))));
Tree Score: 11929.73402565111
Score Improvement: 0.09576050779264778

Step Number: 2
Time Spent: 10.879255526 seconds
New Tree:
Tree: (0,((((10,(11,(12,(13,14)))),(7,(8,9))),(((15,16),((((17,18),(19,20)),21),22)),(((((23,24),25),(26,27)),(28,29)),((((30,31),32),(33,34)),(35,36))))),((1,2),(((3,4),5),6))));
Tree Score: 12570.145952272653
Score Improvement: 0.053681995360880475

Step Number: 3
Time Spent: 10.384125803 seconds
New Tree:
Tree: (0,(((((((23,24),25),(26,27)),(28,29)),((((30,31),32),(33,34)),(35,36))),(((15,16),((((17,18),(19,20)),21),22)),((10,(11,(12,(13,14)))),(7,(8,9))))),((1,2),(((3,4),5),6))));
Tree Score: 14081.515200539625
Score Improvement: 0.12023482098023841

Step Number: 4
Time Spent: 9.911353532 seconds
New Tree:
Tree: (0,(((((((23,24),25),(26,27)),(28,29)),((((30,31),32),(33,34)),(35,36))),(((15,16),((22,21),((17,18),(19,20)))),((10,(11,(12,(13,14)))),(7,(8,9))))),((1,2),(((3,4),5),6))));
Tree Score: 14219.742875709331
Score Improvement: 0.009816250112374858

Step Number: 5
Time Spent: 9.301493856 seconds
New Tree:
Tree: (0,((((((28,29),(26,27)),((23,24),25)),((((30,31),32),(33,34)),(35,36))),(((15,16),((22,21),((17,18),(19,20)))),((10,(11,(12,(13,14)))),(7,(8,9))))),((1,2),(((3,4),5),6))));
Tree Score: 14355.38550021792
Score Improvement: 0.00953903496667996

Step Number: 6
Time Spent: 8.733116411 seconds
New Tree:
Tree: (0,((((((28,29),(26,27)),((23,24),25)),((((30,31),32),(33,34)),(35,36))),(((15,16),((22,21),((17,18),(19,20)))),((10,(7,(8,9))),(11,(12,(13,14)))))),((1,2),(((3,4),5),6))));
Tree Score: 14449.29120177137
Score Improvement: 0.006541496329166785

Step Number: 7
Time Spent: 8.710290604 seconds
New Tree:
Tree: (0,((((((28,29),(26,27)),((23,24),25)),((((30,31),32),(33,34)),(35,36))),(((15,16),((22,21),((17,18),(19,20)))),((10,(7,(8,9))),(11,(12,(13,14)))))),(6,(((3,4),5),(1,2)))));
Tree Score: 14475.574625934474
Score Improvement: 0.0018190113131557606

Step Number: 8
Time Spent: 8.714145702 seconds
New Tree:
Tree: (0,((((((28,29),(26,27)),((23,24),25)),((((30,31),32),(33,34)),(35,36))),(((15,16),((22,21),((17,18),(19,20)))),((10,(9,(8,7))),(11,(12,(13,14)))))),(6,(((3,4),5),(1,2)))));
Tree Score: 14501.482176116668
Score Improvement: 0.0017897424352175673

Step Number: 9
Time Spent: 8.168894593 seconds
New Tree:
Tree: (0,((((((28,29),(26,27)),((23,24),25)),((((30,31),32),(33,34)),(35,36))),(((15,16),((22,21),((17,18),(19,20)))),((10,(9,(8,7))),((13,14),(12,11))))),(6,(((3,4),5),(1,2)))));
Tree Score: 14518.393575738184
Score Improvement: 0.001166184215939614

Step Number: 10
Time Spent: 7.644817752 seconds
New Tree:
Tree: (0,((((((28,29),(26,27)),((23,24),25)),((((32,31),30),(33,34)),(35,36))),(((15,16),((22,21),((17,18),(19,20)))),((10,(9,(8,7))),((13,14),(12,11))))),(6,(((3,4),5),(1,2)))));
Tree Score: 14524.139225789346
Score Improvement: 3.9574971026845596E-4

Step Number: 11
Time Spent: 7.103950091 seconds
New Tree:
Tree: (0,((((((28,29),(26,27)),((23,24),25)),((((32,31),30),(33,34)),(35,36))),(((15,16),((22,21),((17,18),(19,20)))),((10,(9,(8,7))),((13,14),(12,11))))),(6,(((3,4),5),(1,2)))));
Tree Score: 14524.139225789346
Score Improvement: 0.0

TOTAL STEPS: 11
TOTAL TIME: 99.895440338 seconds
Final tree: Tree: (0,((((((28,29),(26,27)),((23,24),25)),((((32,31),30),(33,34)),(35,36))),(((15,16),((22,21),((17,18),(19,20)))),((10,(9,(8,7))),((13,14),(12,11))))),(6,(((3,4),5),(1,2)))));
Tree Score: 14524.139225789346
Total Score Improvement: 0.33405976521202674

===========================================================
RESULTS FROM 10 ITERATION(S):
AVERAGE TIME PER RUN: 75.518970794 seconds
AVERAGE IMPROVEMENT: 0.2796210400216513
BEST Tree: (0,((((((28,29),(26,27)),((23,24),25)),((((32,31),30),(33,34)),(35,36))),(((15,16),((22,21),((17,18),(19,20)))),((10,(9,(8,7))),((13,14),(12,11))))),(6,(((3,4),5),(1,2)))));
Tree Score: 14524.139225789346
BEST'S IMPROVEMENT :0.33405976521202674
