--------------ITERATION 1--------------
Input tree: (((0,((1,2),((((3,4),5),6),((7,8),(9,10))))),((11,(12,13)),((14,((15,16),(17,18))),(19,((20,21),22))))),((23,(24,((25,26),27))),((28,29),((30,((31,32),((33,34),35))),36))));
Initial Score: 11025.242199438771

Step Number: 1
Time Spent: 47.218656717 seconds
New Tree:
Tree: ((((14,((15,16),(17,18))),(19,((20,21),22))),((11,(12,13)),(0,((1,2),((((3,4),5),6),((7,8),(9,10))))))),((23,(24,((25,26),27))),((28,29),((30,((31,32),((33,34),35))),36))));
Tree Score: 12059.817924330158
Score Improvement: 0.09383700658694383

Step Number: 2
Time Spent: 46.913857832 seconds
New Tree:
Tree: ((((14,((15,16),(17,18))),(19,((20,21),22))),((11,(12,13)),(0,((1,2),((((3,4),5),6),((7,8),(9,10))))))),(((30,((31,32),((33,34),35))),36),((28,29),(23,(24,((25,26),27))))));
Tree Score: 12568.414651829547
Score Improvement: 0.04217283633058155

Step Number: 3
Time Spent: 54.7971212 seconds
New Tree:
Tree: ((((14,((15,16),(17,18))),(19,((20,21),22))),((11,(12,13)),(0,(((7,8),(9,10)),((((3,4),5),6),(1,2)))))),(((30,((31,32),((33,34),35))),36),((28,29),(23,(24,((25,26),27))))));
Tree Score: 12986.637476530437
Score Improvement: 0.03327570232893384

Step Number: 4
Time Spent: 47.961291587 seconds
New Tree:
Tree: ((((14,((15,16),(17,18))),(19,((20,21),22))),((((7,8),(9,10)),((((3,4),5),6),(1,2))),(0,(11,(12,13))))),(((30,((31,32),((33,34),35))),36),((28,29),(23,(24,((25,26),27))))));
Tree Score: 13184.25240097898
Score Improvement: 0.015216789165453548

Step Number: 5
Time Spent: 56.161162884 seconds
New Tree:
Tree: ((((14,((15,16),(17,18))),(19,((20,21),22))),((((7,8),(9,10)),(0,(11,(12,13)))),((((3,4),5),6),(1,2)))),(((30,((31,32),((33,34),35))),36),((28,29),(23,(24,((25,26),27))))));
Tree Score: 13646.57062685308
Score Improvement: 0.0350659416865966

Step Number: 6
Time Spent: 49.41570007 seconds
New Tree:
Tree: ((((((3,4),5),6),(1,2)),((((7,8),(9,10)),(0,(11,(12,13)))),((14,((15,16),(17,18))),(19,((20,21),22))))),(((30,((31,32),((33,34),35))),36),((28,29),(23,(24,((25,26),27))))));
Tree Score: 14203.808500576053
Score Improvement: 0.04083354631430014

Step Number: 7
Time Spent: 55.014107522 seconds
New Tree:
Tree: ((((((3,4),5),6),(1,2)),((((7,8),(9,10)),(0,(11,(12,13)))),((14,((15,16),(17,18))),(19,((20,21),22))))),(((30,((31,32),((33,34),35))),36),((24,((25,26),27)),(23,(28,29)))));
Tree Score: 14373.605825311724
Score Improvement: 0.0119543518718086

Step Number: 8
Time Spent: 48.595659268 seconds
New Tree:
Tree: ((((((3,4),5),6),(1,2)),((((7,8),(9,10)),(0,(11,(12,13)))),((14,((15,16),(17,18))),(19,((20,21),22))))),(((30,36),((31,32),((33,34),35))),((24,((25,26),27)),(23,(28,29)))));
Tree Score: 14517.90575014589
Score Improvement: 0.01003922930598633

Step Number: 9
Time Spent: 53.52264258 seconds
New Tree:
Tree: ((((((3,4),5),6),(1,2)),((((7,8),(9,10)),(0,(11,(12,13)))),(((15,16),(14,(17,18))),(19,((20,21),22))))),(((30,36),((31,32),((33,34),35))),((24,((25,26),27)),(23,(28,29)))));
Tree Score: 14607.19020040495
Score Improvement: 0.006149953842906175

Step Number: 10
Time Spent: 48.403276284 seconds
New Tree:
Tree: ((((((3,4),5),6),(1,2)),((((7,8),(9,10)),(0,(11,(12,13)))),(((15,16),(14,(17,18))),((20,21),(19,22))))),(((30,36),((31,32),((33,34),35))),((24,((25,26),27)),(23,(28,29)))));
Tree Score: 14694.737875394278
Score Improvement: 0.005993464436911511

Step Number: 11
Time Spent: 47.490423818 seconds
New Tree:
Tree: ((((((3,4),5),6),(1,2)),((((7,8),(9,10)),(0,(11,(12,13)))),(((15,16),(14,(17,18))),((20,21),(19,22))))),((((33,34),35),((31,32),(30,36))),((24,((25,26),27)),(23,(28,29)))));
Tree Score: 14777.355850779672
Score Improvement: 0.0056222830298819915

Step Number: 12
Time Spent: 47.401149408 seconds
New Tree:
Tree: ((((((3,4),5),6),(1,2)),((((7,8),(9,10)),((12,13),(11,0))),(((15,16),(14,(17,18))),((20,21),(19,22))))),((((33,34),35),((31,32),(30,36))),((24,((25,26),27)),(23,(28,29)))));
Tree Score: 14848.34937581535
Score Improvement: 0.004804210289889754

Step Number: 13
Time Spent: 47.018308404 seconds
New Tree:
Tree: ((((((3,4),5),6),(1,2)),((((7,8),(9,10)),((12,13),(11,0))),(((15,16),(14,(17,18))),((20,21),(19,22))))),((((33,34),35),((31,32),(30,36))),(((25,26),(24,27)),(23,(28,29)))));
Tree Score: 14899.336500692401
Score Improvement: 0.0034338581068207308

Step Number: 14
Time Spent: 46.874394643 seconds
New Tree:
Tree: (((((6,5),(3,4)),(1,2)),((((7,8),(9,10)),((12,13),(11,0))),(((15,16),(14,(17,18))),((20,21),(19,22))))),((((33,34),35),((31,32),(30,36))),(((25,26),(24,27)),(23,(28,29)))));
Tree Score: 14927.08895065519
Score Improvement: 0.0018626634791085728

Step Number: 15
Time Spent: 46.777366942 seconds
New Tree:
Tree: (((((6,5),(1,2)),(3,4)),((((7,8),(9,10)),((12,13),(11,0))),(((15,16),(14,(17,18))),((20,21),(19,22))))),((((33,34),35),((31,32),(30,36))),(((25,26),(24,27)),(23,(28,29)))));
Tree Score: 14936.704750326038
Score Improvement: 6.441845226912157E-4

Step Number: 16
Time Spent: 46.832032901 seconds
New Tree:
Tree: ((((((1,2),5),6),(3,4)),((((7,8),(9,10)),((12,13),(11,0))),(((15,16),(14,(17,18))),((20,21),(19,22))))),((((33,34),35),((31,32),(30,36))),(((25,26),(24,27)),(23,(28,29)))));
Tree Score: 14946.114375360365
Score Improvement: 6.299665951501332E-4

Step Number: 17
Time Spent: 46.869601786 seconds
New Tree:
Tree: (((((3,4),6),((1,2),5)),((((7,8),(9,10)),((12,13),(11,0))),(((15,16),(14,(17,18))),((20,21),(19,22))))),((((33,34),35),((31,32),(30,36))),(((25,26),(24,27)),(23,(28,29)))));
Tree Score: 14964.492350281851
Score Improvement: 0.0012296155682967047

Step Number: 18
Time Spent: 46.717473571 seconds
New Tree:
Tree: (((((3,4),6),((5,2),1)),((((7,8),(9,10)),((12,13),(11,0))),(((15,16),(14,(17,18))),((20,21),(19,22))))),((((33,34),35),((31,32),(30,36))),(((25,26),(24,27)),(23,(28,29)))));
Tree Score: 14973.62665020994
Score Improvement: 6.103982490202053E-4

Step Number: 19
Time Spent: 46.746287081 seconds
New Tree:
Tree: (((((3,4),6),((5,2),1)),((((7,8),(9,10)),((12,13),(11,0))),(((15,16),(14,(17,18))),((20,21),(19,22))))),((((33,34),35),((31,32),(30,36))),(((25,26),(24,27)),(29,(28,23)))));
Tree Score: 14976.068600255467
Score Improvement: 1.6308340675053046E-4

Step Number: 20
Time Spent: 46.835533766 seconds
New Tree:
Tree: (((((3,4),6),((5,2),1)),((((7,8),(9,10)),((12,13),(11,0))),(((15,16),(14,(17,18))),((20,21),(19,22))))),((((33,35),34),((31,32),(30,36))),(((25,26),(24,27)),(29,(28,23)))));
Tree Score: 14976.143350163178
Score Improvement: 4.9912904185323015E-6

Step Number: 21
Time Spent: 40.718729456 seconds
New Tree:
Tree: (((((3,4),6),((5,2),1)),((((7,8),(9,10)),((12,13),(11,0))),(((15,16),(14,(17,18))),((20,21),(19,22))))),((((33,35),34),((31,32),(30,36))),(((25,26),(24,27)),(29,(28,23)))));
Tree Score: 14976.143350163178
Score Improvement: 0.0

TOTAL STEPS: 21
TOTAL TIME: 1018.28477772 seconds
Final tree: Tree: (((((3,4),6),((5,2),1)),((((7,8),(9,10)),((12,13),(11,0))),(((15,16),(14,(17,18))),((20,21),(19,22))))),((((33,35),34),((31,32),(30,36))),(((25,26),(24,27)),(29,(28,23)))));
Tree Score: 14976.143350163178
Total Score Improvement: 0.3583505087013439

--------------ITERATION 2--------------
Input tree: ((0,((((1,2),(3,4)),5),((6,(7,8)),(9,(10,11))))),((((12,((13,14),15)),(16,(17,18))),(((19,20),(21,22)),((23,24),25))),((26,((27,(28,(29,30))),((31,(32,33)),34))),(35,36))));
Initial Score: 9394.00517434522

Step Number: 1
Time Spent: 19.064387797 seconds
New Tree:
Tree: ((0,((((1,2),(3,4)),5),((6,(7,8)),(9,(10,11))))),((((12,((13,14),15)),(16,(17,18))),(((19,20),(21,22)),((23,24),25))),((26,(35,36)),((27,(28,(29,30))),((31,(32,33)),34)))));
Tree Score: 10483.006700025522
Score Improvement: 0.11592515710490936

Step Number: 2
Time Spent: 18.819654441 seconds
New Tree:
Tree: ((((6,(7,8)),(9,(10,11))),((((1,2),(3,4)),5),0)),((((12,((13,14),15)),(16,(17,18))),(((19,20),(21,22)),((23,24),25))),((26,(35,36)),((27,(28,(29,30))),((31,(32,33)),34)))));
Tree Score: 11106.657976287068
Score Improvement: 0.059491641482975144

Step Number: 3
Time Spent: 19.093955873 seconds
New Tree:
Tree: ((((26,(35,36)),((27,(28,(29,30))),((31,(32,33)),34))),((((1,2),(3,4)),5),0)),((((12,((13,14),15)),(16,(17,18))),(((19,20),(21,22)),((23,24),25))),((6,(7,8)),(9,(10,11)))));
Tree Score: 11940.60285358841
Score Improvement: 0.07508513173646225

Step Number: 4
Time Spent: 19.432890664 seconds
New Tree:
Tree: ((((26,(35,36)),((((1,2),(3,4)),5),0)),((27,(28,(29,30))),((31,(32,33)),34))),((((12,((13,14),15)),(16,(17,18))),(((19,20),(21,22)),((23,24),25))),((6,(7,8)),(9,(10,11)))));
Tree Score: 13083.982352479943
Score Improvement: 0.09575559231901942

Step Number: 5
Time Spent: 19.338465457 seconds
New Tree:
Tree: ((((((1,2),(3,4)),5),((26,(35,36)),0)),((27,(28,(29,30))),((31,(32,33)),34))),((((12,((13,14),15)),(16,(17,18))),(((19,20),(21,22)),((23,24),25))),((6,(7,8)),(9,(10,11)))));
Tree Score: 13481.101001666277
Score Improvement: 0.030351512138127035

Step Number: 6
Time Spent: 19.348940673 seconds
New Tree:
Tree: ((((((1,2),(3,4)),5),((26,(35,36)),0)),((27,(28,(29,30))),((31,(32,33)),34))),((((12,((13,14),15)),(16,(17,18))),((6,(7,8)),(9,(10,11)))),(((19,20),(21,22)),((23,24),25))));
Tree Score: 13707.999752233969
Score Improvement: 0.016830876835626896

Step Number: 7
Time Spent: 19.334571247 seconds
New Tree:
Tree: ((((((1,2),(3,4)),5),((26,(35,36)),0)),((27,(28,(29,30))),((31,(32,33)),34))),((((12,((13,14),15)),(16,(17,18))),((6,(7,8)),(9,(10,11)))),((((23,24),25),(21,22)),(19,20))));
Tree Score: 14042.572601133259
Score Improvement: 0.024407123938324116

Step Number: 8
Time Spent: 19.44090991 seconds
New Tree:
Tree: ((((((26,(35,36)),0),5),((1,2),(3,4))),((27,(28,(29,30))),((31,(32,33)),34))),((((12,((13,14),15)),(16,(17,18))),((6,(7,8)),(9,(10,11)))),((((23,24),25),(21,22)),(19,20))));
Tree Score: 14233.595201766191
Score Improvement: 0.013603105788288161

Step Number: 9
Time Spent: 19.436433781 seconds
New Tree:
Tree: (((((5,0),(26,(35,36))),((1,2),(3,4))),((27,(28,(29,30))),((31,(32,33)),34))),((((12,((13,14),15)),(16,(17,18))),((6,(7,8)),(9,(10,11)))),((((23,24),25),(21,22)),(19,20))));
Tree Score: 14342.488376837762
Score Improvement: 0.0076504336064060485

Step Number: 10
Time Spent: 19.252372387 seconds
New Tree:
Tree: (((((5,0),(26,(35,36))),((1,2),(3,4))),((27,(28,(29,30))),((31,34),(32,33)))),((((12,((13,14),15)),(16,(17,18))),((6,(7,8)),(9,(10,11)))),((((23,24),25),(21,22)),(19,20))));
Tree Score: 14438.194652158956
Score Improvement: 0.006672919845328584

Step Number: 11
Time Spent: 19.215360767 seconds
New Tree:
Tree: (((((5,0),(26,(35,36))),((1,2),(3,4))),(((29,30),(28,27)),((31,34),(32,33)))),((((12,((13,14),15)),(16,(17,18))),((6,(7,8)),(9,(10,11)))),((((23,24),25),(21,22)),(19,20))));
Tree Score: 14524.688076690029
Score Improvement: 0.005990598313352136

Step Number: 12
Time Spent: 19.25510353 seconds
New Tree:
Tree: (((((5,0),(26,(35,36))),((1,2),(3,4))),(((29,30),(28,27)),((31,34),(32,33)))),(((((13,14),(12,15)),(16,(17,18))),((6,(7,8)),(9,(10,11)))),((((23,24),25),(21,22)),(19,20))));
Tree Score: 14570.23082699273
Score Improvement: 0.0031355406782052064

Step Number: 13
Time Spent: 19.258458007 seconds
New Tree:
Tree: (((((5,0),(26,(35,36))),((1,2),(3,4))),(((29,30),(28,27)),((31,34),(32,33)))),(((((13,14),(12,15)),(16,(17,18))),((6,(7,8)),(11,(10,9)))),((((23,24),25),(21,22)),(19,20))));
Tree Score: 14594.270402036796
Score Improvement: 0.001649910377502728

Step Number: 14
Time Spent: 19.264838147 seconds
New Tree:
Tree: (((((35,36),(26,(5,0))),((1,2),(3,4))),(((29,30),(28,27)),((31,34),(32,33)))),(((((13,14),(12,15)),(16,(17,18))),((6,(7,8)),(11,(10,9)))),((((23,24),25),(21,22)),(19,20))));
Tree Score: 14606.517802041373
Score Improvement: 8.391923451593897E-4

Step Number: 15
Time Spent: 19.278795789 seconds
New Tree:
Tree: (((((35,36),(26,(5,0))),((1,2),(3,4))),(((29,30),(28,27)),((31,34),(32,33)))),(((((13,14),(12,15)),(16,(17,18))),((6,(7,8)),(11,(10,9)))),((((23,24),(21,22)),25),(19,20))));
Tree Score: 14615.654026696808
Score Improvement: 6.254895779580494E-4

Step Number: 16
Time Spent: 19.325574084 seconds
New Tree:
Tree: (((((35,36),(26,(5,0))),((1,2),(3,4))),(((29,30),(28,27)),((31,34),(32,33)))),(((((13,14),(12,15)),(16,(17,18))),((6,(7,8)),(11,(10,9)))),(((19,20),25),((23,24),(21,22)))));
Tree Score: 14688.62807724101
Score Improvement: 0.0049928693174392524

Step Number: 17
Time Spent: 19.131608077 seconds
New Tree:
Tree: (((((35,36),(26,(5,0))),((1,2),(3,4))),(((29,30),(28,27)),((31,34),(32,33)))),(((((13,14),(12,15)),(16,(17,18))),((6,(7,8)),(11,(10,9)))),(((25,20),19),((23,24),(21,22)))));
Tree Score: 14759.644252368074
Score Improvement: 0.00483477250248443

Step Number: 18
Time Spent: 19.155572717 seconds
New Tree:
Tree: (((((35,36),(26,(5,0))),((1,2),(3,4))),(((29,30),(28,27)),((31,34),(32,33)))),(((((13,14),(12,15)),(17,(16,18))),((6,(7,8)),(11,(10,9)))),(((25,20),19),((23,24),(21,22)))));
Tree Score: 14760.356002730143
Score Improvement: 4.8222731517055806E-5

Step Number: 19
Time Spent: 20.845763068 seconds
New Tree:
Tree: (((((35,36),(26,(5,0))),((1,2),(3,4))),(((29,30),(28,27)),((31,34),(32,33)))),(((((13,14),(12,15)),(17,(16,18))),((6,(7,8)),(11,(10,9)))),(((25,20),19),((23,24),(21,22)))));
Tree Score: 14760.356002730143
Score Improvement: 0.0

TOTAL STEPS: 19
TOTAL TIME: 367.293656416 seconds
Final tree: Tree: (((((35,36),(26,(5,0))),((1,2),(3,4))),(((29,30),(28,27)),((31,34),(32,33)))),(((((13,14),(12,15)),(17,(16,18))),((6,(7,8)),(11,(10,9)))),(((25,20),19),((23,24),(21,22)))));
Tree Score: 14760.356002730143
Total Score Improvement: 0.5712527009289163

--------------ITERATION 3--------------
Input tree: ((((0,((1,(((2,3),4),5)),((6,7),(((8,9),10),11)))),12),(13,((14,(15,(16,17))),((((18,19),(20,21)),(22,23)),(((24,25),26),(27,(28,29))))))),(30,(31,((32,(33,34)),(35,36)))));
Initial Score: 7648.911249565892

Step Number: 1
Time Spent: 29.099439042 seconds
New Tree:
Tree: ((((0,((1,(((2,3),4),5)),((6,7),(((8,9),10),11)))),12),(((((18,19),(20,21)),(22,23)),(((24,25),26),(27,(28,29)))),((14,(15,(16,17))),13))),(30,(31,((32,(33,34)),(35,36)))));
Tree Score: 9031.907424604753
Score Improvement: 0.18080954660277326

Step Number: 2
Time Spent: 29.792729858 seconds
New Tree:
Tree: ((((((18,19),(20,21)),(22,23)),(((24,25),26),(27,(28,29)))),(((0,((1,(((2,3),4),5)),((6,7),(((8,9),10),11)))),12),((14,(15,(16,17))),13))),(30,(31,((32,(33,34)),(35,36)))));
Tree Score: 9566.098026926338
Score Improvement: 0.05914482702361856

Step Number: 3
Time Spent: 29.759507268 seconds
New Tree:
Tree: ((((((18,19),(20,21)),(22,23)),(((0,((1,(((2,3),4),5)),((6,7),(((8,9),10),11)))),12),((14,(15,(16,17))),13))),(((24,25),26),(27,(28,29)))),(30,(31,((32,(33,34)),(35,36)))));
Tree Score: 10403.062899735
Score Improvement: 0.08749281791309271

Step Number: 4
Time Spent: 30.320773543 seconds
New Tree:
Tree: (((((0,((1,(((2,3),4),5)),((6,7),(((8,9),10),11)))),12),((((18,19),(20,21)),(22,23)),((14,(15,(16,17))),13))),(((24,25),26),(27,(28,29)))),(30,(31,((32,(33,34)),(35,36)))));
Tree Score: 11747.065676764061
Score Improvement: 0.12919298767897458

Step Number: 5
Time Spent: 30.223777341 seconds
New Tree:
Tree: (((((0,12),((1,(((2,3),4),5)),((6,7),(((8,9),10),11)))),((((18,19),(20,21)),(22,23)),((14,(15,(16,17))),13))),(((24,25),26),(27,(28,29)))),(30,(31,((32,(33,34)),(35,36)))));
Tree Score: 12210.294301005953
Score Improvement: 0.03943356043017343

Step Number: 6
Time Spent: 29.563969413 seconds
New Tree:
Tree: ((((((6,7),(((8,9),10),11)),((1,(((2,3),4),5)),(0,12))),((((18,19),(20,21)),(22,23)),((14,(15,(16,17))),13))),(((24,25),26),(27,(28,29)))),(30,(31,((32,(33,34)),(35,36)))));
Tree Score: 12581.411726569233
Score Improvement: 0.030393814957654586

Step Number: 7
Time Spent: 26.122173498 seconds
New Tree:
Tree: ((((((6,7),(((8,9),10),11)),((((18,19),(20,21)),(22,23)),((14,(15,(16,17))),13))),((1,(((2,3),4),5)),(0,12))),(((24,25),26),(27,(28,29)))),(30,(31,((32,(33,34)),(35,36)))));
Tree Score: 13176.616378306819
Score Improvement: 0.04730825639229663

Step Number: 8
Time Spent: 29.976567062 seconds
New Tree:
Tree: ((((((6,7),(((8,9),10),11)),((((18,19),(20,21)),(22,23)),((14,(15,(16,17))),13))),((1,(0,12)),(((2,3),4),5))),(((24,25),26),(27,(28,29)))),(30,(31,((32,(33,34)),(35,36)))));
Tree Score: 13683.612927268201
Score Improvement: 0.03847699093646462

Step Number: 9
Time Spent: 29.811040218 seconds
New Tree:
Tree: ((((((6,7),(((8,9),10),11)),((((18,19),(20,21)),(22,23)),((14,(15,(16,17))),13))),((1,(0,12)),(((2,3),4),5))),(((24,25),26),(27,(28,29)))),(((32,(33,34)),(35,36)),(31,30)));
Tree Score: 13944.28390290303
Score Improvement: 0.019049864755774637

Step Number: 10
Time Spent: 29.915458873 seconds
New Tree:
Tree: ((((((6,7),(((8,9),10),11)),((((18,19),(20,21)),(22,23)),((14,(15,(16,17))),13))),(((2,3),4),((1,(0,12)),5))),(((24,25),26),(27,(28,29)))),(((32,(33,34)),(35,36)),(31,30)));
Tree Score: 14094.331227001414
Score Improvement: 0.010760489756461933

Step Number: 11
Time Spent: 29.994804717 seconds
New Tree:
Tree: ((((((6,7),(((8,9),10),11)),((((14,(15,(16,17))),13),(22,23)),((18,19),(20,21)))),(((2,3),4),((1,(0,12)),5))),(((24,25),26),(27,(28,29)))),(((32,(33,34)),(35,36)),(31,30)));
Tree Score: 14217.44617741034
Score Improvement: 0.008735068619152964

Step Number: 12
Time Spent: 30.102741977 seconds
New Tree:
Tree: ((((((6,7),(((8,9),10),11)),((((14,(15,(16,17))),13),(22,23)),((18,19),(20,21)))),(((2,3),4),((1,(0,12)),5))),(((24,25),26),(27,(28,29)))),(((31,30),(35,36)),(32,(33,34))));
Tree Score: 14337.877302325884
Score Improvement: 0.008470658050170332

Step Number: 13
Time Spent: 30.019386963 seconds
New Tree:
Tree: ((((((6,7),(((8,9),10),11)),((((14,13),(15,(16,17))),(22,23)),((18,19),(20,21)))),(((2,3),4),((1,(0,12)),5))),(((24,25),26),(27,(28,29)))),(((31,30),(35,36)),(32,(33,34))));
Tree Score: 14440.622827015439
Score Improvement: 0.007166020640509085

Step Number: 14
Time Spent: 29.898506717 seconds
New Tree:
Tree: (((((((8,9),10),((6,7),11)),((((14,13),(15,(16,17))),(22,23)),((18,19),(20,21)))),(((2,3),4),((1,(0,12)),5))),(((24,25),26),(27,(28,29)))),(((31,30),(35,36)),(32,(33,34))));
Tree Score: 14525.54842717867
Score Improvement: 0.0058810205889701095

Step Number: 15
Time Spent: 29.887582703 seconds
New Tree:
Tree: (((((((8,9),10),((6,7),11)),((((22,23),(15,(16,17))),(14,13)),((18,19),(20,21)))),(((2,3),4),((1,(0,12)),5))),(((24,25),26),(27,(28,29)))),(((31,30),(35,36)),(32,(33,34))));
Tree Score: 14586.07780232947
Score Improvement: 0.004167097404566444

Step Number: 16
Time Spent: 29.918773331 seconds
New Tree:
Tree: (((((((8,9),10),((6,7),11)),((((22,23),(15,(16,17))),(14,13)),((18,19),(20,21)))),(((2,3),4),((1,5),(0,12)))),(((24,25),26),(27,(28,29)))),(((31,30),(35,36)),(32,(33,34))));
Tree Score: 14627.788227662124
Score Improvement: 0.0028596052960854212

Step Number: 17
Time Spent: 25.556544796 seconds
New Tree:
Tree: (((((((8,9),10),((6,7),11)),((((22,23),(15,(16,17))),(14,13)),((18,19),(20,21)))),(((4,3),2),((1,5),(0,12)))),(((24,25),26),(27,(28,29)))),(((31,30),(35,36)),(32,(33,34))));
Tree Score: 14665.525102369866
Score Improvement: 0.002579807290098657

Step Number: 18
Time Spent: 20.790690911 seconds
New Tree:
Tree: (((((((8,9),10),((6,7),11)),((((16,17),(15,(22,23))),(14,13)),((18,19),(20,21)))),(((4,3),2),((1,5),(0,12)))),(((24,25),26),(27,(28,29)))),(((31,30),(35,36)),(32,(33,34))));
Tree Score: 14696.077852618328
Score Improvement: 0.0020833042141481517

Step Number: 19
Time Spent: 29.930699219 seconds
New Tree:
Tree: (((((((8,9),10),((6,11),7)),((((16,17),(15,(22,23))),(14,13)),((18,19),(20,21)))),(((4,3),2),((1,5),(0,12)))),(((24,25),26),(27,(28,29)))),(((31,30),(35,36)),(32,(33,34))));
Tree Score: 14721.781877562666
Score Improvement: 0.0017490397915767009

Step Number: 20
Time Spent: 30.243074836 seconds
New Tree:
Tree: (((((((8,9),10),((6,11),7)),((((16,17),(15,(22,23))),(14,13)),((18,19),(20,21)))),(((4,3),2),((1,5),(0,12)))),(((26,25),24),(27,(28,29)))),(((31,30),(35,36)),(32,(33,34))));
Tree Score: 14736.040227331483
Score Improvement: 9.685206510599009E-4

Step Number: 21
Time Spent: 29.567214938 seconds
New Tree:
Tree: (((((((8,9),10),((6,11),7)),((((16,17),(23,(22,15))),(14,13)),((18,19),(20,21)))),(((4,3),2),((1,5),(0,12)))),(((26,25),24),(27,(28,29)))),(((31,30),(35,36)),(32,(33,34))));
Tree Score: 14742.526877243334
Score Improvement: 4.4018948182689144E-4

Step Number: 22
Time Spent: 21.287756705 seconds
New Tree:
Tree: (((((((8,9),10),((6,11),7)),((((16,17),(23,(22,15))),(14,13)),((18,19),(20,21)))),(((4,3),2),((1,5),(0,12)))),(((26,25),24),(27,(28,29)))),(((31,30),(35,36)),(33,(32,34))));
Tree Score: 14744.989952303498
Score Improvement: 1.6707278749938936E-4

Step Number: 23
Time Spent: 21.286143999 seconds
New Tree:
Tree: (((((((8,9),10),((6,11),7)),((((16,17),(23,(22,15))),(14,13)),((18,19),(20,21)))),(((4,3),2),((1,5),(0,12)))),(((26,25),24),(28,(27,29)))),(((31,30),(35,36)),(33,(32,34))));
Tree Score: 14745.556977380096
Score Improvement: 3.8455440012574726E-5

Step Number: 24
Time Spent: 21.302110765 seconds
New Tree:
Tree: (((((((8,9),10),((6,11),7)),((((16,17),(23,(22,15))),(14,13)),((18,19),(20,21)))),(((4,3),2),((1,5),(0,12)))),(((26,25),24),(28,(27,29)))),(((31,30),(35,36)),(33,(32,34))));
Tree Score: 14745.556977380096
Score Improvement: 0.0

TOTAL STEPS: 24
TOTAL TIME: 674.371468693 seconds
Final tree: Tree: (((((((8,9),10),((6,11),7)),((((16,17),(23,(22,15))),(14,13)),((18,19),(20,21)))),(((4,3),2),((1,5),(0,12)))),(((26,25),24),(28,(27,29)))),(((31,30),(35,36)),(33,(32,34))));
Tree Score: 14745.556977380096
Total Score Improvement: 0.9277981527393155

--------------ITERATION 4--------------
Input tree: ((0,((1,2),(3,4))),((((5,6),7),((((8,9),10),11),12)),((((13,14),(15,16)),((17,18),19)),(((20,(21,(((22,23),(24,25)),26))),((27,((28,29),30)),(((31,32),33),(34,35)))),36))));
Initial Score: 8635.053798715095

Step Number: 1
Time Spent: 20.799443002 seconds
New Tree:
Tree: ((0,((1,2),(3,4))),((((5,6),7),((((8,9),10),11),12)),((((13,14),(15,16)),((17,18),19)),(((20,(21,(((22,23),(24,25)),26))),36),((27,((28,29),30)),(((31,32),33),(34,35)))))));
Tree Score: 11032.006099232412
Score Improvement: 0.2775839452064546

Step Number: 2
Time Spent: 20.46417006 seconds
New Tree:
Tree: ((0,((1,2),(3,4))),((((20,(21,(((22,23),(24,25)),26))),36),((27,((28,29),30)),(((31,32),33),(34,35)))),((((13,14),(15,16)),((17,18),19)),(((5,6),7),((((8,9),10),11),12)))));
Tree Score: 11506.304202924319
Score Improvement: 0.04299291528898874

Step Number: 3
Time Spent: 20.36555333 seconds
New Tree:
Tree: (((1,2),(0,(3,4))),((((20,(21,(((22,23),(24,25)),26))),36),((27,((28,29),30)),(((31,32),33),(34,35)))),((((13,14),(15,16)),((17,18),19)),(((5,6),7),((((8,9),10),11),12)))));
Tree Score: 12022.041502168937
Score Improvement: 0.04482215054887417

Step Number: 4
Time Spent: 20.354357981 seconds
New Tree:
Tree: (((1,2),(0,(3,4))),((((20,36),(21,(((22,23),(24,25)),26))),((27,((28,29),30)),(((31,32),33),(34,35)))),((((13,14),(15,16)),((17,18),19)),(((5,6),7),((((8,9),10),11),12)))));
Tree Score: 12355.797802169098
Score Improvement: 0.027762031926104047

Step Number: 5
Time Spent: 20.180890741 seconds
New Tree:
Tree: (((1,2),(0,(3,4))),((((((22,23),(24,25)),26),(21,(20,36))),((27,((28,29),30)),(((31,32),33),(34,35)))),((((13,14),(15,16)),((17,18),19)),(((5,6),7),((((8,9),10),11),12)))));
Tree Score: 12554.700252193248
Score Improvement: 0.016097904255865325

Step Number: 6
Time Spent: 20.312404392 seconds
New Tree:
Tree: (((1,2),(0,(3,4))),((((((22,23),(24,25)),26),(21,(20,36))),((((13,14),(15,16)),((17,18),19)),(((5,6),7),((((8,9),10),11),12)))),((27,((28,29),30)),(((31,32),33),(34,35)))));
Tree Score: 12745.924027204925
Score Improvement: 0.015231249744753539

Step Number: 7
Time Spent: 20.408304227 seconds
New Tree:
Tree: (((1,2),(0,(3,4))),(((((21,(20,36)),26),((22,23),(24,25))),((((13,14),(15,16)),((17,18),19)),(((5,6),7),((((8,9),10),11),12)))),((27,((28,29),30)),(((31,32),33),(34,35)))));
Tree Score: 12913.048852212527
Score Improvement: 0.01311202111756593

Step Number: 8
Time Spent: 20.299791476 seconds
New Tree:
Tree: (((1,2),(0,(3,4))),(((((21,(20,36)),26),((22,23),(24,25))),((((13,14),(15,16)),((17,18),19)),(((5,6),7),((12,11),((8,9),10))))),((27,((28,29),30)),(((31,32),33),(34,35)))));
Tree Score: 13029.673677044255
Score Improvement: 0.009031548332735229

Step Number: 9
Time Spent: 20.13594131 seconds
New Tree:
Tree: (((1,2),(0,(3,4))),(((((21,(20,36)),26),((22,23),(24,25))),((((13,14),(15,16)),((17,18),19)),(((5,6),7),((12,11),((8,9),10))))),(((28,29),(27,30)),(((31,32),33),(34,35)))));
Tree Score: 13122.511751802904
Score Improvement: 0.007125126619418776

Step Number: 10
Time Spent: 20.113550613 seconds
New Tree:
Tree: (((1,2),(0,(3,4))),(((((21,26),(20,36)),((22,23),(24,25))),((((13,14),(15,16)),((17,18),19)),(((5,6),7),((12,11),((8,9),10))))),(((28,29),(27,30)),(((31,32),33),(34,35)))));
Tree Score: 13208.118727262048
Score Improvement: 0.006523672988700824

Step Number: 11
Time Spent: 21.526290041 seconds
New Tree:
Tree: (((1,2),(0,(3,4))),(((((21,26),(20,36)),((22,23),(24,25))),((((13,14),(15,16)),((17,18),19)),(((8,9),10),((12,11),((5,6),7))))),(((28,29),(27,30)),(((31,32),33),(34,35)))));
Tree Score: 13226.41052711207
Score Improvement: 0.0013848906288422835

Step Number: 12
Time Spent: 27.161062172 seconds
New Tree:
Tree: (((1,2),(0,(3,4))),(((((21,26),(20,36)),((22,23),(24,25))),((((13,14),(15,16)),((17,18),19)),(((8,9),10),((12,11),((5,6),7))))),(((28,29),(27,30)),(((31,32),33),(34,35)))));
Tree Score: 13226.41052711207
Score Improvement: 0.0

TOTAL STEPS: 12
TOTAL TIME: 252.121759345 seconds
Final tree: Tree: (((1,2),(0,(3,4))),(((((21,26),(20,36)),((22,23),(24,25))),((((13,14),(15,16)),((17,18),19)),(((8,9),10),((12,11),((5,6),7))))),(((28,29),(27,30)),(((31,32),33),(34,35)))));
Tree Score: 13226.41052711207
Total Score Improvement: 0.5317114213092886

--------------ITERATION 5--------------
Input tree: ((((0,(1,2)),3),(4,5)),((6,(((7,(8,((9,(((10,11),12),13)),((((14,15),16),17),18)))),((19,20),21)),(22,((23,(24,25)),(26,27))))),(((28,29),(30,(31,(32,(33,34))))),(35,36))));
Initial Score: 7738.969723261434

Step Number: 1
Time Spent: 30.126926965 seconds
New Tree:
Tree: ((((0,(1,2)),3),(4,5)),((((7,(8,((9,(((10,11),12),13)),((((14,15),16),17),18)))),((19,20),21)),(6,(22,((23,(24,25)),(26,27))))),(((28,29),(30,(31,(32,(33,34))))),(35,36))));
Tree Score: 9324.020074246617
Score Improvement: 0.20481413000246174

Step Number: 2
Time Spent: 30.442010539 seconds
New Tree:
Tree: ((((0,(1,2)),3),(4,5)),(((((28,29),(30,(31,(32,(33,34))))),(35,36)),(6,(22,((23,(24,25)),(26,27))))),((7,(8,((9,(((10,11),12),13)),((((14,15),16),17),18)))),((19,20),21))));
Tree Score: 10105.56314966425
Score Improvement: 0.08382039819672782

Step Number: 3
Time Spent: 30.082615115 seconds
New Tree:
Tree: ((((0,(1,2)),3),(4,5)),(((((28,29),(30,(31,(32,(33,34))))),(35,36)),(6,(22,((23,(24,25)),(26,27))))),((((9,(((10,11),12),13)),((((14,15),16),17),18)),(8,7)),((19,20),21))));
Tree Score: 10713.045423593043
Score Improvement: 0.060113648782549545

Step Number: 4
Time Spent: 30.651554574 seconds
New Tree:
Tree: ((((0,(1,2)),3),(4,5)),(((((28,29),(30,(31,(32,(33,34))))),(35,36)),(6,(22,((23,(24,25)),(26,27))))),((((19,20),21),(8,7)),((9,(((10,11),12),13)),((((14,15),16),17),18)))));
Tree Score: 11374.676925021768
Score Improvement: 0.06175942276615687

Step Number: 5
Time Spent: 27.592144504 seconds
New Tree:
Tree: ((((0,(1,2)),3),(4,5)),(((((28,29),(35,36)),(30,(31,(32,(33,34))))),(6,(22,((23,(24,25)),(26,27))))),((((19,20),21),(8,7)),((9,(((10,11),12),13)),((((14,15),16),17),18)))));
Tree Score: 11688.377824801026
Score Improvement: 0.027578884380371704

Step Number: 6
Time Spent: 29.55032557 seconds
New Tree:
Tree: ((((0,(1,2)),3),(4,5)),(((((28,29),(35,36)),(30,(31,(32,(33,34))))),(6,(22,((23,(24,25)),(26,27))))),((9,(((10,11),12),13)),((((19,20),21),(8,7)),((((14,15),16),17),18)))));
Tree Score: 11931.192727461113
Score Improvement: 0.020774046347549646

Step Number: 7
Time Spent: 29.550338629 seconds
New Tree:
Tree: ((((0,(1,2)),3),(4,5)),(((((28,29),(35,36)),(30,(31,(32,(33,34))))),(6,(22,((23,(24,25)),(26,27))))),((((10,11),12),(9,13)),((((19,20),21),(8,7)),((((14,15),16),17),18)))));
Tree Score: 12252.914153366937
Score Improvement: 0.026964732969683824

Step Number: 8
Time Spent: 29.563551064 seconds
New Tree:
Tree: ((((0,(1,2)),3),(4,5)),(((((28,29),(35,36)),(30,(31,(32,(33,34))))),(((23,(24,25)),(26,27)),(22,6))),((((10,11),12),(9,13)),((((19,20),21),(8,7)),((((14,15),16),17),18)))));
Tree Score: 12454.576428243896
Score Improvement: 0.016458311251739577

Step Number: 9
Time Spent: 29.848106663 seconds
New Tree:
Tree: ((((0,(1,2)),3),(4,5)),(((((28,29),(35,36)),(30,(31,(32,(33,34))))),(((23,(24,25)),(22,6)),(26,27))),((((10,11),12),(9,13)),((((19,20),21),(8,7)),((((14,15),16),17),18)))));
Tree Score: 12651.274352799772
Score Improvement: 0.015793224738644085

Step Number: 10
Time Spent: 29.814324155 seconds
New Tree:
Tree: ((((0,(1,2)),3),(4,5)),(((((28,29),(35,36)),(30,(31,(32,(33,34))))),(((23,(24,25)),(22,6)),(26,27))),((((10,11),12),(9,13)),((((((14,15),16),17),18),(8,7)),((19,20),21)))));
Tree Score: 12845.744852661699
Score Improvement: 0.015371613518039728

Step Number: 11
Time Spent: 27.558205692 seconds
New Tree:
Tree: ((((0,(1,2)),3),(4,5)),(((((28,29),(35,36)),((32,(33,34)),(31,30))),(((23,(24,25)),(22,6)),(26,27))),((((10,11),12),(9,13)),((((((14,15),16),17),18),(8,7)),((19,20),21)))));
Tree Score: 12969.48055302895
Score Improvement: 0.009632427063317683

Step Number: 12
Time Spent: 28.014124632 seconds
New Tree:
Tree: ((((4,5),3),(0,(1,2))),(((((28,29),(35,36)),((32,(33,34)),(31,30))),(((23,(24,25)),(22,6)),(26,27))),((((10,11),12),(9,13)),((((((14,15),16),17),18),(8,7)),((19,20),21)))));
Tree Score: 13090.849227515826
Score Improvement: 0.009358021239989522

Step Number: 13
Time Spent: 29.501737896 seconds
New Tree:
Tree: ((((4,5),3),(0,(1,2))),(((((28,29),(35,36)),((32,(33,34)),(31,30))),(((23,(24,25)),(22,6)),(26,27))),((((10,11),12),(9,13)),((((18,17),((14,15),16)),(8,7)),((19,20),21)))));
Tree Score: 13158.289877572874
Score Improvement: 0.005151739882183648

Step Number: 14
Time Spent: 29.264296738 seconds
New Tree:
Tree: ((((4,3),5),(0,(1,2))),(((((28,29),(35,36)),((32,(33,34)),(31,30))),(((23,(24,25)),(22,6)),(26,27))),((((10,11),12),(9,13)),((((18,17),((14,15),16)),(8,7)),((19,20),21)))));
Tree Score: 13198.237302502695
Score Improvement: 0.0030359131240838

Step Number: 15
Time Spent: 29.269804632 seconds
New Tree:
Tree: ((((4,3),5),(0,(1,2))),(((((28,29),(35,36)),((32,(33,34)),(31,30))),(((23,(24,25)),(22,6)),(26,27))),((((10,11),12),(9,13)),((((18,17),((14,15),16)),(8,7)),((21,20),19)))));
Tree Score: 13219.880827715699
Score Improvement: 0.0016398799867691771

Step Number: 16
Time Spent: 29.283694736 seconds
New Tree:
Tree: ((((4,3),5),(0,(1,2))),(((((28,29),(35,36)),((34,(33,32)),(31,30))),(((23,(24,25)),(22,6)),(26,27))),((((10,11),12),(9,13)),((((18,17),((14,15),16)),(8,7)),((21,20),19)))));
Tree Score: 13235.810452799857
Score Improvement: 0.0012049749382583297

Step Number: 17
Time Spent: 29.285882375 seconds
New Tree:
Tree: ((((4,3),5),(1,(0,2))),(((((28,29),(35,36)),((34,(33,32)),(31,30))),(((23,(24,25)),(22,6)),(26,27))),((((10,11),12),(9,13)),((((18,17),((14,15),16)),(8,7)),((21,20),19)))));
Tree Score: 13249.742352678984
Score Improvement: 0.0010525913716286084

Step Number: 18
Time Spent: 29.276337725 seconds
New Tree:
Tree: ((((4,3),5),(1,(0,2))),(((((28,29),(35,36)),((34,(33,32)),(31,30))),(((23,(24,25)),(22,6)),(26,27))),((((10,11),12),(9,13)),((((18,17),((16,15),14)),(8,7)),((21,20),19)))));
Tree Score: 13262.905727855474
Score Improvement: 9.934815958008159E-4

Step Number: 19
Time Spent: 29.280838506 seconds
New Tree:
Tree: ((((4,3),5),(1,(0,2))),(((((28,29),(35,36)),((34,(33,32)),(31,30))),(((23,(24,25)),(22,6)),(26,27))),((((9,13),12),(10,11)),((((18,17),((16,15),14)),(8,7)),((21,20),19)))));
Tree Score: 13266.795477372207
Score Improvement: 2.9328034116704593E-4

Step Number: 20
Time Spent: 21.639375301 seconds
New Tree:
Tree: ((((4,3),5),(1,(0,2))),(((((28,29),(35,36)),((34,(33,32)),(31,30))),(((23,(24,25)),(22,6)),(26,27))),((((12,13),9),(10,11)),((((18,17),((16,15),14)),(8,7)),((21,20),19)))));
Tree Score: 13277.031977218188
Score Improvement: 7.715879741601039E-4

Step Number: 21
Time Spent: 20.291909258 seconds
New Tree:
Tree: ((((4,3),5),(1,(0,2))),(((((28,29),(35,36)),((34,(33,32)),(31,30))),(((25,(24,23)),(22,6)),(26,27))),((((12,13),9),(10,11)),((((18,17),((16,15),14)),(8,7)),((21,20),19)))));
Tree Score: 13280.820252445139
Score Improvement: 2.853254577868114E-4

Step Number: 22
Time Spent: 20.317081035 seconds
New Tree:
Tree: ((((4,3),5),(1,(0,2))),((((36,(35,(28,29))),((34,(33,32)),(31,30))),(((25,(24,23)),(22,6)),(26,27))),((((12,13),9),(10,11)),((((18,17),((16,15),14)),(8,7)),((21,20),19)))));
Tree Score: 13283.202352755578
Score Improvement: 1.793639447833506E-4

Step Number: 23
Time Spent: 20.39909733 seconds
New Tree:
Tree: ((((4,3),5),(1,(0,2))),((((36,(28,(35,29))),((34,(33,32)),(31,30))),(((25,(24,23)),(22,6)),(26,27))),((((12,13),9),(10,11)),((((18,17),((16,15),14)),(8,7)),((21,20),19)))));
Tree Score: 13283.209852567283
Score Improvement: 5.646087068988948E-7

Step Number: 24
Time Spent: 20.279589185 seconds
New Tree:
Tree: ((((4,3),5),(1,(0,2))),(((((35,29),(28,36)),((34,(33,32)),(31,30))),(((25,(24,23)),(22,6)),(26,27))),((((12,13),9),(10,11)),((((18,17),((16,15),14)),(8,7)),((21,20),19)))));
Tree Score: 13311.232377669852
Score Improvement: 0.002109619994985934

Step Number: 25
Time Spent: 20.314696653 seconds
New Tree:
Tree: ((((4,3),5),(1,(0,2))),(((((35,29),(28,36)),((34,(33,32)),(31,30))),(((25,(24,23)),(22,6)),(26,27))),((((12,13),9),(10,11)),((((18,17),((16,15),14)),(8,7)),((21,20),19)))));
Tree Score: 13311.232377669852
Score Improvement: 0.0

TOTAL STEPS: 25
TOTAL TIME: 681.198569472 seconds
Final tree: Tree: ((((4,3),5),(1,(0,2))),(((((35,29),(28,36)),((34,(33,32)),(31,30))),(((25,(24,23)),(22,6)),(26,27))),((((12,13),9),(10,11)),((((18,17),((16,15),14)),(8,7)),((21,20),19)))));
Tree Score: 13311.232377669852
Total Score Improvement: 0.7200264187181882

--------------ITERATION 6--------------
Input tree: ((0,((((((1,((2,3),4)),(5,6)),(7,8)),(((((9,10),11),((12,13),(14,15))),(16,17)),((18,19),(20,21)))),((22,23),((24,25),26))),27)),((28,((29,30),(31,32))),((33,34),(35,36))));
Initial Score: 10989.558122738277

Step Number: 1
Time Spent: 21.917094625 seconds
New Tree:
Tree: ((0,((((((1,((2,3),4)),(5,6)),(7,8)),((((18,19),(20,21)),(16,17)),(((9,10),11),((12,13),(14,15))))),((22,23),((24,25),26))),27)),((28,((29,30),(31,32))),((33,34),(35,36))));
Tree Score: 11751.111422899192
Score Improvement: 0.06929790002977465

Step Number: 2
Time Spent: 21.720288943 seconds
New Tree:
Tree: ((0,((27,((22,23),((24,25),26))),((((1,((2,3),4)),(5,6)),(7,8)),((((18,19),(20,21)),(16,17)),(((9,10),11),((12,13),(14,15))))))),((28,((29,30),(31,32))),((33,34),(35,36))));
Tree Score: 12090.79324855517
Score Improvement: 0.028906357316470066

Step Number: 3
Time Spent: 20.409005573 seconds
New Tree:
Tree: ((0,((27,((22,23),((24,25),26))),((((1,((2,3),4)),(7,8)),(5,6)),((((18,19),(20,21)),(16,17)),(((9,10),11),((12,13),(14,15))))))),((28,((29,30),(31,32))),((33,34),(35,36))));
Tree Score: 12427.735047628918
Score Improvement: 0.027867633838996486

Step Number: 4
Time Spent: 25.581805899 seconds
New Tree:
Tree: ((0,((33,34),(35,36))),((28,((29,30),(31,32))),((27,((22,23),((24,25),26))),((((1,((2,3),4)),(7,8)),(5,6)),((((18,19),(20,21)),(16,17)),(((9,10),11),((12,13),(14,15))))))));
Tree Score: 12746.62632279161
Score Improvement: 0.025659645457563274

Step Number: 5
Time Spent: 29.403907509 seconds
New Tree:
Tree: ((0,((33,34),(35,36))),((28,((29,30),(31,32))),((((24,25),26),((22,23),27)),((((1,((2,3),4)),(7,8)),(5,6)),((((18,19),(20,21)),(16,17)),(((9,10),11),((12,13),(14,15))))))));
Tree Score: 13004.903297196888
Score Improvement: 0.0202623790691554

Step Number: 6
Time Spent: 29.524289367 seconds
New Tree:
Tree: ((0,((33,34),(35,36))),(((31,32),((29,30),28)),((((24,25),26),((22,23),27)),((((1,((2,3),4)),(7,8)),(5,6)),((((18,19),(20,21)),(16,17)),(((9,10),11),((12,13),(14,15))))))));
Tree Score: 13220.390871818923
Score Improvement: 0.016569717567102682

Step Number: 7
Time Spent: 29.587025418 seconds
New Tree:
Tree: (((35,36),((33,34),0)),(((31,32),((29,30),28)),((((24,25),26),((22,23),27)),((((1,((2,3),4)),(7,8)),(5,6)),((((18,19),(20,21)),(16,17)),(((9,10),11),((12,13),(14,15))))))));
Tree Score: 13361.376647392102
Score Improvement: 0.010664266808760425

Step Number: 8
Time Spent: 29.693167617 seconds
New Tree:
Tree: (((35,36),((33,34),0)),(((31,32),((29,30),28)),((((24,25),26),((22,23),27)),(((((2,3),(1,4)),(7,8)),(5,6)),((((18,19),(20,21)),(16,17)),(((9,10),11),((12,13),(14,15))))))));
Tree Score: 13432.157647080767
Score Improvement: 0.005297433158018228

Step Number: 9
Time Spent: 29.686259405 seconds
New Tree:
Tree: (((35,36),((33,34),0)),(((31,32),((29,30),28)),((((24,25),26),((22,23),27)),(((((2,3),(1,4)),(7,8)),(5,6)),((((18,19),(16,17)),(20,21)),(((9,10),11),((12,13),(14,15))))))));
Tree Score: 13463.59574684878
Score Improvement: 0.0023405100352469344

Step Number: 10
Time Spent: 29.629408112 seconds
New Tree:
Tree: (((35,36),((33,34),0)),(((31,32),((29,30),28)),((((24,25),26),((22,23),27)),(((((2,3),(1,4)),(7,8)),(5,6)),((((18,19),(16,17)),(20,21)),(((9,11),10),((12,13),(14,15))))))));
Tree Score: 13480.033071980859
Score Improvement: 0.0012208718563111454

Step Number: 11
Time Spent: 29.544623588 seconds
New Tree:
Tree: (((35,36),((33,34),0)),(((31,32),((29,30),28)),((((24,25),26),((27,23),22)),(((((2,3),(1,4)),(7,8)),(5,6)),((((18,19),(16,17)),(20,21)),(((9,11),10),((12,13),(14,15))))))));
Tree Score: 13491.892447273294
Score Improvement: 8.797734567198567E-4

Step Number: 12
Time Spent: 29.533754747 seconds
New Tree:
Tree: (((35,36),((0,34),33)),(((31,32),((29,30),28)),((((24,25),26),((27,23),22)),(((((2,3),(1,4)),(7,8)),(5,6)),((((18,19),(16,17)),(20,21)),(((9,11),10),((12,13),(14,15))))))));
Tree Score: 13501.57032221933
Score Improvement: 7.173104131874553E-4

Step Number: 13
Time Spent: 29.513155549 seconds
New Tree:
Tree: (((35,36),((0,34),33)),(((31,32),((29,30),28)),((((24,26),25),((27,23),22)),(((((2,3),(1,4)),(7,8)),(5,6)),((((18,19),(16,17)),(20,21)),(((9,11),10),((12,13),(14,15))))))));
Tree Score: 13506.54832223435
Score Improvement: 3.6869785485826867E-4

Step Number: 14
Time Spent: 30.018409954 seconds
New Tree:
Tree: (((35,36),((0,34),33)),(((31,32),((29,30),28)),((((24,26),25),((27,23),22)),(((((2,3),(1,4)),(7,8)),(5,6)),((((18,19),(16,17)),(20,21)),(((9,11),10),((12,13),(14,15))))))));
Tree Score: 13506.54832223435
Score Improvement: 0.0

TOTAL STEPS: 14
TOTAL TIME: 385.762196306 seconds
Final tree: Tree: (((35,36),((0,34),33)),(((31,32),((29,30),28)),((((24,26),25),((27,23),22)),(((((2,3),(1,4)),(7,8)),(5,6)),((((18,19),(16,17)),(20,21)),(((9,11),10),((12,13),(14,15))))))));
Tree Score: 13506.54832223435
Total Score Improvement: 0.22903470470648113

--------------ITERATION 7--------------
Input tree: (((((0,(1,((2,3),4))),((5,6),7)),((8,9),10)),(11,((12,(13,14)),((((15,(16,17)),18),19),(20,(((((21,22),23),(24,25)),26),27)))))),(((28,29),(30,((31,32),33))),(34,(35,36))));
Initial Score: 7865.838374355115

Step Number: 1
Time Spent: 30.547950756 seconds
New Tree:
Tree: (((((0,(1,((2,3),4))),((5,6),7)),((8,9),10)),(((((15,(16,17)),18),19),(20,(((((21,22),23),(24,25)),26),27))),((12,(13,14)),11))),(((28,29),(30,((31,32),33))),(34,(35,36))));
Tree Score: 9404.57147404452
Score Improvement: 0.1956222625557773

Step Number: 2
Time Spent: 31.262485405 seconds
New Tree:
Tree: ((((((15,(16,17)),18),19),(20,(((((21,22),23),(24,25)),26),27))),((((0,(1,((2,3),4))),((5,6),7)),((8,9),10)),((12,(13,14)),11))),(((28,29),(30,((31,32),33))),(34,(35,36))));
Tree Score: 10027.025099733064
Score Improvement: 0.0661862826399311

Step Number: 3
Time Spent: 31.113474207 seconds
New Tree:
Tree: ((((((15,(16,17)),18),19),(20,(((((21,22),23),(24,25)),26),27))),((((12,(13,14)),11),((8,9),10)),((0,(1,((2,3),4))),((5,6),7)))),(((28,29),(30,((31,32),33))),(34,(35,36))));
Tree Score: 10863.04274929423
Score Improvement: 0.08337643929737681

Step Number: 4
Time Spent: 30.096835639 seconds
New Tree:
Tree: ((((((15,(16,17)),18),19),(((((21,22),23),(24,25)),26),(20,27))),((((12,(13,14)),11),((8,9),10)),((0,(1,((2,3),4))),((5,6),7)))),(((28,29),(30,((31,32),33))),(34,(35,36))));
Tree Score: 11223.391174223425
Score Improvement: 0.03317196049445781

Step Number: 5
Time Spent: 30.022777548 seconds
New Tree:
Tree: ((((((15,(16,17)),18),19),(((((21,22),23),(24,25)),26),(20,27))),((((12,(13,14)),11),((8,9),10)),((0,(1,((2,3),4))),((5,6),7)))),(((28,29),(34,(35,36))),(30,((31,32),33))));
Tree Score: 11526.052249224425
Score Improvement: 0.02696698977187184

Step Number: 6
Time Spent: 29.999412566 seconds
New Tree:
Tree: ((((((15,(16,17)),18),19),(((20,27),26),(((21,22),23),(24,25)))),((((12,(13,14)),11),((8,9),10)),((0,(1,((2,3),4))),((5,6),7)))),(((28,29),(34,(35,36))),(30,((31,32),33))));
Tree Score: 11825.59937439548
Score Improvement: 0.025988700961442568

Step Number: 7
Time Spent: 29.576804914 seconds
New Tree:
Tree: (((((19,18),(15,(16,17))),(((20,27),26),(((21,22),23),(24,25)))),((((12,(13,14)),11),((8,9),10)),((0,(1,((2,3),4))),((5,6),7)))),(((28,29),(34,(35,36))),(30,((31,32),33))));
Tree Score: 12058.886199778563
Score Improvement: 0.01972727284235498

Step Number: 8
Time Spent: 29.310429561 seconds
New Tree:
Tree: ((((0,(1,((2,3),4))),((5,6),7)),((((12,(13,14)),11),((8,9),10)),(((19,18),(15,(16,17))),(((20,27),26),(((21,22),23),(24,25)))))),(((28,29),(34,(35,36))),(30,((31,32),33))));
Tree Score: 12277.97565211061
Score Improvement: 0.018168299186376746

Step Number: 9
Time Spent: 29.291357861 seconds
New Tree:
Tree: ((((0,((5,6),7)),(1,((2,3),4))),((((12,(13,14)),11),((8,9),10)),(((19,18),(15,(16,17))),(((20,27),26),(((21,22),23),(24,25)))))),(((28,29),(34,(35,36))),(30,((31,32),33))));
Tree Score: 12424.286751235917
Score Improvement: 0.011916549052624736

Step Number: 10
Time Spent: 29.823589858 seconds
New Tree:
Tree: ((((0,((5,6),7)),(1,((2,3),4))),((((12,(13,14)),11),((8,9),10)),(((19,18),(15,(16,17))),(((20,27),26),(((21,22),23),(24,25)))))),(((28,29),(34,(35,36))),((31,32),(30,33))));
Tree Score: 12535.436476084486
Score Improvement: 0.008946165447888621

Step Number: 11
Time Spent: 29.093496806 seconds
New Tree:
Tree: ((((0,((5,6),7)),((2,3),(1,4))),((((12,(13,14)),11),((8,9),10)),(((19,18),(15,(16,17))),(((20,27),26),(((21,22),23),(24,25)))))),(((28,29),(34,(35,36))),((31,32),(30,33))));
Tree Score: 12619.475926478708
Score Improvement: 0.006704150314554624

Step Number: 12
Time Spent: 27.072606162 seconds
New Tree:
Tree: (((((5,6),(0,7)),((2,3),(1,4))),((((12,(13,14)),11),((8,9),10)),(((19,18),(15,(16,17))),(((20,27),26),(((21,22),23),(24,25)))))),(((28,29),(34,(35,36))),((31,32),(30,33))));
Tree Score: 12697.789651009742
Score Improvement: 0.006205782632122903

Step Number: 13
Time Spent: 20.276698734 seconds
New Tree:
Tree: (((((5,6),(0,7)),((2,3),(1,4))),((((12,(13,14)),11),((8,9),10)),(((19,18),(15,(16,17))),(((20,27),26),(((21,22),23),(24,25)))))),((34,((28,29),(35,36))),((31,32),(30,33))));
Tree Score: 12774.514725285459
Score Improvement: 0.006042396069273037

Step Number: 14
Time Spent: 20.270709285 seconds
New Tree:
Tree: (((((5,6),(0,7)),((2,3),(1,4))),((((20,27),26),(((21,22),23),(24,25))),(((19,18),(15,(16,17))),(((12,(13,14)),11),((8,9),10))))),((34,((28,29),(35,36))),((31,32),(30,33))));
Tree Score: 12816.73282840275
Score Improvement: 0.0033048694236288423

Step Number: 15
Time Spent: 20.335008594 seconds
New Tree:
Tree: (((((20,27),26),(((21,22),23),(24,25))),((((5,6),(0,7)),((2,3),(1,4))),(((19,18),(15,(16,17))),(((12,(13,14)),11),((8,9),10))))),((34,((28,29),(35,36))),((31,32),(30,33))));
Tree Score: 13149.37674936843
Score Improvement: 0.025953878060757996

Step Number: 16
Time Spent: 20.29932305 seconds
New Tree:
Tree: (((((20,27),26),(((21,22),23),(24,25))),((((5,6),(0,7)),((2,3),(1,4))),(((19,18),(15,(16,17))),(((12,11),(13,14)),((8,9),10))))),((34,((28,29),(35,36))),((31,32),(30,33))));
Tree Score: 13178.306624067993
Score Improvement: 0.002200094746007908

Step Number: 17
Time Spent: 20.257699181 seconds
New Tree:
Tree: (((((20,27),26),(((23,22),21),(24,25))),((((5,6),(0,7)),((2,3),(1,4))),(((19,18),(15,(16,17))),(((12,11),(13,14)),((8,9),10))))),((34,((28,29),(35,36))),((31,32),(30,33))));
Tree Score: 13196.465398907707
Score Improvement: 0.0013779293013678195

Step Number: 18
Time Spent: 27.969863976 seconds
New Tree:
Tree: (((((20,27),26),(((23,22),21),(24,25))),((((5,6),(0,7)),((2,3),(1,4))),(((16,17),(15,(19,18))),(((12,11),(13,14)),((8,9),10))))),((34,((28,29),(35,36))),((31,32),(30,33))));
Tree Score: 13210.23977400367
Score Improvement: 0.0010437927641673284

Step Number: 19
Time Spent: 29.236019469 seconds
New Tree:
Tree: (((((20,27),26),(((23,22),21),(24,25))),((((5,6),(0,7)),((2,3),(1,4))),(((16,17),(15,(19,18))),(((12,11),(13,14)),((10,9),8))))),((34,((28,29),(35,36))),((31,32),(30,33))));
Tree Score: 13223.2151488923
Score Improvement: 9.822209975449692E-4

Step Number: 20
Time Spent: 29.210519579 seconds
New Tree:
Tree: (((((20,27),26),(((23,22),21),(24,25))),((((5,6),(0,7)),((2,3),(1,4))),(((16,17),(19,(15,18))),(((12,11),(13,14)),((10,9),8))))),((34,((28,29),(35,36))),((31,32),(30,33))));
Tree Score: 13226.203898986847
Score Improvement: 2.260229498571853E-4

Step Number: 21
Time Spent: 29.257028566 seconds
New Tree:
Tree: (((((20,26),27),(((23,22),21),(24,25))),((((5,6),(0,7)),((2,3),(1,4))),(((16,17),(19,(15,18))),(((12,11),(13,14)),((10,9),8))))),((34,((28,29),(35,36))),((31,32),(30,33))));
Tree Score: 13226.527973993
Score Improvement: 2.450249585050912E-5

Step Number: 22
Time Spent: 29.271265292 seconds
New Tree:
Tree: (((((20,26),27),(((23,22),21),(24,25))),((((5,6),(0,7)),((2,3),(1,4))),(((16,17),(19,(15,18))),(((12,11),(13,14)),((10,9),8))))),((34,((28,29),(35,36))),((31,32),(30,33))));
Tree Score: 13226.527973993
Score Improvement: 0.0

TOTAL STEPS: 22
TOTAL TIME: 603.595357009 seconds
Final tree: Tree: (((((20,26),27),(((23,22),21),(24,25))),((((5,6),(0,7)),((2,3),(1,4))),(((16,17),(19,(15,18))),(((12,11),(13,14)),((10,9),8))))),((34,((28,29),(35,36))),((31,32),(30,33))));
Tree Score: 13226.527973993
Total Score Improvement: 0.6815153508766805

--------------ITERATION 8--------------
Input tree: (((((((0,1),2),(3,4)),((((5,6),(7,8)),(9,10)),(11,12))),(13,14)),((((15,16),(17,((18,19),20))),((21,22),23)),((((24,(25,(26,27))),28),(29,30)),(31,32)))),((33,34),(35,36)));
Initial Score: 10925.174926320087

Step Number: 1
Time Spent: 31.350108629 seconds
New Tree:
Tree: ((((((24,(25,(26,27))),28),(29,30)),(31,32)),((((15,16),(17,((18,19),20))),((21,22),23)),(((((0,1),2),(3,4)),((((5,6),(7,8)),(9,10)),(11,12))),(13,14)))),((33,34),(35,36)));
Tree Score: 11724.559652228836
Score Improvement: 0.07316905507690619

Step Number: 2
Time Spent: 31.221293295 seconds
New Tree:
Tree: ((((((24,(25,(26,27))),28),(29,30)),((((15,16),(17,((18,19),20))),((21,22),23)),(((((0,1),2),(3,4)),((((5,6),(7,8)),(9,10)),(11,12))),(13,14)))),(31,32)),((33,34),(35,36)));
Tree Score: 12301.668852072205
Score Improvement: 0.049222249445731725

Step Number: 3
Time Spent: 32.209361261 seconds
New Tree:
Tree: ((((((24,(25,(26,27))),28),(29,30)),((((15,16),((21,22),23)),(17,((18,19),20))),(((((0,1),2),(3,4)),((((5,6),(7,8)),(9,10)),(11,12))),(13,14)))),(31,32)),((33,34),(35,36)));
Tree Score: 12678.975476245392
Score Improvement: 0.030671173863506374

Step Number: 4
Time Spent: 32.261464325 seconds
New Tree:
Tree: ((((((24,(25,(26,27))),28),(29,30)),((((15,16),((21,22),23)),(17,((18,19),20))),(((((0,1),2),(3,4)),(13,14)),((((5,6),(7,8)),(9,10)),(11,12))))),(31,32)),((33,34),(35,36)));
Tree Score: 12931.231500289137
Score Improvement: 0.019895615739328187

Step Number: 5
Time Spent: 31.792936589 seconds
New Tree:
Tree: ((((((24,(25,(26,27))),28),(29,30)),((((15,16),((21,22),23)),(17,((18,19),20))),((((13,14),(3,4)),((0,1),2)),((((5,6),(7,8)),(9,10)),(11,12))))),(31,32)),((33,34),(35,36)));
Tree Score: 13451.66215010711
Score Improvement: 0.04024602372993913

Step Number: 6
Time Spent: 31.714237475 seconds
New Tree:
Tree: ((((((24,(25,(26,27))),28),(29,30)),((((15,16),((21,22),23)),(17,((18,19),20))),((((13,14),(3,4)),((0,1),2)),(((11,12),(9,10)),((5,6),(7,8)))))),(31,32)),((33,34),(35,36)));
Tree Score: 13749.602500317957
Score Improvement: 0.022148961733214012

Step Number: 7
Time Spent: 31.413469828 seconds
New Tree:
Tree: ((((((29,30),28),(24,(25,(26,27)))),((((15,16),((21,22),23)),(17,((18,19),20))),((((13,14),(3,4)),((0,1),2)),(((11,12),(9,10)),((5,6),(7,8)))))),(31,32)),((33,34),(35,36)));
Tree Score: 13949.338225612755
Score Improvement: 0.014526654518934645

Step Number: 8
Time Spent: 31.125561219 seconds
New Tree:
Tree: ((((((29,30),28),(24,(25,(26,27)))),((((15,16),((21,22),23)),(17,((18,19),20))),((((13,14),(3,4)),((0,1),2)),(((11,12),(9,10)),((5,6),(7,8)))))),(35,36)),((33,34),(31,32)));
Tree Score: 14096.345001306257
Score Improvement: 0.010538620063250015

Step Number: 9
Time Spent: 31.131116046 seconds
New Tree:
Tree: ((((((29,30),28),(24,(25,(26,27)))),((((15,16),((21,22),23)),((18,19),(17,20))),((((13,14),(3,4)),((0,1),2)),(((11,12),(9,10)),((5,6),(7,8)))))),(35,36)),((33,34),(31,32)));
Tree Score: 14236.222051775188
Score Improvement: 0.009922930408979624

Step Number: 10
Time Spent: 31.10541557 seconds
New Tree:
Tree: ((((((29,30),28),((26,27),(25,24))),((((15,16),((21,22),23)),((18,19),(17,20))),((((13,14),(3,4)),((0,1),2)),(((11,12),(9,10)),((5,6),(7,8)))))),(35,36)),((33,34),(31,32)));
Tree Score: 14259.894002126635
Score Improvement: 0.0016627972130074387

Step Number: 11
Time Spent: 31.163366446 seconds
New Tree:
Tree: ((((((29,30),28),((26,27),(25,24))),((((13,14),(3,4)),((0,1),2)),((((15,16),((21,22),23)),((18,19),(17,20))),(((11,12),(9,10)),((5,6),(7,8)))))),(35,36)),((33,34),(31,32)));
Tree Score: 14281.78420414204
Score Improvement: 0.0015350886908513939

Step Number: 12
Time Spent: 31.248028259 seconds
New Tree:
Tree: ((((((29,30),28),((26,27),(25,24))),((((13,14),(3,4)),((0,1),2)),((((21,22),((15,16),23)),((18,19),(17,20))),(((11,12),(9,10)),((5,6),(7,8)))))),(35,36)),((33,34),(31,32)));
Tree Score: 14298.481329155027
Score Improvement: 0.0011691203826020846

Step Number: 13
Time Spent: 31.176461617 seconds
New Tree:
Tree: ((((((29,30),28),((26,27),(25,24))),((((13,14),(3,4)),((0,2),1)),((((21,22),((15,16),23)),((18,19),(17,20))),(((11,12),(9,10)),((5,6),(7,8)))))),(35,36)),((33,34),(31,32)));
Tree Score: 14299.32710463634
Score Improvement: 5.915142047907551E-5

Step Number: 14
Time Spent: 31.186957574 seconds
New Tree:
Tree: ((((((29,28),30),((26,27),(25,24))),((((13,14),(3,4)),((0,2),1)),((((21,22),((15,16),23)),((18,19),(17,20))),(((11,12),(9,10)),((5,6),(7,8)))))),(35,36)),((33,34),(31,32)));
Tree Score: 14300.074729514181
Score Improvement: 5.228392024103634E-5

Step Number: 15
Time Spent: 31.184483237 seconds
New Tree:
Tree: ((((((29,28),30),((26,27),(25,24))),((((13,14),(3,4)),((0,2),1)),((((21,22),((15,16),23)),((18,19),(17,20))),(((11,12),(9,10)),((5,6),(7,8)))))),(35,36)),((33,34),(31,32)));
Tree Score: 14300.074729514181
Score Improvement: 0.0

TOTAL STEPS: 15
TOTAL TIME: 471.28426137 seconds
Final tree: Tree: ((((((29,28),30),((26,27),(25,24))),((((13,14),(3,4)),((0,2),1)),((((21,22),((15,16),23)),((18,19),(17,20))),(((11,12),(9,10)),((5,6),(7,8)))))),(35,36)),((33,34),(31,32)));
Tree Score: 14300.074729514181
Total Score Improvement: 0.30891036765585755

--------------ITERATION 9--------------
Input tree: ((((((0,(1,2)),(((((3,4),5),(6,7)),(8,9)),10)),(11,12)),((13,14),((((15,16),(17,18)),(19,20)),(((21,22),(23,24)),25)))),((26,27),((28,(29,30)),31))),(32,(33,(34,(35,36)))));
Initial Score: 10050.323301896049

Step Number: 1
Time Spent: 31.632980843 seconds
New Tree:
Tree: ((((((0,(1,2)),(((((3,4),5),(6,7)),(8,9)),10)),(11,12)),((((15,16),(17,18)),(19,20)),((13,14),(((21,22),(23,24)),25)))),((26,27),((28,(29,30)),31))),(32,(33,(34,(35,36)))));
Tree Score: 10899.030876312816
Score Improvement: 0.08444579830149879

Step Number: 2
Time Spent: 29.677013747 seconds
New Tree:
Tree: ((((((0,(1,2)),(11,12)),(((((3,4),5),(6,7)),(8,9)),10)),((((15,16),(17,18)),(19,20)),((13,14),(((21,22),(23,24)),25)))),((26,27),((28,(29,30)),31))),(32,(33,(34,(35,36)))));
Tree Score: 11664.819451817373
Score Improvement: 0.0702620796468123

Step Number: 3
Time Spent: 30.635196837 seconds
New Tree:
Tree: ((((((((3,4),5),(6,7)),(8,9)),(((0,(1,2)),(11,12)),10)),((((15,16),(17,18)),(19,20)),((13,14),(((21,22),(23,24)),25)))),((26,27),((28,(29,30)),31))),(32,(33,(34,(35,36)))));
Tree Score: 12125.200725578896
Score Improvement: 0.03946750103275676

Step Number: 4
Time Spent: 30.615603144 seconds
New Tree:
Tree: ((((((((3,4),5),(6,7)),(8,9)),(((0,(1,2)),(11,12)),10)),((((15,16),(17,18)),(19,20)),((13,14),(((21,22),(23,24)),25)))),((26,27),((28,(29,30)),31))),((34,(35,36)),(33,32)));
Tree Score: 12230.204875570915
Score Improvement: 0.00865999271834772

Step Number: 5
Time Spent: 23.289653734 seconds
New Tree:
Tree: ((((((((3,4),5),(6,7)),(8,9)),(((0,(1,2)),(11,12)),10)),((((15,16),(17,18)),(19,20)),((13,14),(((21,22),(23,24)),25)))),((26,27),((28,(29,30)),31))),((34,(33,32)),(35,36)));
Tree Score: 12374.778126051086
Score Improvement: 0.011820999889294415

Step Number: 6
Time Spent: 21.035550611 seconds
New Tree:
Tree: ((((((((3,4),5),(6,7)),(8,9)),(((0,(1,2)),(11,12)),10)),((((15,16),(17,18)),(19,20)),(((21,22),(23,24)),((13,14),25)))),((26,27),((28,(29,30)),31))),((34,(33,32)),(35,36)));
Tree Score: 12461.799951487123
Score Improvement: 0.007032192783549052

Step Number: 7
Time Spent: 21.041160891 seconds
New Tree:
Tree: ((((((((3,4),5),(6,7)),(8,9)),(((0,(1,2)),(11,12)),10)),((((15,16),(17,18)),(19,20)),(((21,22),((13,14),25)),(23,24)))),((26,27),((28,(29,30)),31))),((34,(33,32)),(35,36)));
Tree Score: 12518.407151652867
Score Improvement: 0.004542457781870457

Step Number: 8
Time Spent: 21.0652092 seconds
New Tree:
Tree: ((((((((3,4),5),(6,7)),(8,9)),((10,(11,12)),(0,(1,2)))),((((15,16),(17,18)),(19,20)),(((21,22),((13,14),25)),(23,24)))),((26,27),((28,(29,30)),31))),((34,(33,32)),(35,36)));
Tree Score: 12571.186676533911
Score Improvement: 0.00421615340048076

Step Number: 9
Time Spent: 20.911823634 seconds
New Tree:
Tree: ((((((((3,4),5),(6,7)),(8,9)),((10,(11,12)),(0,(1,2)))),((((15,16),(17,18)),(19,20)),(((21,22),((13,14),25)),(23,24)))),((28,(29,30)),((26,27),31))),((34,(33,32)),(35,36)));
Tree Score: 12616.525651772525
Score Improvement: 0.003606578790469106

Step Number: 10
Time Spent: 20.908816478 seconds
New Tree:
Tree: ((((((((3,4),5),(8,9)),(6,7)),((10,(11,12)),(0,(1,2)))),((((15,16),(17,18)),(19,20)),(((21,22),((13,14),25)),(23,24)))),((28,(29,30)),((26,27),31))),((34,(33,32)),(35,36)));
Tree Score: 12642.217001617862
Score Improvement: 0.002036325257399829

Step Number: 11
Time Spent: 20.904431074 seconds
New Tree:
Tree: ((((((((3,4),5),(8,9)),(6,7)),((10,(11,12)),(0,(1,2)))),((((15,16),(17,18)),(19,20)),(((21,22),((13,14),25)),(23,24)))),((28,(29,30)),((26,27),31))),((32,(33,34)),(35,36)));
Tree Score: 12663.109926393232
Score Improvement: 0.0016526313994369435

Step Number: 12
Time Spent: 20.867451651 seconds
New Tree:
Tree: ((((((((3,4),(8,9)),5),(6,7)),((10,(11,12)),(0,(1,2)))),((((15,16),(17,18)),(19,20)),(((21,22),((13,14),25)),(23,24)))),((28,(29,30)),((26,27),31))),((32,(33,34)),(35,36)));
Tree Score: 12679.82337654506
Score Improvement: 0.0013198535153668978

Step Number: 13
Time Spent: 20.868150412 seconds
New Tree:
Tree: (((((((6,7),5),((3,4),(8,9))),((10,(11,12)),(0,(1,2)))),((((15,16),(17,18)),(19,20)),(((21,22),((13,14),25)),(23,24)))),((28,(29,30)),((26,27),31))),((32,(33,34)),(35,36)));
Tree Score: 12707.810726731526
Score Improvement: 0.002207235018607312

Step Number: 14
Time Spent: 20.699159161 seconds
New Tree:
Tree: (((((((6,5),7),((3,4),(8,9))),((10,(11,12)),(0,(1,2)))),((((15,16),(17,18)),(19,20)),(((21,22),((13,14),25)),(23,24)))),((28,(29,30)),((26,27),31))),((32,(33,34)),(35,36)));
Tree Score: 12760.931226412888
Score Improvement: 0.0041801456461434405

Step Number: 15
Time Spent: 20.698737458 seconds
New Tree:
Tree: (((((((6,5),7),((3,4),(8,9))),((10,(11,12)),(0,(1,2)))),((((15,16),(17,18)),(19,20)),(((21,22),((25,14),13)),(23,24)))),((28,(29,30)),((26,27),31))),((32,(33,34)),(35,36)));
Tree Score: 12771.535176433279
Score Improvement: 8.309699215713895E-4

Step Number: 16
Time Spent: 20.719958943 seconds
New Tree:
Tree: (((((((6,5),7),((3,4),(8,9))),((10,(11,12)),(0,(1,2)))),((((15,16),(17,18)),(19,20)),(((21,22),((25,14),13)),(23,24)))),((28,(29,30)),((31,27),26))),((32,(33,34)),(35,36)));
Tree Score: 12777.917001293628
Score Improvement: 4.996912878669768E-4

Step Number: 17
Time Spent: 20.727293604 seconds
New Tree:
Tree: (((((((6,5),7),((3,4),(8,9))),((10,(11,12)),(2,(1,0)))),((((15,16),(17,18)),(19,20)),(((21,22),((25,14),13)),(23,24)))),((28,(29,30)),((31,27),26))),((32,(33,34)),(35,36)));
Tree Score: 12780.698026062577
Score Improvement: 2.1764304531535217E-4

Step Number: 18
Time Spent: 20.72549093 seconds
New Tree:
Tree: (((((((6,5),7),((3,4),(8,9))),((1,0),(2,(10,(11,12))))),((((15,16),(17,18)),(19,20)),(((21,22),((25,14),13)),(23,24)))),((28,(29,30)),((31,27),26))),((32,(33,34)),(35,36)));
Tree Score: 12788.440626373236
Score Improvement: 6.058041818115534E-4

Step Number: 19
Time Spent: 20.701500171 seconds
New Tree:
Tree: (((((((6,5),7),((3,4),(8,9))),((1,0),((11,12),(10,2)))),((((15,16),(17,18)),(19,20)),(((21,22),((25,14),13)),(23,24)))),((28,(29,30)),((31,27),26))),((32,(33,34)),(35,36)));
Tree Score: 12856.640576026692
Score Improvement: 0.005332937114538305

Step Number: 20
Time Spent: 20.734076449 seconds
New Tree:
Tree: (((((((6,5),7),((3,4),(8,9))),((10,2),((11,12),(1,0)))),((((15,16),(17,18)),(19,20)),(((21,22),((25,14),13)),(23,24)))),((28,(29,30)),((31,27),26))),((32,(33,34)),(35,36)));
Tree Score: 12876.214676301837
Score Improvement: 0.0015224894994454452

Step Number: 21
Time Spent: 20.747697596 seconds
New Tree:
Tree: (((((((6,5),7),((3,4),(8,9))),((10,2),((11,12),(1,0)))),((((15,16),(17,18)),(19,20)),(((21,22),((25,14),13)),(23,24)))),((29,(28,30)),((31,27),26))),((32,(33,34)),(35,36)));
Tree Score: 12877.501851607025
Score Improvement: 9.996534987544159E-5

Step Number: 22
Time Spent: 20.739819987 seconds
New Tree:
Tree: (((((((6,5),7),((3,4),(8,9))),((10,2),((11,12),(1,0)))),((((15,16),(17,18)),(19,20)),(((21,22),((25,14),13)),(23,24)))),((29,(28,30)),((31,27),26))),((32,(33,34)),(35,36)));
Tree Score: 12877.501851607025
Score Improvement: 0.0

TOTAL STEPS: 22
TOTAL TIME: 499.946776555 seconds
Final tree: Tree: (((((((6,5),7),((3,4),(8,9))),((10,2),((11,12),(1,0)))),((((15,16),(17,18)),(19,20)),(((21,22),((25,14),13)),(23,24)))),((29,(28,30)),((31,27),26))),((32,(33,34)),(35,36)));
Tree Score: 12877.501851607025
Total Score Improvement: 0.28130224917019464

--------------ITERATION 10--------------
Input tree: (((0,1),(2,3)),((4,((5,((6,7),8)),((9,10),11))),((12,13),(((14,15),(16,(((17,18),((((19,20),21),22),23)),(24,25)))),((26,(27,28)),(((29,30),(31,32)),(33,(34,(35,36)))))))));
Initial Score: 9362.770151154671

Step Number: 1
Time Spent: 19.849244936 seconds
New Tree:
Tree: (((0,1),(2,3)),((4,((5,((6,7),8)),((9,10),11))),((12,13),(((((17,18),((((19,20),21),22),23)),(24,25)),(16,(14,15))),((26,(27,28)),(((29,30),(31,32)),(33,(34,(35,36)))))))));
Tree Score: 9999.842776166808
Score Improvement: 0.06804317682983707

Step Number: 2
Time Spent: 20.095388597 seconds
New Tree:
Tree: (((0,1),(2,3)),((((9,10),11),((5,((6,7),8)),4)),((12,13),(((((17,18),((((19,20),21),22),23)),(24,25)),(16,(14,15))),((26,(27,28)),(((29,30),(31,32)),(33,(34,(35,36)))))))));
Tree Score: 10596.773826534229
Score Improvement: 0.05969404356937691

Step Number: 3
Time Spent: 20.17066905 seconds
New Tree:
Tree: (((0,1),(2,3)),((12,13),((((9,10),11),((5,((6,7),8)),4)),(((((17,18),((((19,20),21),22),23)),(24,25)),(16,(14,15))),((26,(27,28)),(((29,30),(31,32)),(33,(34,(35,36)))))))));
Tree Score: 11308.066352364907
Score Improvement: 0.06712349791307326

Step Number: 4
Time Spent: 20.474513554 seconds
New Tree:
Tree: (((0,1),(2,3)),((12,13),((((9,10),11),((5,((6,7),8)),4)),((((16,(14,15)),(24,25)),((17,18),((((19,20),21),22),23))),((26,(27,28)),(((29,30),(31,32)),(33,(34,(35,36)))))))));
Tree Score: 11667.038102724191
Score Improvement: 0.03174475097452989

Step Number: 5
Time Spent: 20.129537074 seconds
New Tree:
Tree: ((((((9,10),11),((5,((6,7),8)),4)),((((16,(14,15)),(24,25)),((17,18),((((19,20),21),22),23))),((26,(27,28)),(((29,30),(31,32)),(33,(34,(35,36))))))),(2,3)),((12,13),(0,1)));
Tree Score: 12009.907977432546
Score Improvement: 0.02938791076959757

Step Number: 6
Time Spent: 21.091144412 seconds
New Tree:
Tree: ((((((9,10),11),((5,((6,7),8)),4)),((((16,(14,15)),(24,25)),((17,18),((((19,20),21),22),23))),(((29,30),(31,32)),((26,(27,28)),(33,(34,(35,36))))))),(2,3)),((12,13),(0,1)));
Tree Score: 12244.960076945436
Score Improvement: 0.019571515448292276

Step Number: 7
Time Spent: 21.075975304 seconds
New Tree:
Tree: ((((((9,10),11),((5,((6,7),8)),4)),((((16,(14,15)),(24,25)),((17,18),((((19,20),21),22),23))),(((29,30),(31,32)),((26,(27,28)),((35,36),(34,33)))))),(2,3)),((12,13),(0,1)));
Tree Score: 12360.413201847647
Score Improvement: 0.009428624036070588

Step Number: 8
Time Spent: 21.118994742 seconds
New Tree:
Tree: ((((((9,10),11),((5,((6,7),8)),4)),((((16,(14,15)),(24,25)),((((19,20),21),22),((17,18),23))),(((29,30),(31,32)),((26,(27,28)),((35,36),(34,33)))))),(2,3)),((12,13),(0,1)));
Tree Score: 12465.64602732991
Score Improvement: 0.00851369802641666

Step Number: 9
Time Spent: 21.108765507 seconds
New Tree:
Tree: ((((((9,10),11),((5,((6,7),8)),4)),((((16,(14,15)),(24,25)),((((17,18),23),22),((19,20),21))),(((29,30),(31,32)),((26,(27,28)),((35,36),(34,33)))))),(2,3)),((12,13),(0,1)));
Tree Score: 12560.745251651455
Score Improvement: 0.007628904600134323

Step Number: 10
Time Spent: 21.106584924 seconds
New Tree:
Tree: ((((((9,10),11),((5,4),((6,7),8))),((((16,(14,15)),(24,25)),((((17,18),23),22),((19,20),21))),(((29,30),(31,32)),((26,(27,28)),((35,36),(34,33)))))),(2,3)),((12,13),(0,1)));
Tree Score: 12642.155826406903
Score Improvement: 0.006481349085934562

Step Number: 11
Time Spent: 21.016227972 seconds
New Tree:
Tree: ((((((6,7),8),((5,4),((9,10),11))),((((16,(14,15)),(24,25)),((((17,18),23),22),((19,20),21))),(((29,30),(31,32)),((26,(27,28)),((35,36),(34,33)))))),(2,3)),((12,13),(0,1)));
Tree Score: 12784.069401748537
Score Improvement: 0.011225425258974076

Step Number: 12
Time Spent: 21.022456138 seconds
New Tree:
Tree: ((((((6,7),8),((5,4),((9,10),11))),((((16,(14,15)),(24,25)),((((17,18),23),22),((19,20),21))),(((29,30),(31,32)),((35,36),((26,(27,28)),(34,33)))))),(2,3)),((12,13),(0,1)));
Tree Score: 12823.119127385027
Score Improvement: 0.0030545614553023626

Step Number: 13
Time Spent: 21.030106971 seconds
New Tree:
Tree: ((((((6,7),8),((5,4),((9,10),11))),((((16,(14,15)),(24,25)),((((17,18),23),22),((19,20),21))),(((26,(27,28)),(34,33)),((35,36),((29,30),(31,32)))))),(2,3)),((12,13),(0,1)));
Tree Score: 12857.829351462948
Score Improvement: 0.002706847197870399

Step Number: 14
Time Spent: 21.083040519 seconds
New Tree:
Tree: ((((((6,7),8),((5,4),((9,10),11))),((((16,(14,15)),(24,25)),((((17,18),23),22),((19,20),21))),(((26,(34,33)),(27,28)),((35,36),((29,30),(31,32)))))),(2,3)),((12,13),(0,1)));
Tree Score: 12985.375876270758
Score Improvement: 0.009919755607372238

Step Number: 15
Time Spent: 21.096783118 seconds
New Tree:
Tree: ((((((6,7),8),((5,4),((9,10),11))),((((16,(14,15)),(24,25)),((((17,18),23),22),((19,20),21))),(((26,(34,33)),(27,28)),((31,32),((29,30),(35,36)))))),(2,3)),((12,13),(0,1)));
Tree Score: 13013.501176695863
Score Improvement: 0.002165921163398865

Step Number: 16
Time Spent: 21.103433405 seconds
New Tree:
Tree: ((((((6,7),8),((5,4),((9,10),11))),((((16,(14,15)),(24,25)),((((17,18),23),22),((19,20),21))),(((34,(26,33)),(27,28)),((31,32),((29,30),(35,36)))))),(2,3)),((12,13),(0,1)));
Tree Score: 13036.711851721222
Score Improvement: 0.0017835841953834919

Step Number: 17
Time Spent: 21.098022382 seconds
New Tree:
Tree: ((((((6,7),8),((5,4),((9,10),11))),((((16,(14,15)),(24,25)),(((22,23),(17,18)),((19,20),21))),(((34,(26,33)),(27,28)),((31,32),((29,30),(35,36)))))),(2,3)),((12,13),(0,1)));
Tree Score: 13053.642776732857
Score Improvement: 0.0012987113011475593

Step Number: 18
Time Spent: 21.012970225 seconds
New Tree:
Tree: ((((((6,7),8),((5,4),((9,10),11))),((((16,(14,15)),(24,25)),(((22,23),(17,18)),((21,20),19))),(((34,(26,33)),(27,28)),((31,32),((29,30),(35,36)))))),(2,3)),((12,13),(0,1)));
Tree Score: 13068.21202698868
Score Improvement: 0.0011161060942921353

Step Number: 19
Time Spent: 21.006973094 seconds
New Tree:
Tree: ((((((8,7),6),((5,4),((9,10),11))),((((16,(14,15)),(24,25)),(((22,23),(17,18)),((21,20),19))),(((34,(26,33)),(27,28)),((31,32),((29,30),(35,36)))))),(2,3)),((12,13),(0,1)));
Tree Score: 13077.745702271874
Score Improvement: 7.295317265669787E-4

Step Number: 20
Time Spent: 21.014359578 seconds
New Tree:
Tree: ((((((8,7),6),((5,4),((9,10),11))),((((14,(16,15)),(24,25)),(((22,23),(17,18)),((21,20),19))),(((34,(26,33)),(27,28)),((31,32),((29,30),(35,36)))))),(2,3)),((12,13),(0,1)));
Tree Score: 13078.414652317355
Score Improvement: 5.115178569070622E-5

Step Number: 21
Time Spent: 21.01656775 seconds
New Tree:
Tree: ((((((8,7),6),((5,4),((9,10),11))),((((14,(24,25)),(16,15)),(((22,23),(17,18)),((21,20),19))),(((34,(26,33)),(27,28)),((31,32),((29,30),(35,36)))))),(2,3)),((12,13),(0,1)));
Tree Score: 13082.269627463596
Score Improvement: 2.947585964143684E-4

Step Number: 22
Time Spent: 21.017649382 seconds
New Tree:
Tree: ((((((8,7),6),((5,4),((9,10),11))),((((25,(24,14)),(16,15)),(((22,23),(17,18)),((21,20),19))),(((34,(26,33)),(27,28)),((31,32),((29,30),(35,36)))))),(2,3)),((12,13),(0,1)));
Tree Score: 13097.001027382503
Score Improvement: 0.0011260584239893845

Step Number: 23
Time Spent: 21.023036449 seconds
New Tree:
Tree: ((((((8,7),6),((5,4),((9,10),11))),((((25,(16,15)),(24,14)),(((22,23),(17,18)),((21,20),19))),(((34,(26,33)),(27,28)),((31,32),((29,30),(35,36)))))),(2,3)),((12,13),(0,1)));
Tree Score: 13125.626102523704
Score Improvement: 0.002185620592176196

Step Number: 24
Time Spent: 21.016729712 seconds
New Tree:
Tree: ((((((8,7),6),((5,4),((9,10),11))),((((16,(25,15)),(24,14)),(((22,23),(17,18)),((21,20),19))),(((34,(26,33)),(27,28)),((31,32),((29,30),(35,36)))))),(2,3)),((12,13),(0,1)));
Tree Score: 13131.384677672584
Score Improvement: 4.38727654124893E-4

Step Number: 25
Time Spent: 21.014841133 seconds
New Tree:
Tree: ((((((8,7),6),((5,4),((9,10),11))),((((16,(24,14)),(25,15)),(((22,23),(17,18)),((21,20),19))),(((34,(26,33)),(27,28)),((31,32),((29,30),(35,36)))))),(2,3)),((12,13),(0,1)));
Tree Score: 13132.026377666334
Score Improvement: 4.886765634415369E-5

Step Number: 26
Time Spent: 21.013273686 seconds
New Tree:
Tree: ((((((8,7),6),((5,4),((9,10),11))),((((14,(24,16)),(25,15)),(((22,23),(17,18)),((21,20),19))),(((34,(26,33)),(27,28)),((31,32),((29,30),(35,36)))))),(2,3)),((12,13),(0,1)));
Tree Score: 13132.861252551957
Score Improvement: 6.357548040281102E-5

Step Number: 27
Time Spent: 21.008781774 seconds
New Tree:
Tree: ((((((8,7),6),((5,4),((9,10),11))),((((14,(24,16)),(25,15)),(((22,23),(17,18)),((21,20),19))),(((34,(26,33)),(27,28)),((31,32),((29,30),(35,36)))))),(2,3)),((12,13),(0,1)));
Tree Score: 13132.861252551957
Score Improvement: 0.0

TOTAL STEPS: 27
TOTAL TIME: 563.816071388 seconds
Final tree: Tree: ((((((8,7),6),((5,4),((9,10),11))),((((14,(24,16)),(25,15)),(((22,23),(17,18)),((21,20),19))),(((34,(26,33)),(27,28)),((31,32),((29,30),(35,36)))))),(2,3)),((12,13),(0,1)));
Tree Score: 13132.861252551957
Total Score Improvement: 0.40266833859339535

===========================================================
RESULTS FROM 10 ITERATION(S):
AVERAGE TIME PER RUN: 551.767489427 seconds
AVERAGE IMPROVEMENT: 0.5012570213399663
BEST Tree: (((((3,4),6),((5,2),1)),((((7,8),(9,10)),((12,13),(11,0))),(((15,16),(14,(17,18))),((20,21),(19,22))))),((((33,35),34),((31,32),(30,36))),(((25,26),(24,27)),(29,(28,23)))));
Tree Score: 14976.143350163178
BEST'S IMPROVEMENT :0.3583505087013439
