--------------ITERATION 1--------------
Input tree: ((((((0,1),2),3),(4,5)),(((((6,7),8),(9,10)),11),(12,13))),((((14,15),((16,17),((18,19),20))),((21,((22,23),(24,25))),(26,((27,(28,29)),(((30,31),32),(33,34)))))),(35,36)));
Initial Score: 10264.975126972597

Step Number: 1
Time Spent: 14.222937358 seconds
New Tree:
Tree: ((((((0,1),2),3),(4,5)),(((((6,7),8),(9,10)),11),(12,13))),((((14,15),((16,17),((18,19),20))),((21,((22,23),(24,25))),((((30,31),32),(33,34)),((27,(28,29)),26)))),(35,36)));
Tree Score: 11112.337451462576
Score Improvement: 0.08254889213159622

Step Number: 2
Time Spent: 14.381750152 seconds
New Tree:
Tree: ((((((0,1),2),3),(4,5)),(((12,13),11),(((6,7),8),(9,10)))),((((14,15),((16,17),((18,19),20))),((21,((22,23),(24,25))),((((30,31),32),(33,34)),((27,(28,29)),26)))),(35,36)));
Tree Score: 11758.912751653173
Score Improvement: 0.05818535506276379

Step Number: 3
Time Spent: 13.47636351 seconds
New Tree:
Tree: ((((((0,1),2),3),(4,5)),(35,36)),((((14,15),((16,17),((18,19),20))),((21,((22,23),(24,25))),((((30,31),32),(33,34)),((27,(28,29)),26)))),(((12,13),11),(((6,7),8),(9,10)))));
Tree Score: 12367.458953753056
Score Improvement: 0.051751910652991784

Step Number: 4
Time Spent: 12.660786822 seconds
New Tree:
Tree: ((((((0,1),2),3),(4,5)),(35,36)),((((14,15),((16,17),((18,19),20))),(((12,13),11),(((6,7),8),(9,10)))),((21,((22,23),(24,25))),((((30,31),32),(33,34)),((27,(28,29)),26)))));
Tree Score: 14659.676056455064
Score Improvement: 0.185342608475479

Step Number: 5
Time Spent: 11.962405834 seconds
New Tree:
Tree: ((((((0,1),2),3),(4,5)),(35,36)),((((14,15),((16,17),((18,19),20))),(((12,13),11),(((6,7),8),(9,10)))),((21,((22,23),(24,25))),((((30,31),32),(33,34)),((27,26),(28,29))))));
Tree Score: 14736.333556528378
Score Improvement: 0.005229140110470487

Step Number: 6
Time Spent: 9.452286426 seconds
New Tree:
Tree: (((((3,2),(0,1)),(4,5)),(35,36)),((((14,15),((16,17),((18,19),20))),(((12,13),11),(((6,7),8),(9,10)))),((21,((22,23),(24,25))),((((30,31),32),(33,34)),((27,26),(28,29))))));
Tree Score: 14797.091956558812
Score Improvement: 0.004123033711022295

Step Number: 7
Time Spent: 8.895618989 seconds
New Tree:
Tree: (((((3,2),(0,1)),(4,5)),(35,36)),((((14,15),((16,17),((18,19),20))),(((12,13),11),(((6,7),8),(9,10)))),(((24,25),((22,23),21)),((((30,31),32),(33,34)),((27,26),(28,29))))));
Tree Score: 14854.700755755592
Score Improvement: 0.003893251414933907

Step Number: 8
Time Spent: 8.354607664 seconds
New Tree:
Tree: (((((3,2),(0,1)),(4,5)),(35,36)),((((14,15),((16,17),((18,19),20))),(((12,13),11),(((8,7),6),(9,10)))),(((24,25),((22,23),21)),((((30,31),32),(33,34)),((27,26),(28,29))))));
Tree Score: 14864.214880655694
Score Improvement: 6.404790683121053E-4

Step Number: 9
Time Spent: 7.805347733 seconds
New Tree:
Tree: (((((3,2),(0,1)),(4,5)),(35,36)),((((14,15),((16,17),((20,19),18))),(((12,13),11),(((8,7),6),(9,10)))),(((24,25),((22,23),21)),((((30,31),32),(33,34)),((27,26),(28,29))))));
Tree Score: 14870.56008084974
Score Improvement: 4.2687758788417796E-4

Step Number: 10
Time Spent: 7.532858963 seconds
New Tree:
Tree: (((((3,2),(0,1)),(4,5)),(35,36)),((((14,15),((16,17),((20,19),18))),(((12,13),11),(((8,7),6),(9,10)))),(((24,25),((22,23),21)),((((32,31),30),(33,34)),((27,26),(28,29))))));
Tree Score: 14876.305730900902
Score Improvement: 3.863775150312332E-4

Step Number: 11
Time Spent: 8.472161229 seconds
New Tree:
Tree: (((((3,2),(0,1)),(4,5)),(35,36)),((((14,15),((16,17),((20,19),18))),(((12,13),11),(((8,7),6),(9,10)))),(((24,25),((22,23),21)),((((32,31),30),(33,34)),((27,26),(28,29))))));
Tree Score: 14876.305730900902
Score Improvement: 0.0

TOTAL STEPS: 11
TOTAL TIME: 117.21712468 seconds
Final tree: Tree: (((((3,2),(0,1)),(4,5)),(35,36)),((((14,15),((16,17),((20,19),18))),(((12,13),11),(((8,7),6),(9,10)))),(((24,25),((22,23),21)),((((32,31),30),(33,34)),((27,26),(28,29))))));
Tree Score: 14876.305730900902
Total Score Improvement: 0.4492295935341739

--------------ITERATION 2--------------
Input tree: ((0,(1,2)),(((3,(((4,5),6),(7,8))),(((((9,10),11),(12,13)),(14,((15,16),17))),(((18,19),20),((21,22),23)))),(((((24,25),26),(27,(28,29))),((30,31),32)),((33,34),(35,36)))));
Initial Score: 10974.49147634945

Step Number: 1
Time Spent: 14.817997806 seconds
New Tree:
Tree: ((0,(1,2)),(((33,34),(35,36)),(((((24,25),26),(27,(28,29))),((30,31),32)),((3,(((4,5),6),(7,8))),(((((9,10),11),(12,13)),(14,((15,16),17))),(((18,19),20),((21,22),23)))))));
Tree Score: 12918.838402838015
Score Improvement: 0.17716966026888126

Step Number: 2
Time Spent: 12.350488145 seconds
New Tree:
Tree: ((0,(1,2)),(((33,34),(35,36)),(((((24,25),26),(27,(28,29))),((30,31),32)),(((7,8),(((4,5),6),3)),(((((9,10),11),(12,13)),(14,((15,16),17))),(((18,19),20),((21,22),23)))))));
Tree Score: 13250.443501913313
Score Improvement: 0.025668337100837935

Step Number: 3
Time Spent: 10.736293142 seconds
New Tree:
Tree: ((0,(1,2)),(((33,34),(35,36)),(((((24,25),26),(27,(28,29))),((30,31),32)),(((7,8),(((4,5),6),3)),(((((12,13),11),(9,10)),(14,((15,16),17))),(((18,19),20),((21,22),23)))))));
Tree Score: 13279.688076944414
Score Improvement: 0.0022070638637023965

Step Number: 4
Time Spent: 10.171449037 seconds
New Tree:
Tree: ((0,(1,2)),(((33,34),(35,36)),(((((26,25),24),(27,(28,29))),((30,31),32)),(((7,8),(((4,5),6),3)),(((((12,13),11),(9,10)),(14,((15,16),17))),(((18,19),20),((21,22),23)))))));
Tree Score: 13293.946426713232
Score Improvement: 0.0010736961354966823

Step Number: 5
Time Spent: 9.616979716 seconds
New Tree:
Tree: ((0,(1,2)),(((33,34),(35,36)),(((((26,25),24),(27,(28,29))),((30,31),32)),(((7,8),(((4,5),6),3)),(((((12,13),11),(9,10)),(14,((17,16),15))),(((18,19),20),((21,22),23)))))));
Tree Score: 13305.976276980105
Score Improvement: 9.049118960418046E-4

Step Number: 6
Time Spent: 9.061835517 seconds
New Tree:
Tree: ((0,(1,2)),(((33,34),(35,36)),(((((26,25),24),(27,(28,29))),((30,31),32)),(((7,8),(((4,5),6),3)),(((((12,13),11),(9,10)),(14,((17,16),15))),(((18,19),20),((21,22),23)))))));
Tree Score: 13305.976276980105
Score Improvement: 0.0

TOTAL STEPS: 6
TOTAL TIME: 66.755043363 seconds
Final tree: Tree: ((0,(1,2)),(((33,34),(35,36)),(((((26,25),24),(27,(28,29))),((30,31),32)),(((7,8),(((4,5),6),3)),(((((12,13),11),(9,10)),(14,((17,16),15))),(((18,19),20),((21,22),23)))))));
Tree Score: 13305.976276980105
Total Score Improvement: 0.21244581634193382

--------------ITERATION 3--------------
Input tree: ((0,((((1,2),((3,4),(5,(6,((7,8),((9,(10,11)),(12,13))))))),((14,(15,16)),(17,(18,19)))),((20,((21,22),23)),((24,25),26)))),((27,(((28,29),(30,31)),32)),(((33,34),35),36)));
Initial Score: 8598.879275172665

Step Number: 1
Time Spent: 12.376797427 seconds
New Tree:
Tree: ((0,(((33,34),35),36)),((27,(((28,29),(30,31)),32)),((((1,2),((3,4),(5,(6,((7,8),((9,(10,11)),(12,13))))))),((14,(15,16)),(17,(18,19)))),((20,((21,22),23)),((24,25),26)))));
Tree Score: 9539.658250108543
Score Improvement: 0.1094071616579344

Step Number: 2
Time Spent: 12.357077391 seconds
New Tree:
Tree: ((0,(((33,34),35),36)),((27,(((28,29),(30,31)),32)),((((1,2),((6,((7,8),((9,(10,11)),(12,13)))),(5,(3,4)))),((14,(15,16)),(17,(18,19)))),((20,((21,22),23)),((24,25),26)))));
Tree Score: 10034.512649128017
Score Improvement: 0.051873388547628796

Step Number: 3
Time Spent: 12.432628758 seconds
New Tree:
Tree: ((0,(((33,34),35),36)),((27,(((28,29),(30,31)),32)),((((1,2),((((9,(10,11)),(12,13)),((7,8),6)),(5,(3,4)))),((14,(15,16)),(17,(18,19)))),((20,((21,22),23)),((24,25),26)))));
Tree Score: 10768.86147476713
Score Improvement: 0.07318231102164474

Step Number: 4
Time Spent: 11.917276492 seconds
New Tree:
Tree: ((0,(((33,34),35),36)),((27,(((28,29),(30,31)),32)),((((((9,(10,11)),(12,13)),((7,8),6)),((1,2),(5,(3,4)))),((14,(15,16)),(17,(18,19)))),((20,((21,22),23)),((24,25),26)))));
Tree Score: 11663.150551043022
Score Improvement: 0.08304397622453674

Step Number: 5
Time Spent: 11.347110621 seconds
New Tree:
Tree: ((0,(((33,34),35),36)),((27,(((28,29),(30,31)),32)),((((((9,(10,11)),(12,13)),((7,8),6)),((14,(15,16)),(17,(18,19)))),((1,2),(5,(3,4)))),((20,((21,22),23)),((24,25),26)))));
Tree Score: 12790.001878241113
Score Improvement: 0.0966163749894593

Step Number: 6
Time Spent: 11.907716547 seconds
New Tree:
Tree: ((((33,34),35),(0,36)),((27,(((28,29),(30,31)),32)),((((((9,(10,11)),(12,13)),((7,8),6)),((14,(15,16)),(17,(18,19)))),((1,2),(5,(3,4)))),((20,((21,22),23)),((24,25),26)))));
Tree Score: 12982.070952909104
Score Improvement: 0.015017126384847979

Step Number: 7
Time Spent: 11.347709161 seconds
New Tree:
Tree: ((((33,34),35),(0,36)),((27,(((28,29),(30,31)),32)),((((((9,(10,11)),(12,13)),((7,8),6)),((14,(15,16)),(17,(18,19)))),((20,((21,22),23)),((24,25),26))),((1,2),(5,(3,4))))));
Tree Score: 13074.569754017786
Score Improvement: 0.0071251190541332665

Step Number: 8
Time Spent: 10.803089835 seconds
New Tree:
Tree: ((((33,34),35),(0,36)),(((1,2),(5,(3,4))),((((((9,(10,11)),(12,13)),((7,8),6)),((14,(15,16)),(17,(18,19)))),((20,((21,22),23)),((24,25),26))),(27,(((28,29),(30,31)),32)))));
Tree Score: 13305.998553593447
Score Improvement: 0.017700681852612643

Step Number: 9
Time Spent: 10.79950551 seconds
New Tree:
Tree: ((((33,34),35),(0,36)),(((1,2),(5,(3,4))),(((27,(((28,29),(30,31)),32)),((20,((21,22),23)),((24,25),26))),((((9,(10,11)),(12,13)),((7,8),6)),((14,(15,16)),(17,(18,19)))))));
Tree Score: 15088.555233909872
Score Improvement: 0.13396639666964516

Step Number: 10
Time Spent: 10.112228098 seconds
New Tree:
Tree: ((((33,34),35),(0,36)),(((1,2),(5,(3,4))),(((27,((32,(30,31)),(28,29))),((20,((21,22),23)),((24,25),26))),((((9,(10,11)),(12,13)),((7,8),6)),((14,(15,16)),(17,(18,19)))))));
Tree Score: 15104.36893423659
Score Improvement: 0.0010480592794714916

Step Number: 11
Time Spent: 9.551443519 seconds
New Tree:
Tree: ((((33,34),35),(0,36)),(((1,2),(5,(3,4))),((((32,(30,31)),(27,(28,29))),((20,((21,22),23)),((24,25),26))),((((9,(10,11)),(12,13)),((7,8),6)),((14,(15,16)),(17,(18,19)))))));
Tree Score: 15571.624135082711
Score Improvement: 0.030935102477999576

Step Number: 12
Time Spent: 9.013712009 seconds
New Tree:
Tree: ((((33,34),35),(0,36)),(((1,2),(5,(3,4))),((((32,(30,31)),(27,(28,29))),((20,((21,22),23)),((24,25),26))),((((9,(10,11)),(12,13)),((7,8),6)),((14,(15,16)),(17,(18,19)))))));
Tree Score: 15571.624135082711
Score Improvement: 0.0

TOTAL STEPS: 12
TOTAL TIME: 133.966295368 seconds
Final tree: Tree: ((((33,34),35),(0,36)),(((1,2),(5,(3,4))),((((32,(30,31)),(27,(28,29))),((20,((21,22),23)),((24,25),26))),((((9,(10,11)),(12,13)),((7,8),6)),((14,(15,16)),(17,(18,19)))))));
Tree Score: 15571.624135082711
Total Score Improvement: 0.8108899586533658

--------------ITERATION 4--------------
Input tree: (((0,(1,(((2,3),4),((5,6),7)))),(8,9)),((10,(((11,(12,13)),(14,15)),(((16,17),18),19))),(((20,21),((((22,(23,24)),25),(26,(27,28))),(29,30))),(((31,32),((33,34),35)),36))));
Initial Score: 9316.964876711025

Step Number: 1
Time Spent: 9.549906172 seconds
New Tree:
Tree: (((0,(1,(((2,3),4),((5,6),7)))),(8,9)),(((((16,17),18),19),(((11,(12,13)),(14,15)),10)),(((20,21),((((22,(23,24)),25),(26,(27,28))),(29,30))),(((31,32),((33,34),35)),36))));
Tree Score: 10314.160351498902
Score Improvement: 0.10703007771130468

Step Number: 2
Time Spent: 9.57877786 seconds
New Tree:
Tree: (((0,(1,(((2,3),4),((5,6),7)))),(8,9)),(((((16,17),18),19),(((11,(12,13)),(14,15)),10)),(((20,21),(((29,30),(26,(27,28))),((22,(23,24)),25))),(((31,32),((33,34),35)),36))));
Tree Score: 10643.619376497843
Score Improvement: 0.03194239897104789

Step Number: 3
Time Spent: 8.996224381 seconds
New Tree:
Tree: (((0,(((5,6),7),(((2,3),4),1))),(8,9)),(((((16,17),18),19),(((11,(12,13)),(14,15)),10)),(((20,21),(((29,30),(26,(27,28))),((22,(23,24)),25))),(((31,32),((33,34),35)),36))));
Tree Score: 10771.295025798934
Score Improvement: 0.01199551062329518

Step Number: 4
Time Spent: 9.572220602 seconds
New Tree:
Tree: (((0,(((5,6),7),(((2,3),4),1))),(8,9)),((((19,18),(16,17)),(((11,(12,13)),(14,15)),10)),(((20,21),(((29,30),(26,(27,28))),((22,(23,24)),25))),(((31,32),((33,34),35)),36))));
Tree Score: 10889.461975940945
Score Improvement: 0.010970542526129279

Step Number: 5
Time Spent: 9.000992933 seconds
New Tree:
Tree: (((0,(((5,6),7),(((2,3),4),1))),(8,9)),((((19,18),(16,17)),(((11,(12,13)),10),(14,15))),(((20,21),(((29,30),(26,(27,28))),((22,(23,24)),25))),(((31,32),((33,34),35)),36))));
Tree Score: 11004.896451016399
Score Improvement: 0.010600567349469792

Step Number: 6
Time Spent: 10.741370953 seconds
New Tree:
Tree: (((0,(((5,6),7),(((2,3),4),1))),(8,9)),((((19,18),(16,17)),(((11,(12,13)),10),(14,15))),(((20,21),(((29,30),(26,(27,28))),((22,(23,24)),25))),((36,((33,34),35)),(31,32)))));
Tree Score: 11075.59710051536
Score Improvement: 0.00642447203512142

Step Number: 7
Time Spent: 10.054208011 seconds
New Tree:
Tree: (((0,(((5,6),7),(((2,3),4),1))),(8,9)),((((19,18),(16,17)),(((11,(12,13)),10),(14,15))),(((20,21),(((29,30),(26,(27,28))),((22,(23,24)),25))),((36,((35,34),33)),(31,32)))));
Tree Score: 11084.124875518935
Score Improvement: 7.699607457893887E-4

Step Number: 8
Time Spent: 10.06118725 seconds
New Tree:
Tree: (((0,(((5,6),7),(((2,3),4),1))),(8,9)),((((19,18),(16,17)),(((13,(12,11)),10),(14,15))),(((20,21),(((29,30),(26,(27,28))),((22,(23,24)),25))),((36,((35,34),33)),(31,32)))));
Tree Score: 11087.081450707721
Score Improvement: 2.6673961381606937E-4

Step Number: 9
Time Spent: 10.059794406 seconds
New Tree:
Tree: (((0,(((5,6),7),(((2,3),4),1))),(8,9)),((((19,18),(16,17)),(((13,10),(12,11)),(14,15))),(((20,21),(((29,30),(26,(27,28))),((22,(23,24)),25))),((36,((35,34),33)),(31,32)))));
Tree Score: 11159.476800746726
Score Improvement: 0.006529703092817529

Step Number: 10
Time Spent: 9.32835223 seconds
New Tree:
Tree: (((0,(((5,6),7),(((2,3),4),1))),(8,9)),((((19,18),(16,17)),(((13,10),(12,11)),(14,15))),(((20,21),(((29,30),(26,(27,28))),((22,(23,24)),25))),((36,((35,34),33)),(31,32)))));
Tree Score: 11159.476800746726
Score Improvement: 0.0

TOTAL STEPS: 10
TOTAL TIME: 96.943034798 seconds
Final tree: Tree: (((0,(((5,6),7),(((2,3),4),1))),(8,9)),((((19,18),(16,17)),(((13,10),(12,11)),(14,15))),(((20,21),(((29,30),(26,(27,28))),((22,(23,24)),25))),((36,((35,34),33)),(31,32)))));
Tree Score: 11159.476800746726
Total Score Improvement: 0.1977588139933104

--------------ITERATION 5--------------
Input tree: (((0,1),((2,(3,4)),((5,6),7))),(((((((8,9),(10,11)),(12,13)),14),((15,16),((17,18),19))),(((((20,21),22),23),((24,25),26)),(27,((((28,29),30),31),(32,33))))),((34,35),36)));
Initial Score: 12552.283850633949

Step Number: 1
Time Spent: 13.007757831 seconds
New Tree:
Tree: (((0,1),((2,(3,4)),((5,6),7))),(((((((8,9),(10,11)),(12,13)),14),((15,16),((17,18),19))),(((((20,21),22),23),((24,25),26)),((32,33),((((28,29),30),31),27)))),((34,35),36)));
Tree Score: 12991.942074760273
Score Improvement: 0.03502615375481

Step Number: 2
Time Spent: 13.116354042 seconds
New Tree:
Tree: (((0,1),((34,35),36)),(((((((8,9),(10,11)),(12,13)),14),((15,16),((17,18),19))),(((((20,21),22),23),((24,25),26)),((32,33),((((28,29),30),31),27)))),((2,(3,4)),((5,6),7))));
Tree Score: 13419.56129687901
Score Improvement: 0.03291418786029565

Step Number: 3
Time Spent: 12.393080992 seconds
New Tree:
Tree: (((0,1),((34,35),36)),(((((((8,9),(10,11)),(12,13)),14),((15,16),((17,18),19))),(((((24,25),26),23),((20,21),22)),((32,33),((((28,29),30),31),27)))),((2,(3,4)),((5,6),7))));
Tree Score: 13477.19817122973
Score Improvement: 0.004294989461699039

Step Number: 4
Time Spent: 12.404128626 seconds
New Tree:
Tree: (((0,1),((34,35),36)),(((((((12,13),(10,11)),(8,9)),14),((15,16),((17,18),19))),(((((24,25),26),23),((20,21),22)),((32,33),((((28,29),30),31),27)))),((2,(3,4)),((5,6),7))));
Tree Score: 13526.796171970362
Score Improvement: 0.0036801418299621247

Step Number: 5
Time Spent: 11.693222791 seconds
New Tree:
Tree: (((0,1),((34,35),36)),(((((((12,13),(10,11)),(8,9)),14),((15,16),((17,18),19))),(((((24,25),26),23),((20,21),22)),((32,33),((((28,30),29),31),27)))),((2,(3,4)),((5,6),7))));
Tree Score: 13534.830547317559
Score Improvement: 5.939599625108816E-4

Step Number: 6
Time Spent: 11.700376563 seconds
New Tree:
Tree: (((0,1),((34,35),36)),(((((((12,13),(10,11)),(8,9)),14),((15,16),((17,18),19))),(((((24,25),26),23),((20,21),22)),((32,33),((((28,30),31),29),27)))),((2,(3,4)),((5,6),7))));
Tree Score: 13538.321222143875
Score Improvement: 2.5790310518569726E-4

Step Number: 7
Time Spent: 10.973061659 seconds
New Tree:
Tree: (((0,1),((34,35),36)),(((((((12,13),(10,11)),(8,9)),14),((15,16),((17,18),19))),(((((24,25),26),23),((20,21),22)),((32,33),((((28,30),31),29),27)))),((2,(3,4)),((5,6),7))));
Tree Score: 13538.321222143875
Score Improvement: 0.0

TOTAL STEPS: 7
TOTAL TIME: 85.287982504 seconds
Final tree: Tree: (((0,1),((34,35),36)),(((((((12,13),(10,11)),(8,9)),14),((15,16),((17,18),19))),(((((24,25),26),23),((20,21),22)),((32,33),((((28,30),31),29),27)))),((2,(3,4)),((5,6),7))));
Tree Score: 13538.321222143875
Total Score Improvement: 0.07855441951785758

--------------ITERATION 6--------------
Input tree: ((((((0,1),2),(((3,(4,5)),6),((7,8),9))),((((10,11),((12,13),(14,15))),((16,(17,18)),19)),(20,21))),((22,23),24)),(((((25,26),27),28),29),(((30,(31,(32,33))),34),(35,36))));
Initial Score: 10102.952498655804

Step Number: 1
Time Spent: 13.363671456 seconds
New Tree:
Tree: ((((((0,1),2),(((3,(4,5)),6),((7,8),9))),(((20,21),((16,(17,18)),19)),((10,11),((12,13),(14,15))))),((22,23),24)),(((((25,26),27),28),29),(((30,(31,(32,33))),34),(35,36))));
Tree Score: 11397.781673476924
Score Improvement: 0.1281634428147016

Step Number: 2
Time Spent: 13.242899114 seconds
New Tree:
Tree: ((((((0,1),2),(((3,(4,5)),6),((7,8),9))),(((16,(17,18)),((20,21),19)),((10,11),((12,13),(14,15))))),((22,23),24)),(((((25,26),27),28),29),(((30,(31,(32,33))),34),(35,36))));
Tree Score: 11563.101548840184
Score Improvement: 0.014504565897061061

Step Number: 3
Time Spent: 13.247140576 seconds
New Tree:
Tree: ((((((0,1),2),(((3,(4,5)),6),((7,8),9))),(((16,(17,18)),((20,21),19)),((10,11),((12,13),(14,15))))),((22,23),24)),((((28,27),(25,26)),29),(((30,(31,(32,33))),34),(35,36))));
Tree Score: 11617.710048754592
Score Improvement: 0.004722651589952109

Step Number: 4
Time Spent: 12.491296485 seconds
New Tree:
Tree: ((((((0,1),2),(((3,(4,5)),6),((7,8),9))),(((16,(17,18)),((20,21),19)),((10,11),((12,13),(14,15))))),((22,23),24)),((((28,27),(25,26)),29),(((35,36),34),(30,(31,(32,33))))));
Tree Score: 11665.447423539308
Score Improvement: 0.004109017576130025

Step Number: 5
Time Spent: 12.432313285 seconds
New Tree:
Tree: ((((((0,1),2),(((3,(4,5)),6),((7,8),9))),(((16,(17,18)),((20,21),19)),((10,11),((12,13),(14,15))))),((22,23),24)),(((35,36),34),((((28,27),(25,26)),29),(30,(31,(32,33))))));
Tree Score: 11996.241648544741
Score Improvement: 0.02835675418140715

Step Number: 6
Time Spent: 13.928663974 seconds
New Tree:
Tree: ((((((0,1),2),(((3,(4,5)),6),((7,8),9))),(((16,(17,18)),((20,21),19)),((10,11),((12,13),(14,15))))),((22,23),24)),(((35,36),34),((31,(32,33)),(30,(((28,27),(25,26)),29)))));
Tree Score: 12090.098973591996
Score Improvement: 0.00782389416593987

Step Number: 7
Time Spent: 13.160293987 seconds
New Tree:
Tree: ((((((0,1),2),(((3,(4,5)),6),((7,8),9))),(((16,(17,18)),((20,21),19)),((10,11),((12,13),(14,15))))),((22,23),24)),(((35,36),34),((31,(32,33)),(30,(((28,27),(25,26)),29)))));
Tree Score: 12090.098973591996
Score Improvement: 0.0

TOTAL STEPS: 7
TOTAL TIME: 91.866278877 seconds
Final tree: Tree: ((((((0,1),2),(((3,(4,5)),6),((7,8),9))),(((16,(17,18)),((20,21),19)),((10,11),((12,13),(14,15))))),((22,23),24)),(((35,36),34),((31,(32,33)),(30,(((28,27),(25,26)),29)))));
Tree Score: 12090.098973591996
Total Score Improvement: 0.19668967811148086

--------------ITERATION 7--------------
Input tree: ((0,1),((((((2,(3,4)),(5,6)),((7,8),9)),(((10,(11,12)),13),((14,15),16))),17),((((18,19),(20,21)),((22,23),24)),(((25,(26,27)),(28,((29,30),(31,32)))),((33,34),(35,36))))));
Initial Score: 9574.41922456154

Step Number: 1
Time Spent: 17.531556633 seconds
New Tree:
Tree: ((0,1),(((((((10,(11,12)),13),((14,15),16)),((7,8),9)),((2,(3,4)),(5,6))),17),((((18,19),(20,21)),((22,23),24)),(((25,(26,27)),(28,((29,30),(31,32)))),((33,34),(35,36))))));
Tree Score: 10048.034023831073
Score Improvement: 0.04946668702938717

Step Number: 2
Time Spent: 16.895334525 seconds
New Tree:
Tree: ((0,1),(((((((10,(11,12)),13),((14,15),16)),((7,8),9)),((2,(3,4)),(5,6))),17),((((18,19),(20,21)),((22,23),24)),((((29,30),(31,32)),(28,(25,(26,27)))),((33,34),(35,36))))));
Tree Score: 10258.745273523438
Score Improvement: 0.020970395720458113

Step Number: 3
Time Spent: 16.178152334 seconds
New Tree:
Tree: ((0,1),(((((((10,(11,12)),13),((7,8),9)),((14,15),16)),((2,(3,4)),(5,6))),17),((((18,19),(20,21)),((22,23),24)),((((29,30),(31,32)),(28,(25,(26,27)))),((33,34),(35,36))))));
Tree Score: 10379.204723170433
Score Improvement: 0.011742123079894196

Step Number: 4
Time Spent: 16.329651628 seconds
New Tree:
Tree: ((0,1),(((((((10,13),(11,12)),((7,8),9)),((14,15),16)),((2,(3,4)),(5,6))),17),((((18,19),(20,21)),((22,23),24)),((((29,30),(31,32)),(28,(25,(26,27)))),((33,34),(35,36))))));
Tree Score: 10439.03029829863
Score Improvement: 0.005763984498219132

Step Number: 5
Time Spent: 15.436309603 seconds
New Tree:
Tree: ((0,1),(((((((10,13),(11,12)),((7,8),9)),((14,15),16)),((2,(3,4)),(5,6))),17),((((18,19),(20,21)),((22,23),24)),((((29,30),(31,32)),(28,(25,(26,27)))),((33,34),(35,36))))));
Tree Score: 10439.03029829863
Score Improvement: 0.0

TOTAL STEPS: 5
TOTAL TIME: 82.371004723 seconds
Final tree: Tree: ((0,1),(((((((10,13),(11,12)),((7,8),9)),((14,15),16)),((2,(3,4)),(5,6))),17),((((18,19),(20,21)),((22,23),24)),((((29,30),(31,32)),(28,(25,(26,27)))),((33,34),(35,36))))));
Tree Score: 10439.03029829863
Total Score Improvement: 0.09030428409893299

--------------ITERATION 8--------------
Input tree: ((((0,1),((2,3),(4,5))),(6,(((7,((8,9),10)),(11,12)),(13,(14,(15,16)))))),((((17,((18,(19,20)),((21,22),((23,24),(25,26))))),(27,(28,29))),30),((31,((32,33),34)),(35,36))));
Initial Score: 8347.197000176704

Step Number: 1
Time Spent: 10.806523441 seconds
New Tree:
Tree: ((((0,1),((2,3),(4,5))),((13,(14,(15,16))),(((7,((8,9),10)),(11,12)),6))),((((17,((18,(19,20)),((21,22),((23,24),(25,26))))),(27,(28,29))),30),((31,((32,33),34)),(35,36))));
Tree Score: 9880.739226212958
Score Improvement: 0.18371942413768227

Step Number: 2
Time Spent: 10.592053501 seconds
New Tree:
Tree: ((((0,1),((2,3),(4,5))),((31,((32,33),34)),(35,36))),((((17,((18,(19,20)),((21,22),((23,24),(25,26))))),(27,(28,29))),30),((13,(14,(15,16))),(((7,((8,9),10)),(11,12)),6))));
Tree Score: 11178.388428329723
Score Improvement: 0.13133118609933425

Step Number: 3
Time Spent: 10.120311878 seconds
New Tree:
Tree: ((((0,1),((2,3),(4,5))),((31,((32,33),34)),(35,36))),(((30,(27,(28,29))),(17,((18,(19,20)),((21,22),((23,24),(25,26)))))),((13,(14,(15,16))),(((7,((8,9),10)),(11,12)),6))));
Tree Score: 12412.68778050784
Score Improvement: 0.11041836308443131

Step Number: 4
Time Spent: 11.311823033 seconds
New Tree:
Tree: ((((0,1),((2,3),(4,5))),((31,((32,33),34)),(35,36))),(((30,(27,(28,29))),(17,(((23,24),(25,26)),((21,22),(18,(19,20)))))),((13,(14,(15,16))),(((7,((8,9),10)),(11,12)),6))));
Tree Score: 12825.03537973098
Score Improvement: 0.033219847829465854

Step Number: 5
Time Spent: 12.026805854 seconds
New Tree:
Tree: ((((0,1),((2,3),(4,5))),((31,((32,33),34)),(35,36))),((((28,29),(27,30)),(17,(((23,24),(25,26)),((21,22),(18,(19,20)))))),((13,(14,(15,16))),(((7,((8,9),10)),(11,12)),6))));
Tree Score: 12998.517328214715
Score Improvement: 0.013526820265767903

Step Number: 6
Time Spent: 11.33104929 seconds
New Tree:
Tree: ((((0,1),((2,3),(4,5))),((31,((32,33),34)),(35,36))),((((28,29),(27,30)),(17,(((23,24),(25,26)),((21,22),(18,(19,20)))))),((13,(14,(15,16))),(((7,((8,9),10)),6),(11,12)))));
Tree Score: 13115.504154372844
Score Improvement: 0.009000013094123904

Step Number: 7
Time Spent: 11.322320667 seconds
New Tree:
Tree: ((((0,1),((2,3),(4,5))),((31,((32,33),34)),(35,36))),((((28,29),(27,30)),(17,(((23,24),(25,26)),((21,22),(18,(19,20)))))),((13,(14,(15,16))),(((7,6),((8,9),10)),(11,12)))));
Tree Score: 13258.743503508042
Score Improvement: 0.010921375758738305

Step Number: 8
Time Spent: 10.598218321 seconds
New Tree:
Tree: ((((4,5),((2,3),(0,1))),((31,((32,33),34)),(35,36))),((((28,29),(27,30)),(17,(((23,24),(25,26)),((21,22),(18,(19,20)))))),((13,(14,(15,16))),(((7,6),((8,9),10)),(11,12)))));
Tree Score: 13309.691754129599
Score Improvement: 0.0038426152982051764

Step Number: 9
Time Spent: 9.898290628 seconds
New Tree:
Tree: ((((4,5),((2,3),(0,1))),((31,((32,33),34)),(35,36))),((((28,29),(27,30)),(17,(((23,24),(25,26)),((21,22),(18,(19,20)))))),(((15,16),(14,13)),(((7,6),((8,9),10)),(11,12)))));
Tree Score: 13352.628928852151
Score Improvement: 0.003226008198817132

Step Number: 10
Time Spent: 9.227723093 seconds
New Tree:
Tree: ((((4,5),((2,3),(0,1))),((31,((32,33),34)),(35,36))),((((28,29),(27,30)),(17,(((23,24),(25,26)),((21,22),(18,(19,20)))))),(((15,16),(14,13)),(((7,6),((8,9),10)),(11,12)))));
Tree Score: 13352.628928852151
Score Improvement: 0.0

TOTAL STEPS: 10
TOTAL TIME: 107.235119706 seconds
Final tree: Tree: ((((4,5),((2,3),(0,1))),((31,((32,33),34)),(35,36))),((((28,29),(27,30)),(17,(((23,24),(25,26)),((21,22),(18,(19,20)))))),(((15,16),(14,13)),(((7,6),((8,9),10)),(11,12)))));
Tree Score: 13352.628928852151
Total Score Improvement: 0.5996542226773234

--------------ITERATION 9--------------
Input tree: ((((0,(1,2)),(((3,4),5),6)),(((7,((8,9),(10,11))),((12,13),((14,15),16))),(17,(18,19)))),((((20,21),(22,23)),24),(25,((26,27),((28,29),(((30,31),32),(((33,34),35),36)))))));
Initial Score: 9849.747421410968

Step Number: 1
Time Spent: 11.417734756 seconds
New Tree:
Tree: ((((0,(1,2)),(((3,4),5),6)),(((7,((8,9),(10,11))),((12,13),((14,15),16))),(17,(18,19)))),((((20,21),(22,23)),24),(((28,29),(((30,31),32),(((33,34),35),36))),((26,27),25))));
Tree Score: 10917.958570703035
Score Improvement: 0.10845061335989525

Step Number: 2
Time Spent: 10.928919452 seconds
New Tree:
Tree: ((((0,(1,2)),(((3,4),5),6)),(((7,((8,9),(10,11))),((12,13),((14,15),16))),(17,(18,19)))),((((20,21),(22,23)),24),(((28,29),((26,27),25)),(((30,31),32),(((33,34),35),36)))));
Tree Score: 11587.719047052073
Score Improvement: 0.0613448450103351

Step Number: 3
Time Spent: 12.742068807 seconds
New Tree:
Tree: ((((0,(1,2)),(((3,4),5),6)),(((28,29),((26,27),25)),(((30,31),32),(((33,34),35),36)))),((((20,21),(22,23)),24),(((7,((8,9),(10,11))),((12,13),((14,15),16))),(17,(18,19)))));
Tree Score: 11919.919825034289
Score Improvement: 0.028668349364815437

Step Number: 4
Time Spent: 12.733832494 seconds
New Tree:
Tree: ((((0,(1,2)),(((3,4),5),6)),(((28,29),((26,27),25)),(((30,31),32),(((33,34),35),36)))),(((7,((8,9),(10,11))),((12,13),((14,15),16))),((((20,21),(22,23)),24),(17,(18,19)))));
Tree Score: 14183.082498255551
Score Improvement: 0.18986391741227604

Step Number: 5
Time Spent: 12.641508952 seconds
New Tree:
Tree: ((((0,(1,2)),(((3,4),5),6)),(((28,29),((26,27),25)),(((30,31),32),(((33,34),35),36)))),((((10,11),((8,9),7)),((12,13),((14,15),16))),((((20,21),(22,23)),24),(17,(18,19)))));
Tree Score: 14275.664149528735
Score Improvement: 0.006527611419067103

Step Number: 6
Time Spent: 10.220543898 seconds
New Tree:
Tree: ((((0,(1,2)),(((3,4),5),6)),(((28,29),((26,27),25)),(((30,31),32),(((33,34),35),36)))),((((10,11),((8,7),9)),((12,13),((14,15),16))),((((20,21),(22,23)),24),(17,(18,19)))));
Tree Score: 14300.15064973607
Score Improvement: 0.001715261717483152

Step Number: 7
Time Spent: 9.453507531 seconds
New Tree:
Tree: ((((0,(1,2)),(((5,4),3),6)),(((28,29),((26,27),25)),(((30,31),32),(((33,34),35),36)))),((((10,11),((8,7),9)),((12,13),((14,15),16))),((((20,21),(22,23)),24),(17,(18,19)))));
Tree Score: 14323.282174834183
Score Improvement: 0.0016175721266642462

Step Number: 8
Time Spent: 8.89981191 seconds
New Tree:
Tree: ((((0,(1,2)),(((5,4),3),6)),(((28,29),((26,27),25)),(((30,31),32),(((35,34),33),36)))),((((10,11),((8,7),9)),((12,13),((14,15),16))),((((20,21),(22,23)),24),(17,(18,19)))));
Tree Score: 14331.809949837758
Score Improvement: 5.953785521699562E-4

Step Number: 9
Time Spent: 8.89690798 seconds
New Tree:
Tree: ((((0,(1,2)),(((5,4),3),6)),(((28,29),((26,27),25)),(((30,31),32),(((35,34),33),36)))),((((10,11),((8,7),9)),((12,13),((14,15),16))),((((20,21),(22,23)),24),(17,(18,19)))));
Tree Score: 14331.809949837758
Score Improvement: 0.0

TOTAL STEPS: 9
TOTAL TIME: 97.93483578 seconds
Final tree: Tree: ((((0,(1,2)),(((5,4),3),6)),(((28,29),((26,27),25)),(((30,31),32),(((35,34),33),36)))),((((10,11),((8,7),9)),((12,13),((14,15),16))),((((20,21),(22,23)),24),(17,(18,19)))));
Tree Score: 14331.809949837758
Total Score Improvement: 0.45504339722294507

--------------ITERATION 10--------------
Input tree: ((((((0,(1,2)),(3,(4,5))),(6,(7,(8,9)))),(((10,(11,12)),((13,14),(15,(16,17)))),((((18,19),20),(((21,22),23),24)),25))),((26,27),(28,29))),(((30,31),(32,33)),((34,35),36)));
Initial Score: 11734.82480193628

Step Number: 1
Time Spent: 9.712079868 seconds
New Tree:
Tree: ((((((0,(1,2)),(3,(4,5))),((8,9),(7,6))),(((10,(11,12)),((13,14),(15,(16,17)))),((((18,19),20),(((21,22),23),24)),25))),((26,27),(28,29))),(((30,31),(32,33)),((34,35),36)));
Tree Score: 11907.985375742894
Score Improvement: 0.014756127741936353

Step Number: 2
Time Spent: 9.17629246 seconds
New Tree:
Tree: ((((((4,5),(3,(0,(1,2)))),((8,9),(7,6))),(((10,(11,12)),((13,14),(15,(16,17)))),((((18,19),20),(((21,22),23),24)),25))),((26,27),(28,29))),(((30,31),(32,33)),((34,35),36)));
Tree Score: 11941.947451050859
Score Improvement: 0.0028520420739805985

Step Number: 3
Time Spent: 8.590810675 seconds
New Tree:
Tree: ((((((4,5),(3,(0,(1,2)))),((8,9),(7,6))),(((10,(11,12)),((13,14),(15,(16,17)))),((((18,19),20),((24,23),(21,22))),25))),((26,27),(28,29))),(((30,31),(32,33)),((34,35),36)));
Tree Score: 11955.347651093733
Score Improvement: 0.0011221117910458211

Step Number: 4
Time Spent: 8.014291622 seconds
New Tree:
Tree: ((((((4,5),(3,(0,(1,2)))),((8,9),(7,6))),(((10,(11,12)),((13,14),(15,(16,17)))),(((24,23),(((18,19),20),(21,22))),25))),((26,27),(28,29))),(((30,31),(32,33)),((34,35),36)));
Tree Score: 12045.003676341381
Score Improvement: 0.007499240328611156

Step Number: 5
Time Spent: 8.575516622 seconds
New Tree:
Tree: ((((((4,5),(3,(0,(1,2)))),((8,9),(7,6))),(((10,(11,12)),((13,14),(15,(16,17)))),(((24,23),25),(((18,19),20),(21,22))))),((26,27),(28,29))),(((30,31),(32,33)),((34,35),36)));
Tree Score: 12333.07552598184
Score Improvement: 0.023916294040348562

Step Number: 6
Time Spent: 7.984517654 seconds
New Tree:
Tree: ((((((4,5),(3,(0,(1,2)))),((8,9),(7,6))),(((10,(11,12)),((13,14),(15,(16,17)))),(((24,23),25),(((18,19),20),(21,22))))),((26,27),(28,29))),(((30,31),(32,33)),((34,35),36)));
Tree Score: 12333.07552598184
Score Improvement: 0.0

TOTAL STEPS: 6
TOTAL TIME: 52.053508901 seconds
Final tree: Tree: ((((((4,5),(3,(0,(1,2)))),((8,9),(7,6))),(((10,(11,12)),((13,14),(15,(16,17)))),(((24,23),25),(((18,19),20),(21,22))))),((26,27),(28,29))),(((30,31),(32,33)),((34,35),36)));
Tree Score: 12333.07552598184
Total Score Improvement: 0.0509807972545826

===========================================================
RESULTS FROM 10 ITERATION(S):
AVERAGE TIME PER RUN: 93.16302287 seconds
AVERAGE IMPROVEMENT: 0.3141550981405906
BEST Tree: ((((33,34),35),(0,36)),(((1,2),(5,(3,4))),((((32,(30,31)),(27,(28,29))),((20,((21,22),23)),((24,25),26))),((((9,(10,11)),(12,13)),((7,8),6)),((14,(15,16)),(17,(18,19)))))));
Tree Score: 15571.624135082711
BEST'S IMPROVEMENT :0.8108899586533658
