--------------ITERATION 1--------------
Input tree: (((0,((1,2),(3,(4,5)))),((6,(((7,8),9),(((10,(11,12)),13),14))),((((15,16),(17,18)),(19,(20,(21,22)))),((23,((24,(25,26)),27)),(28,((29,30),31)))))),((32,33),((34,35),36)));
Initial Score: 11822.734350112267

Step Number: 1
Time Spent: 47.978886702 seconds
New Tree:
Tree: (((0,((1,2),(3,(4,5)))),(((23,((24,(25,26)),27)),(28,((29,30),31))),((((15,16),(17,18)),(19,(20,(21,22)))),(6,(((7,8),9),(((10,(11,12)),13),14)))))),((32,33),((34,35),36)));
Tree Score: 15267.698525594082
Score Improvement: 0.29138472314986097

Step Number: 2
Time Spent: 40.840494313 seconds
New Tree:
Tree: (((0,((1,2),(3,(4,5)))),(((23,((24,(25,26)),27)),(28,((29,30),31))),((((15,16),(17,18)),(19,(20,(21,22)))),((((10,(11,12)),13),14),(((7,8),9),6))))),((32,33),((34,35),36)));
Tree Score: 16911.660276881885
Score Improvement: 0.10767580644403862

Step Number: 3
Time Spent: 37.929232482 seconds
New Tree:
Tree: ((((((23,((24,(25,26)),27)),(28,((29,30),31))),((((15,16),(17,18)),(19,(20,(21,22)))),((((10,(11,12)),13),14),(((7,8),9),6)))),((1,2),(3,(4,5)))),0),((32,33),((34,35),36)));
Tree Score: 17401.40487675881
Score Improvement: 0.02895898994295676

Step Number: 4
Time Spent: 39.263956192 seconds
New Tree:
Tree: ((((((23,((24,(25,26)),27)),(28,((29,30),31))),((((15,16),(17,18)),(19,(20,(21,22)))),((((10,(11,12)),13),14),((6,9),(7,8))))),((1,2),(3,(4,5)))),0),((32,33),((34,35),36)));
Tree Score: 17549.42060164502
Score Improvement: 0.008505964083618256

Step Number: 5
Time Spent: 39.229638212 seconds
New Tree:
Tree: ((((((23,((24,(25,26)),27)),(28,((29,30),31))),((((15,16),(17,18)),((21,22),(20,19))),((((10,(11,12)),13),14),((6,9),(7,8))))),((1,2),(3,(4,5)))),0),((32,33),((34,35),36)));
Tree Score: 17645.457651154604
Score Improvement: 0.005472377219142066

Step Number: 6
Time Spent: 39.219760488 seconds
New Tree:
Tree: (((((((24,(25,26)),(23,27)),(28,((29,30),31))),((((15,16),(17,18)),((21,22),(20,19))),((((10,(11,12)),13),14),((6,9),(7,8))))),((1,2),(3,(4,5)))),0),((32,33),((34,35),36)));
Tree Score: 17718.145376218017
Score Improvement: 0.004119344847859807

Step Number: 7
Time Spent: 39.237444861 seconds
New Tree:
Tree: (((((((24,(25,26)),(23,27)),((29,30),(28,31))),((((15,16),(17,18)),((21,22),(20,19))),((((10,(11,12)),13),14),((6,9),(7,8))))),((1,2),(3,(4,5)))),0),((32,33),((34,35),36)));
Tree Score: 17775.05355146015
Score Improvement: 0.0032118584667737426

Step Number: 8
Time Spent: 39.213683389 seconds
New Tree:
Tree: (((((((24,(25,26)),(23,27)),((29,30),(28,31))),((((15,16),(17,18)),((21,22),(20,19))),((((10,13),(11,12)),14),((6,9),(7,8))))),((1,2),(3,(4,5)))),0),((32,33),((34,35),36)));
Tree Score: 17830.959976846818
Score Improvement: 0.0031452183941282907

Step Number: 9
Time Spent: 39.173515572 seconds
New Tree:
Tree: (((((((24,(25,26)),(23,27)),((29,30),(28,31))),((((15,16),(17,18)),((21,22),(20,19))),((((10,13),(11,12)),14),((6,9),(7,8))))),((1,2),(3,(4,5)))),((34,35),36)),((32,33),0));
Tree Score: 17865.85382715473
Score Improvement: 0.001956924941406424

Step Number: 10
Time Spent: 39.08455789 seconds
New Tree:
Tree: (((((((24,(25,26)),(23,27)),((29,30),(28,31))),((((15,16),(17,18)),((21,22),(20,19))),((((10,13),14),(11,12)),((6,9),(7,8))))),((1,2),(3,(4,5)))),((34,35),36)),((32,33),0));
Tree Score: 17899.688276900444
Score Improvement: 0.0018938053603847482

Step Number: 11
Time Spent: 39.050073478 seconds
New Tree:
Tree: (((((((24,(25,26)),(23,27)),((29,30),(28,31))),((((15,16),(17,18)),((21,22),(20,19))),((((10,13),14),(11,12)),((6,9),(7,8))))),((1,2),(3,(4,5)))),((34,35),36)),((0,33),32));
Tree Score: 17932.12992683286
Score Improvement: 0.0018124142404356558

Step Number: 12
Time Spent: 39.07446806 seconds
New Tree:
Tree: (((((((24,(25,26)),(23,27)),((29,30),(28,31))),((((15,16),(17,18)),((21,22),(20,19))),((((10,13),14),(11,12)),((6,9),(7,8))))),((1,2),(5,(4,3)))),((34,35),36)),((0,33),32));
Tree Score: 17958.75825189124
Score Improvement: 0.0014849504864749008

Step Number: 13
Time Spent: 39.154222266 seconds
New Tree:
Tree: (((((((24,(25,26)),(23,27)),((29,30),(28,31))),((((15,16),(17,18)),((21,22),(20,19))),((((10,14),13),(11,12)),((6,9),(7,8))))),((1,2),(5,(4,3)))),((34,35),36)),((0,33),32));
Tree Score: 17962.122752160532
Score Improvement: 1.8734593016422885E-4

Step Number: 14
Time Spent: 39.461004016 seconds
New Tree:
Tree: (((((((24,(25,26)),(23,27)),((29,30),(28,31))),((((15,16),(17,18)),((21,22),(20,19))),((((10,14),13),(11,12)),((6,9),(7,8))))),((1,2),(5,(4,3)))),((36,35),34)),((0,33),32));
Tree Score: 17963.23102700035
Score Improvement: 6.17006606129511E-5

Step Number: 15
Time Spent: 39.923896049 seconds
New Tree:
Tree: (((((((24,(25,26)),(23,27)),((29,30),(28,31))),((((15,16),(17,18)),((21,22),(20,19))),((((10,14),13),(11,12)),((6,9),(7,8))))),((1,2),(5,(4,3)))),((36,35),34)),((0,33),32));
Tree Score: 17963.23102700035
Score Improvement: 0.0

TOTAL STEPS: 15
TOTAL TIME: 597.83483397 seconds
Final tree: Tree: (((((((24,(25,26)),(23,27)),((29,30),(28,31))),((((15,16),(17,18)),((21,22),(20,19))),((((10,14),13),(11,12)),((6,9),(7,8))))),((1,2),(5,(4,3)))),((36,35),34)),((0,33),32));
Tree Score: 17963.23102700035
Total Score Improvement: 0.5193804153122814

--------------ITERATION 2--------------
Input tree: (((((0,(1,((2,3),((4,5),6)))),(((7,8),9),((10,((11,(12,(13,14))),15)),((16,17),18)))),(((19,20),((21,22),((23,24),25))),((26,27),((28,29),((30,(31,32)),33))))),34),(35,36));
Initial Score: 10321.834527635467

Step Number: 1
Time Spent: 39.644212858 seconds
New Tree:
Tree: (((((((19,20),((21,22),((23,24),25))),((26,27),((28,29),((30,(31,32)),33)))),(((7,8),9),((10,((11,(12,(13,14))),15)),((16,17),18)))),(0,(1,((2,3),((4,5),6))))),34),(35,36));
Tree Score: 12880.6030047573
Score Improvement: 0.24789861436656824

Step Number: 2
Time Spent: 40.207553629 seconds
New Tree:
Tree: (((((((19,20),((21,22),((23,24),25))),(((30,(31,32)),33),((28,29),(26,27)))),(((7,8),9),((10,((11,(12,(13,14))),15)),((16,17),18)))),(0,(1,((2,3),((4,5),6))))),34),(35,36));
Tree Score: 13375.479655416668
Score Improvement: 0.03842030147785702

Step Number: 3
Time Spent: 40.277802158 seconds
New Tree:
Tree: (((((((19,20),((21,22),((23,24),25))),(((30,(31,32)),33),((28,29),(26,27)))),((10,((11,(12,(13,14))),15)),(((7,8),9),((16,17),18)))),(0,(1,((2,3),((4,5),6))))),34),(35,36));
Tree Score: 13831.219480622254
Score Improvement: 0.0340727837017063

Step Number: 4
Time Spent: 40.278268347 seconds
New Tree:
Tree: (((0,(((((19,20),((21,22),((23,24),25))),(((30,(31,32)),33),((28,29),(26,27)))),((10,((11,(12,(13,14))),15)),(((7,8),9),((16,17),18)))),(1,((2,3),((4,5),6))))),34),(35,36));
Tree Score: 14155.711180373837
Score Improvement: 0.023460816322537603

Step Number: 5
Time Spent: 40.349110946 seconds
New Tree:
Tree: (((0,(((((19,20),((21,22),((23,24),25))),(((30,(31,32)),33),((28,29),(26,27)))),(((11,(12,(13,14))),(10,15)),(((7,8),9),((16,17),18)))),(1,((2,3),((4,5),6))))),34),(35,36));
Tree Score: 14310.281780365665
Score Improvement: 0.010919310094863466

Step Number: 6
Time Spent: 40.360920758 seconds
New Tree:
Tree: (((0,34),(((((19,20),((21,22),((23,24),25))),(((30,(31,32)),33),((28,29),(26,27)))),(((11,(12,(13,14))),(10,15)),(((7,8),9),((16,17),18)))),(1,((2,3),((4,5),6))))),(35,36));
Tree Score: 14459.37955602612
Score Improvement: 0.010418926611565738

Step Number: 7
Time Spent: 39.418405861 seconds
New Tree:
Tree: (((0,34),(((((19,20),((21,22),((23,24),25))),(((30,(31,32)),33),((28,29),(26,27)))),(((11,(10,15)),(12,(13,14))),(((7,8),9),((16,17),18)))),(1,((2,3),((4,5),6))))),(35,36));
Tree Score: 14587.662806018998
Score Improvement: 0.00887197472725676

Step Number: 8
Time Spent: 39.208800436 seconds
New Tree:
Tree: (((0,34),(((((19,20),((21,22),((23,24),25))),(((30,(31,32)),33),((28,29),(26,27)))),(((11,(10,15)),(12,(13,14))),(((7,8),9),((16,17),18)))),((2,3),(1,((4,5),6))))),(35,36));
Tree Score: 14703.572655875669
Score Improvement: 0.007945745072256871

Step Number: 9
Time Spent: 39.201197514 seconds
New Tree:
Tree: (((0,34),(((((19,20),((21,22),((23,24),25))),(((30,(31,32)),33),((28,29),(26,27)))),(((11,(10,15)),(12,(13,14))),((((16,17),18),9),(7,8)))),((2,3),(1,((4,5),6))))),(35,36));
Tree Score: 14766.939155563214
Score Improvement: 0.004309598841763407

Step Number: 10
Time Spent: 39.297577158 seconds
New Tree:
Tree: (((0,34),(((((19,20),((21,22),((23,24),25))),(((30,(31,32)),33),((28,29),(26,27)))),(((11,(10,15)),(12,(13,14))),(((9,18),(16,17)),(7,8)))),((2,3),(1,((4,5),6))))),(35,36));
Tree Score: 14838.50843086719
Score Improvement: 0.004846588351859804

Step Number: 11
Time Spent: 39.211688023 seconds
New Tree:
Tree: (((0,34),(((((19,20),((21,22),((23,24),25))),(((30,33),(31,32)),((28,29),(26,27)))),(((11,(10,15)),(12,(13,14))),(((9,18),(16,17)),(7,8)))),((2,3),(1,((4,5),6))))),(35,36));
Tree Score: 14887.268055683668
Score Improvement: 0.003286019281766084

Step Number: 12
Time Spent: 39.140294308 seconds
New Tree:
Tree: (((0,34),(((((19,20),((21,22),((23,24),25))),(((30,33),(31,32)),((28,29),(26,27)))),(((11,(10,15)),(12,(13,14))),(((9,18),(16,17)),(7,8)))),((2,3),(6,((4,5),1))))),(35,36));
Tree Score: 14927.559605672981
Score Improvement: 0.0027064435085475402

Step Number: 13
Time Spent: 40.888554894 seconds
New Tree:
Tree: (((0,34),(((((19,20),((21,22),((23,24),25))),(((30,33),(31,32)),((28,29),(26,27)))),(((11,(10,15)),(12,(13,14))),(((7,8),(16,17)),(9,18)))),((2,3),(6,((4,5),1))))),(35,36));
Tree Score: 14949.93655538806
Score Improvement: 0.0014990360317552742

Step Number: 14
Time Spent: 39.1309515 seconds
New Tree:
Tree: (((0,34),(((((19,20),(25,((23,24),(21,22)))),(((30,33),(31,32)),((28,29),(26,27)))),(((11,(10,15)),(12,(13,14))),(((7,8),(16,17)),(9,18)))),((2,3),(6,((4,5),1))))),(35,36));
Tree Score: 14959.072780043494
Score Improvement: 6.111212995176807E-4

Step Number: 15
Time Spent: 26.61232214 seconds
New Tree:
Tree: (((0,34),(((((19,20),(25,((23,24),(21,22)))),(((30,33),(31,32)),((28,29),(26,27)))),(((15,(10,11)),(12,(13,14))),(((7,8),(16,17)),(9,18)))),((2,3),(6,((4,5),1))))),(35,36));
Tree Score: 14967.913779941064
Score Improvement: 5.910125599071225E-4

Step Number: 16
Time Spent: 20.381209021 seconds
New Tree:
Tree: (((0,34),(((((19,20),(25,((23,24),(21,22)))),(((30,33),(31,32)),((28,29),(26,27)))),(((15,(10,11)),(14,(13,12))),(((7,8),(16,17)),(9,18)))),((2,3),(6,((4,5),1))))),(35,36));
Tree Score: 14974.763879921895
Score Improvement: 4.576522875225919E-4

Step Number: 17
Time Spent: 20.380943625 seconds
New Tree:
Tree: (((0,34),(((((19,20),(25,((23,24),(21,22)))),(((30,33),(31,32)),((28,29),(26,27)))),(((15,(10,11)),(14,(13,12))),(((7,8),(16,17)),(9,18)))),((2,3),(6,((4,5),1))))),(35,36));
Tree Score: 14974.763879921895
Score Improvement: 0.0

TOTAL STEPS: 17
TOTAL TIME: 623.989813176 seconds
Final tree: Tree: (((0,34),(((((19,20),(25,((23,24),(21,22)))),(((30,33),(31,32)),((28,29),(26,27)))),(((15,(10,11)),(14,(13,12))),(((7,8),(16,17)),(9,18)))),((2,3),(6,((4,5),1))))),(35,36));
Tree Score: 14974.763879921895
Total Score Improvement: 0.45078511381177155

--------------ITERATION 3--------------
Input tree: (((((((0,1),(2,3)),((4,5),6)),7),(8,9)),((10,(((11,(12,13)),(14,((15,16),((17,18),(19,20))))),21)),(((22,23),24),(25,26)))),(((27,28),((29,30),((31,32),(33,34)))),(35,36)));
Initial Score: 7990.731898742335

Step Number: 1
Time Spent: 19.98209486 seconds
New Tree:
Tree: (((((22,23),24),(25,26)),((10,(((11,(12,13)),(14,((15,16),((17,18),(19,20))))),21)),(((((0,1),(2,3)),((4,5),6)),7),(8,9)))),(((27,28),((29,30),((31,32),(33,34)))),(35,36)));
Tree Score: 9333.830822744218
Score Improvement: 0.16808209072979574

Step Number: 2
Time Spent: 19.836369346 seconds
New Tree:
Tree: (((((22,23),24),(25,26)),((((11,(12,13)),(14,((15,16),((17,18),(19,20))))),(10,21)),(((((0,1),(2,3)),((4,5),6)),7),(8,9)))),(((27,28),((29,30),((31,32),(33,34)))),(35,36)));
Tree Score: 10234.43372326046
Score Improvement: 0.09648802486559926

Step Number: 3
Time Spent: 19.830626507 seconds
New Tree:
Tree: (((((22,23),24),(25,26)),((((11,(12,13)),(10,21)),(14,((15,16),((17,18),(19,20))))),(((((0,1),(2,3)),((4,5),6)),7),(8,9)))),(((27,28),((29,30),((31,32),(33,34)))),(35,36)));
Tree Score: 11338.519298593324
Score Improvement: 0.1078794982885607

Step Number: 4
Time Spent: 19.597368213 seconds
New Tree:
Tree: (((((22,23),24),(25,26)),(35,36)),(((27,28),((29,30),((31,32),(33,34)))),((((11,(12,13)),(10,21)),(14,((15,16),((17,18),(19,20))))),(((((0,1),(2,3)),((4,5),6)),7),(8,9)))));
Tree Score: 11831.595647994473
Score Improvement: 0.043486837779807885

Step Number: 5
Time Spent: 19.441846621 seconds
New Tree:
Tree: (((((22,23),24),(25,26)),(35,36)),(((27,28),((29,30),((31,32),(33,34)))),((((11,(12,13)),(10,21)),(((17,18),(19,20)),((15,16),14))),(((((0,1),(2,3)),((4,5),6)),7),(8,9)))));
Tree Score: 12266.023023638918
Score Improvement: 0.03671756444094543

Step Number: 6
Time Spent: 19.552814713 seconds
New Tree:
Tree: (((((22,23),24),(25,26)),(35,36)),(((27,28),((29,30),((31,32),(33,34)))),((((11,(12,13)),(10,21)),(((17,18),(19,20)),((15,16),14))),(((8,9),7),(((0,1),(2,3)),((4,5),6))))));
Tree Score: 12648.83029855683
Score Improvement: 0.031208752354383362

Step Number: 7
Time Spent: 19.158443123 seconds
New Tree:
Tree: (((((22,23),24),(25,26)),(35,36)),((((31,32),(33,34)),((29,30),(27,28))),((((11,(12,13)),(10,21)),(((17,18),(19,20)),((15,16),14))),(((8,9),7),(((0,1),(2,3)),((4,5),6))))));
Tree Score: 12937.195722013072
Score Improvement: 0.022797793681297307

Step Number: 8
Time Spent: 19.227881633 seconds
New Tree:
Tree: (((((22,23),24),(25,26)),(35,36)),((((31,32),(33,34)),((29,30),(27,28))),((((11,(12,13)),(10,21)),(((17,18),(19,20)),((15,16),14))),(((4,5),6),(((0,1),(2,3)),((8,9),7))))));
Tree Score: 13206.68412182972
Score Improvement: 0.02083051115614687

Step Number: 9
Time Spent: 19.199828624 seconds
New Tree:
Tree: (((((22,23),24),(25,26)),(35,36)),((((31,32),(33,34)),((29,30),(27,28))),((((11,(12,13)),(10,21)),(((17,18),(19,20)),((15,16),14))),(((6,5),4),(((0,1),(2,3)),((8,9),7))))));
Tree Score: 13341.45844654193
Score Improvement: 0.010205008575122854

Step Number: 10
Time Spent: 19.206750803 seconds
New Tree:
Tree: (((((22,23),24),(25,26)),(35,36)),((((31,32),(33,34)),((29,30),(27,28))),((((11,(10,21)),(12,13)),(((17,18),(19,20)),((15,16),14))),(((6,5),4),(((0,1),(2,3)),((8,9),7))))));
Tree Score: 13422.244096778462
Score Improvement: 0.006055233808225147

Step Number: 11
Time Spent: 19.217463129 seconds
New Tree:
Tree: ((((35,36),(25,26)),((22,23),24)),((((31,32),(33,34)),((29,30),(27,28))),((((11,(10,21)),(12,13)),(((17,18),(19,20)),((15,16),14))),(((6,5),4),(((0,1),(2,3)),((8,9),7))))));
Tree Score: 13492.220721131436
Score Improvement: 0.005213481728421954

Step Number: 12
Time Spent: 19.141066822 seconds
New Tree:
Tree: ((((35,36),(25,26)),((22,23),24)),((((31,32),(33,34)),((29,30),(27,28))),((((11,(10,21)),(12,13)),(((17,18),(19,20)),((15,16),14))),(((6,5),4),(((0,1),(2,3)),((8,7),9))))));
Tree Score: 13517.989546699695
Score Improvement: 0.0019099024616384686

Step Number: 13
Time Spent: 19.140076123 seconds
New Tree:
Tree: ((((35,36),(25,26)),((22,23),24)),((((31,32),(33,34)),((29,30),(27,28))),((((21,(10,11)),(12,13)),(((17,18),(19,20)),((15,16),14))),(((6,5),4),(((0,1),(2,3)),((8,7),9))))));
Tree Score: 13532.809171600513
Score Improvement: 0.0010962891226999893

Step Number: 14
Time Spent: 20.663923395 seconds
New Tree:
Tree: ((((35,36),(25,26)),((22,23),24)),((((31,32),(33,34)),((29,30),(27,28))),((((21,(10,11)),(12,13)),(((17,18),(19,20)),((15,16),14))),(((6,5),4),(((0,1),(2,3)),((8,7),9))))));
Tree Score: 13532.809171600513
Score Improvement: 0.0

TOTAL STEPS: 14
TOTAL TIME: 273.196553912 seconds
Final tree: Tree: ((((35,36),(25,26)),((22,23),24)),((((31,32),(33,34)),((29,30),(27,28))),((((21,(10,11)),(12,13)),(((17,18),(19,20)),((15,16),14))),(((6,5),4),(((0,1),(2,3)),((8,7),9))))));
Tree Score: 13532.809171600513
Total Score Improvement: 0.6935631608076411

--------------ITERATION 4--------------
Input tree: ((((0,((1,2),3)),(4,5)),(6,(7,8))),(((((9,10),11),12),13),(((((14,((15,16),17)),18),19),((20,21),(22,(23,24)))),((((25,26),27),(28,(29,30))),((31,32),(33,((34,35),36)))))));
Initial Score: 12364.168427095865

Step Number: 1
Time Spent: 19.555255037 seconds
New Tree:
Tree: ((((0,((1,2),3)),(4,5)),(((((14,((15,16),17)),18),19),((20,21),(22,(23,24)))),((((25,26),27),(28,(29,30))),((31,32),(33,((34,35),36)))))),(((((9,10),11),12),13),(6,(7,8))));
Tree Score: 12914.014902912662
Score Improvement: 0.04447096293284214

Step Number: 2
Time Spent: 19.686013774 seconds
New Tree:
Tree: ((((((14,((15,16),17)),18),19),((20,21),(22,(23,24)))),(((0,((1,2),3)),(4,5)),((((25,26),27),(28,(29,30))),((31,32),(33,((34,35),36)))))),(((((9,10),11),12),13),(6,(7,8))));
Tree Score: 14485.718776972615
Score Improvement: 0.12170528575938588

Step Number: 3
Time Spent: 19.660542657 seconds
New Tree:
Tree: (((((19,18),(14,((15,16),17))),((20,21),(22,(23,24)))),(((0,((1,2),3)),(4,5)),((((25,26),27),(28,(29,30))),((31,32),(33,((34,35),36)))))),(((((9,10),11),12),13),(6,(7,8))));
Tree Score: 14700.803402002552
Score Improvement: 0.014848046433971085

Step Number: 4
Time Spent: 19.430343133 seconds
New Tree:
Tree: (((((19,18),(14,((15,16),17))),((20,21),(22,(23,24)))),(((0,(4,5)),((1,2),3)),((((25,26),27),(28,(29,30))),((31,32),(33,((34,35),36)))))),(((((9,10),11),12),13),(6,(7,8))));
Tree Score: 14838.474652405479
Score Improvement: 0.009364879363271683

Step Number: 5
Time Spent: 19.396986936 seconds
New Tree:
Tree: (((((19,18),(14,((15,16),17))),((20,21),(22,(23,24)))),(((0,(4,5)),((1,2),3)),((((25,26),27),(28,(29,30))),((31,32),(33,((34,35),36)))))),(((6,(7,8)),13),(((9,10),11),12)));
Tree Score: 14941.628777034231
Score Improvement: 0.0069518011146805225

Step Number: 6
Time Spent: 19.360946738 seconds
New Tree:
Tree: (((((19,18),(14,((15,16),17))),((20,21),(22,(23,24)))),(((0,(4,5)),((1,2),3)),((((25,26),27),(28,(29,30))),((31,32),(33,((34,35),36)))))),(((6,13),(7,8)),(((9,10),11),12)));
Tree Score: 15070.875776867964
Score Improvement: 0.008650127891839388

Step Number: 7
Time Spent: 19.332753837 seconds
New Tree:
Tree: (((((19,18),(14,((15,16),17))),((20,21),(22,(23,24)))),(((0,(4,5)),((1,2),3)),((((25,26),27),(28,(29,30))),((31,32),((34,35),(33,36)))))),(((6,13),(7,8)),(((9,10),11),12)));
Tree Score: 15143.829052000889
Score Improvement: 0.004840679215530441

Step Number: 8
Time Spent: 19.340938887 seconds
New Tree:
Tree: (((((19,18),(14,((15,16),17))),((20,21),(22,(23,24)))),(((0,(4,5)),((1,2),3)),((((25,26),27),(28,(29,30))),((34,35),((31,32),(33,36)))))),(((6,13),(7,8)),(((9,10),11),12)));
Tree Score: 15270.16175228695
Score Improvement: 0.008342190066479072

Step Number: 9
Time Spent: 19.331602923 seconds
New Tree:
Tree: ((((((15,16),17),(14,(19,18))),((20,21),(22,(23,24)))),(((0,(4,5)),((1,2),3)),((((25,26),27),(28,(29,30))),((34,35),((31,32),(33,36)))))),(((6,13),(7,8)),(((9,10),11),12)));
Tree Score: 15337.93442685611
Score Improvement: 0.004438242087318578

Step Number: 10
Time Spent: 19.369219019 seconds
New Tree:
Tree: ((((((15,16),17),(14,(19,18))),((20,21),(22,(23,24)))),(((4,(0,5)),((1,2),3)),((((25,26),27),(28,(29,30))),((34,35),((31,32),(33,36)))))),(((6,13),(7,8)),(((9,10),11),12)));
Tree Score: 15369.310876824777
Score Improvement: 0.0020456763665468447

Step Number: 11
Time Spent: 27.234318206 seconds
New Tree:
Tree: ((((((15,16),17),(14,(19,18))),((20,21),(23,(22,24)))),(((4,(0,5)),((1,2),3)),((((25,26),27),(28,(29,30))),((34,35),((31,32),(33,36)))))),(((6,13),(7,8)),(((9,10),11),12)));
Tree Score: 15389.624726808514
Score Improvement: 0.00132171508186274

Step Number: 12
Time Spent: 28.376614373 seconds
New Tree:
Tree: ((((((15,16),17),(14,(19,18))),((22,24),(23,(20,21)))),(((4,(0,5)),((1,2),3)),((((25,26),27),(28,(29,30))),((34,35),((31,32),(33,36)))))),(((6,13),(7,8)),(((9,10),11),12)));
Tree Score: 15409.935751445359
Score Improvement: 0.0013197868692316206

Step Number: 13
Time Spent: 28.35721889 seconds
New Tree:
Tree: ((((((15,16),17),(19,(14,18))),((22,24),(23,(20,21)))),(((4,(0,5)),((1,2),3)),((((25,26),27),(28,(29,30))),((34,35),((31,32),(33,36)))))),(((6,13),(7,8)),(((9,10),11),12)));
Tree Score: 15428.367326428881
Score Improvement: 0.0011960838306410704

Step Number: 14
Time Spent: 20.113673324 seconds
New Tree:
Tree: ((((((15,16),17),(19,(14,18))),((22,24),(23,(20,21)))),(((4,(0,5)),((3,2),1)),((((25,26),27),(28,(29,30))),((34,35),((31,32),(33,36)))))),(((6,13),(7,8)),(((9,10),11),12)));
Tree Score: 15437.848451634636
Score Improvement: 6.145255039082809E-4

Step Number: 15
Time Spent: 21.555793304 seconds
New Tree:
Tree: ((((((15,16),17),(19,(14,18))),((22,24),(20,(23,21)))),(((4,(0,5)),((3,2),1)),((((25,26),27),(28,(29,30))),((34,35),((31,32),(33,36)))))),(((6,13),(7,8)),(((9,10),11),12)));
Tree Score: 15446.11297664023
Score Improvement: 5.353417629072599E-4

Step Number: 16
Time Spent: 25.864655276 seconds
New Tree:
Tree: ((((((15,16),17),(19,(14,18))),((22,24),(20,(23,21)))),(((4,(0,5)),((3,2),1)),((((25,26),27),(28,(29,30))),((34,35),((31,32),(33,36)))))),(((6,13),(7,8)),(((11,10),9),12)));
Tree Score: 15448.916701581096
Score Improvement: 1.8151653720943628E-4

Step Number: 17
Time Spent: 19.399614155 seconds
New Tree:
Tree: ((((((15,16),17),(19,(14,18))),((23,21),(20,(22,24)))),(((4,(0,5)),((3,2),1)),((((25,26),27),(28,(29,30))),((34,35),((31,32),(33,36)))))),(((6,13),(7,8)),(((11,10),9),12)));
Tree Score: 15451.176951981732
Score Improvement: 1.4630478267796398E-4

Step Number: 18
Time Spent: 19.40189594 seconds
New Tree:
Tree: ((((((15,16),17),(19,(14,18))),((23,21),(20,(22,24)))),(((4,(0,5)),((3,2),1)),((((25,26),27),(30,(29,28))),((34,35),((31,32),(33,36)))))),(((6,13),(7,8)),(((11,10),9),12)));
Tree Score: 15452.398351933458
Score Improvement: 7.904899125299458E-5

Step Number: 19
Time Spent: 19.390064687 seconds
New Tree:
Tree: ((((((15,16),17),(19,(14,18))),((23,21),(20,(22,24)))),(((4,(0,5)),((3,2),1)),((((25,27),26),(30,(29,28))),((34,35),((31,32),(33,36)))))),(((6,13),(7,8)),(((11,10),9),12)));
Tree Score: 15453.345601945766
Score Improvement: 6.130116443636702E-5

Step Number: 20
Time Spent: 19.403528968 seconds
New Tree:
Tree: ((((((15,16),17),(19,(14,18))),((23,21),(20,(22,24)))),(((4,(0,5)),((3,2),1)),((((25,27),26),(30,(29,28))),((34,35),((31,32),(33,36)))))),(((6,13),(7,8)),(((11,10),9),12)));
Tree Score: 15453.345601945766
Score Improvement: 0.0

TOTAL STEPS: 20
TOTAL TIME: 423.561980064 seconds
Final tree: Tree: ((((((15,16),17),(19,(14,18))),((23,21),(20,(22,24)))),(((4,(0,5)),((3,2),1)),((((25,27),26),(30,(29,28))),((34,35),((31,32),(33,36)))))),(((6,13),(7,8)),(((11,10),9),12)));
Tree Score: 15453.345601945766
Total Score Improvement: 0.2498491664089615

--------------ITERATION 5--------------
Input tree: ((((0,(((1,2),3),4)),(((5,6),((7,8),9)),10)),((11,(12,13)),14)),((15,((((16,17),(18,19)),20),21)),((22,(23,24)),((25,26),((27,((28,(29,30)),31)),(((32,(33,34)),35),36))))));
Initial Score: 9012.890999626556

Step Number: 1
Time Spent: 19.564923236 seconds
New Tree:
Tree: ((((0,(((1,2),3),4)),(((5,6),((7,8),9)),10)),((11,(12,13)),14)),((15,((((16,17),(18,19)),20),21)),(((27,((28,(29,30)),31)),(((32,(33,34)),35),36)),((25,26),(22,(23,24))))));
Tree Score: 10561.268423819054
Score Improvement: 0.17179586708156735

Step Number: 2
Time Spent: 20.482674019 seconds
New Tree:
Tree: ((((0,(((1,2),3),4)),(((5,6),((7,8),9)),10)),((11,(12,13)),14)),(((((16,17),(18,19)),20),(15,21)),(((27,((28,(29,30)),31)),(((32,(33,34)),35),36)),((25,26),(22,(23,24))))));
Tree Score: 11296.771524363268
Score Improvement: 0.06964154976739523

Step Number: 3
Time Spent: 20.563089972 seconds
New Tree:
Tree: ((((0,(((1,2),3),4)),(((5,6),((7,8),9)),10)),((11,(12,13)),14)),((((15,21),20),((16,17),(18,19))),(((27,((28,(29,30)),31)),(((32,(33,34)),35),36)),((25,26),(22,(23,24))))));
Tree Score: 11715.506499029301
Score Improvement: 0.03706678264342744

Step Number: 4
Time Spent: 20.323830147 seconds
New Tree:
Tree: ((((0,(((1,2),3),4)),(((5,6),((7,8),9)),10)),((11,(12,13)),14)),((((15,21),20),((16,17),(18,19))),(((27,((28,(29,30)),31)),((25,26),(22,(23,24)))),(((32,(33,34)),35),36))));
Tree Score: 12013.741701731762
Score Improvement: 0.02545644976827699

Step Number: 5
Time Spent: 20.307711407 seconds
New Tree:
Tree: ((((0,(((1,2),3),4)),(((5,6),10),((7,8),9))),((11,(12,13)),14)),((((15,21),20),((16,17),(18,19))),(((27,((28,(29,30)),31)),((25,26),(22,(23,24)))),(((32,(33,34)),35),36))));
Tree Score: 12283.10625137313
Score Improvement: 0.022421370155023324

Step Number: 6
Time Spent: 20.204856218 seconds
New Tree:
Tree: ((((0,(((1,2),3),4)),((11,(12,13)),14)),(((5,6),10),((7,8),9))),((((15,21),20),((16,17),(18,19))),(((27,((28,(29,30)),31)),((25,26),(22,(23,24)))),(((32,(33,34)),35),36))));
Tree Score: 12605.999676226245
Score Improvement: 0.02628760333462221

Step Number: 7
Time Spent: 20.093179099 seconds
New Tree:
Tree: ((((((1,2),3),(0,4)),((11,(12,13)),14)),(((5,6),10),((7,8),9))),((((15,21),20),((16,17),(18,19))),(((27,((28,(29,30)),31)),((25,26),(22,(23,24)))),(((32,(33,34)),35),36))));
Tree Score: 12821.139651697667
Score Improvement: 0.017066474773687057

Step Number: 8
Time Spent: 20.089966119 seconds
New Tree:
Tree: ((((((1,2),3),(0,4)),((11,(12,13)),14)),(((5,6),10),((7,8),9))),((((15,21),20),((16,17),(18,19))),(((27,((28,(29,30)),31)),((25,26),(22,(23,24)))),((36,35),(32,(33,34))))));
Tree Score: 12968.97500231264
Score Improvement: 0.011530593584587967

Step Number: 9
Time Spent: 19.911590085 seconds
New Tree:
Tree: ((((((1,2),3),(0,4)),((11,(12,13)),14)),(((5,6),10),((7,8),9))),((((15,21),20),((16,17),(18,19))),((((28,(29,30)),(27,31)),((25,26),(22,(23,24)))),((36,35),(32,(33,34))))));
Tree Score: 13104.595877375992
Score Improvement: 0.01045733182762465

Step Number: 10
Time Spent: 19.902240153 seconds
New Tree:
Tree: ((((((1,2),3),(0,4)),((11,14),(12,13))),(((5,6),10),((7,8),9))),((((15,21),20),((16,17),(18,19))),((((28,(29,30)),(27,31)),((25,26),(22,(23,24)))),((36,35),(32,(33,34))))));
Tree Score: 13221.003303427788
Score Improvement: 0.008882946650248247

Step Number: 11
Time Spent: 19.867439708 seconds
New Tree:
Tree: ((((((1,2),3),(0,4)),((11,14),(12,13))),(((10,6),5),((7,8),9))),((((15,21),20),((16,17),(18,19))),((((28,(29,30)),(27,31)),((25,26),(22,(23,24)))),((36,35),(32,(33,34))))));
Tree Score: 13245.275403479345
Score Improvement: 0.0018358742899085012

Step Number: 12
Time Spent: 19.903812419 seconds
New Tree:
Tree: ((((((1,2),3),((11,14),(12,13))),(0,4)),(((10,6),5),((7,8),9))),((((15,21),20),((16,17),(18,19))),((((28,(29,30)),(27,31)),((25,26),(22,(23,24)))),((36,35),(32,(33,34))))));
Tree Score: 13269.23852685536
Score Improvement: 0.001809182719577196

Step Number: 13
Time Spent: 19.991992907 seconds
New Tree:
Tree: ((((((3,2),1),((11,14),(12,13))),(0,4)),(((10,6),5),((7,8),9))),((((15,21),20),((16,17),(18,19))),((((28,(29,30)),(27,31)),((25,26),(22,(23,24)))),((36,35),(32,(33,34))))));
Tree Score: 13283.216802005421
Score Improvement: 0.0010534346128279193

Step Number: 14
Time Spent: 19.995696381 seconds
New Tree:
Tree: ((((((3,2),1),((11,14),(12,13))),(0,4)),(((10,6),5),((7,8),9))),((((15,21),20),((16,17),(18,19))),((((28,(29,30)),(27,31)),((23,24),(22,(25,26)))),((36,35),(32,(33,34))))));
Tree Score: 13290.000252178752
Score Improvement: 5.106782697625878E-4

Step Number: 15
Time Spent: 20.011239488 seconds
New Tree:
Tree: ((((((3,2),1),((11,14),(12,13))),(0,4)),(((10,6),5),((7,8),9))),((((15,21),20),((16,17),(18,19))),((((29,(28,30)),(27,31)),((23,24),(22,(25,26)))),((36,35),(32,(33,34))))));
Tree Score: 13295.86545251205
Score Improvement: 4.413243206926598E-4

Step Number: 16
Time Spent: 20.003775132 seconds
New Tree:
Tree: ((((((3,2),1),((11,14),(12,13))),(0,4)),(((10,6),5),((7,8),9))),((((15,21),20),((16,17),(18,19))),((((29,(27,31)),(28,30)),((23,24),(22,(25,26)))),((36,35),(32,(33,34))))));
Tree Score: 13317.407477243685
Score Improvement: 0.0016202047778368645

Step Number: 17
Time Spent: 20.004292655 seconds
New Tree:
Tree: ((((((3,2),1),((11,14),(12,13))),(0,4)),(((10,6),5),((7,8),9))),((((15,20),21),((16,17),(18,19))),((((29,(27,31)),(28,30)),((23,24),(22,(25,26)))),((36,35),(32,(33,34))))));
Tree Score: 13321.360252277342
Score Improvement: 2.96812652193168E-4

Step Number: 18
Time Spent: 20.015051356 seconds
New Tree:
Tree: ((((((3,2),1),((11,14),(12,13))),(0,4)),(((10,6),5),((7,8),9))),((((15,20),21),((16,17),(18,19))),((((29,(27,31)),(28,30)),((23,24),(26,(25,22)))),((36,35),(32,(33,34))))));
Tree Score: 13324.038327017215
Score Improvement: 2.010361321334031E-4

Step Number: 19
Time Spent: 20.017809877 seconds
New Tree:
Tree: ((((((3,2),1),((11,14),(12,13))),(0,4)),(((10,6),5),((7,8),9))),((((15,20),21),((16,17),(18,19))),((((29,(27,31)),(28,30)),((23,24),(26,(25,22)))),((36,35),(32,(33,34))))));
Tree Score: 13324.038327017215
Score Improvement: 0.0

TOTAL STEPS: 19
TOTAL TIME: 381.255170378 seconds
Final tree: Tree: ((((((3,2),1),((11,14),(12,13))),(0,4)),(((10,6),5),((7,8),9))),((((15,20),21),((16,17),(18,19))),((((29,(27,31)),(28,30)),((23,24),(26,(25,22)))),((36,35),(32,(33,34))))));
Tree Score: 13324.038327017215
Total Score Improvement: 0.47833123995056526

--------------ITERATION 6--------------
Input tree: ((0,(1,2)),(((((3,4),(5,6)),((7,(8,9)),10)),(((((11,12),13),(14,(15,16))),(17,18)),((19,20),(((21,22),23),(24,(25,26)))))),((27,(((28,29),30),(31,32))),(33,(34,(35,36))))));
Initial Score: 10117.077799275736

Step Number: 1
Time Spent: 20.02597579 seconds
New Tree:
Tree: ((0,(1,2)),((33,(34,(35,36))),((27,(((28,29),30),(31,32))),((((3,4),(5,6)),((7,(8,9)),10)),(((((11,12),13),(14,(15,16))),(17,18)),((19,20),(((21,22),23),(24,(25,26)))))))));
Tree Score: 11289.962575208265
Score Improvement: 0.11593118084122023

Step Number: 2
Time Spent: 20.240534079 seconds
New Tree:
Tree: ((0,(1,2)),((33,(34,(35,36))),((27,(((28,29),30),(31,32))),(((19,20),(((21,22),23),(24,(25,26)))),(((((11,12),13),(14,(15,16))),(17,18)),(((3,4),(5,6)),((7,(8,9)),10)))))));
Tree Score: 11882.333224606016
Score Improvement: 0.05246878769098351

Step Number: 3
Time Spent: 20.234987285 seconds
New Tree:
Tree: ((0,(1,2)),((33,(34,(35,36))),((((28,29),30),(27,(31,32))),(((19,20),(((21,22),23),(24,(25,26)))),(((((11,12),13),(14,(15,16))),(17,18)),(((3,4),(5,6)),((7,(8,9)),10)))))));
Tree Score: 12332.010124786073
Score Improvement: 0.03784415835510013

Step Number: 4
Time Spent: 20.215233656 seconds
New Tree:
Tree: ((0,(1,2)),((33,(34,(35,36))),((((((11,12),13),(14,(15,16))),(17,18)),(((3,4),(5,6)),((7,(8,9)),10))),(((19,20),(((21,22),23),(24,(25,26)))),(((28,29),30),(27,(31,32)))))));
Tree Score: 12678.622379305758
Score Improvement: 0.028106711802241335

Step Number: 5
Time Spent: 20.412127129 seconds
New Tree:
Tree: ((0,(1,2)),((33,(34,(35,36))),((((((11,12),13),(17,18)),(14,(15,16))),(((3,4),(5,6)),((7,(8,9)),10))),(((19,20),(((21,22),23),(24,(25,26)))),(((28,29),30),(27,(31,32)))))));
Tree Score: 12810.235378999714
Score Improvement: 0.010380701921430813

Step Number: 6
Time Spent: 20.381173682 seconds
New Tree:
Tree: ((0,(1,2)),(((35,36),(34,33)),((((((11,12),13),(17,18)),(14,(15,16))),(((3,4),(5,6)),((7,(8,9)),10))),(((19,20),(((21,22),23),(24,(25,26)))),(((28,29),30),(27,(31,32)))))));
Tree Score: 12896.135153939467
Score Improvement: 0.0067055578916661585

Step Number: 7
Time Spent: 20.437055229 seconds
New Tree:
Tree: ((0,(1,2)),(((35,36),(34,33)),((((((11,12),13),(17,18)),(14,(15,16))),(((3,4),(5,6)),((7,10),(8,9)))),(((19,20),(((21,22),23),(24,(25,26)))),(((28,29),30),(27,(31,32)))))));
Tree Score: 12979.731378460521
Score Improvement: 0.006482269573261812

Step Number: 8
Time Spent: 20.405890652 seconds
New Tree:
Tree: ((2,(1,0)),(((35,36),(34,33)),((((((11,12),13),(17,18)),(14,(15,16))),(((3,4),(5,6)),((7,10),(8,9)))),(((19,20),(((21,22),23),(24,(25,26)))),(((28,29),30),(27,(31,32)))))));
Tree Score: 13020.745753253097
Score Improvement: 0.003159878551927342

Step Number: 9
Time Spent: 20.385445804 seconds
New Tree:
Tree: ((2,(1,0)),(((35,36),(34,33)),((((((11,12),13),(17,18)),(14,(15,16))),(((3,4),(5,6)),((7,10),(8,9)))),(((19,20),(((21,22),23),(24,(25,26)))),(((28,29),30),(32,(31,27)))))));
Tree Score: 13058.195403415928
Score Improvement: 0.0028761524779388203

Step Number: 10
Time Spent: 20.378647732 seconds
New Tree:
Tree: ((2,(1,0)),(((35,36),(34,33)),((((((11,12),13),(17,18)),(14,(15,16))),(((3,4),(5,6)),((7,10),(8,9)))),(((19,20),(((23,22),21),(24,(25,26)))),(((28,29),30),(32,(31,27)))))));
Tree Score: 13093.207453260417
Score Improvement: 0.002681231882571522

Step Number: 11
Time Spent: 20.359186319 seconds
New Tree:
Tree: ((2,(1,0)),(((35,36),(34,33)),((((((17,18),13),(11,12)),(14,(15,16))),(((3,4),(5,6)),((7,10),(8,9)))),(((19,20),(((23,22),21),(24,(25,26)))),(((28,29),30),(32,(31,27)))))));
Tree Score: 13108.336103355265
Score Improvement: 0.0011554579081447525

Step Number: 12
Time Spent: 20.379593383 seconds
New Tree:
Tree: ((2,(1,0)),(((35,36),(34,33)),((((((17,13),18),(11,12)),(14,(15,16))),(((3,4),(5,6)),((7,10),(8,9)))),(((19,20),(((23,22),21),(24,(25,26)))),(((28,29),30),(32,(31,27)))))));
Tree Score: 13123.346478175125
Score Improvement: 0.00114510146074287

Step Number: 13
Time Spent: 20.413254088 seconds
New Tree:
Tree: ((2,(1,0)),(((35,36),(34,33)),((((((17,13),18),(11,12)),(15,(14,16))),(((3,4),(5,6)),((7,10),(8,9)))),(((19,20),(((23,22),21),(24,(25,26)))),(((28,29),30),(32,(31,27)))))));
Tree Score: 13135.754927880815
Score Improvement: 9.455248115506354E-4

Step Number: 14
Time Spent: 20.434956359 seconds
New Tree:
Tree: ((2,(1,0)),(((35,36),(34,33)),((((((17,13),18),(11,12)),(15,(14,16))),(((3,4),(5,6)),((7,10),(8,9)))),(((19,20),(((23,22),21),(26,(25,24)))),(((28,29),30),(32,(31,27)))))));
Tree Score: 13139.560702807954
Score Improvement: 2.897263954781959E-4

Step Number: 15
Time Spent: 20.478421942 seconds
New Tree:
Tree: ((2,(1,0)),(((35,36),(34,33)),((((((17,13),18),(11,12)),(15,(14,16))),(((3,4),(5,6)),((7,10),(8,9)))),(((19,20),(((23,22),21),(26,(25,24)))),(((28,29),30),(32,(31,27)))))));
Tree Score: 13139.560702807954
Score Improvement: 0.0

TOTAL STEPS: 15
TOTAL TIME: 305.182483129 seconds
Final tree: Tree: ((2,(1,0)),(((35,36),(34,33)),((((((17,13),18),(11,12)),(15,(14,16))),(((3,4),(5,6)),((7,10),(8,9)))),(((19,20),(((23,22),21),(26,(25,24)))),(((28,29),30),(32,(31,27)))))));
Tree Score: 13139.560702807954
Total Score Improvement: 0.29875058425947776

--------------ITERATION 7--------------
Input tree: ((((0,(1,((2,3),4))),5),(6,7)),((8,(9,10)),((((((11,12),(13,14)),((15,16),17)),((18,((19,20),21)),(22,23))),(24,((25,26),27))),(28,((((29,30),(((31,32),33),34)),35),36)))));
Initial Score: 9020.9366748652

Step Number: 1
Time Spent: 21.196253588 seconds
New Tree:
Tree: ((((0,(1,((2,3),4))),5),(6,7)),((8,(9,10)),(((28,((((29,30),(((31,32),33),34)),35),36)),(24,((25,26),27))),((((11,12),(13,14)),((15,16),17)),((18,((19,20),21)),(22,23))))));
Tree Score: 11531.936148271649
Score Improvement: 0.2783524110531428

Step Number: 2
Time Spent: 21.037375494 seconds
New Tree:
Tree: ((((0,(1,((2,3),4))),5),(6,7)),((8,(9,10)),(((28,(24,((25,26),27))),((((29,30),(((31,32),33),34)),35),36)),((((11,12),(13,14)),((15,16),17)),((18,((19,20),21)),(22,23))))));
Tree Score: 12125.609201310537
Score Improvement: 0.0514807787179663

Step Number: 3
Time Spent: 20.869273041 seconds
New Tree:
Tree: ((((0,(1,((2,3),4))),5),(6,7)),((8,(9,10)),(((28,(24,((25,26),27))),((36,35),((29,30),(((31,32),33),34)))),((((11,12),(13,14)),((15,16),17)),((18,((19,20),21)),(22,23))))));
Tree Score: 12397.200725943185
Score Improvement: 0.022398175639974705

Step Number: 4
Time Spent: 20.458320294 seconds
New Tree:
Tree: ((((0,(1,((2,3),4))),5),(6,7)),((8,(9,10)),(((28,(24,((25,26),27))),((36,35),((29,30),(((31,32),33),34)))),((((11,12),(13,14)),((15,16),17)),((18,(22,23)),((19,20),21))))));
Tree Score: 12614.713251723311
Score Improvement: 0.017545293537511775

Step Number: 5
Time Spent: 20.416521054 seconds
New Tree:
Tree: ((((0,(1,((2,3),4))),(6,7)),5),((8,(9,10)),(((28,(24,((25,26),27))),((36,35),((29,30),(((31,32),33),34)))),((((11,12),(13,14)),((15,16),17)),((18,(22,23)),((19,20),21))))));
Tree Score: 12809.364951174144
Score Improvement: 0.015430529062897325

Step Number: 6
Time Spent: 20.485760934 seconds
New Tree:
Tree: ((((0,(1,((2,3),4))),(6,7)),5),((8,(9,10)),(((((25,26),27),(24,28)),((36,35),((29,30),(((31,32),33),34)))),((((11,12),(13,14)),((15,16),17)),((18,(22,23)),((19,20),21))))));
Tree Score: 12978.656276339103
Score Improvement: 0.013216215308897272

Step Number: 7
Time Spent: 20.579848807 seconds
New Tree:
Tree: ((((((2,3),4),(1,0)),(6,7)),5),((8,(9,10)),(((((25,26),27),(24,28)),((36,35),((29,30),(((31,32),33),34)))),((((11,12),(13,14)),((15,16),17)),((18,(22,23)),((19,20),21))))));
Tree Score: 13070.724275713224
Score Improvement: 0.00709380057641007

Step Number: 8
Time Spent: 20.663756823 seconds
New Tree:
Tree: ((((((2,3),4),(1,0)),(6,7)),(((((25,26),27),(24,28)),((36,35),((29,30),(((31,32),33),34)))),((((11,12),(13,14)),((15,16),17)),((18,(22,23)),((19,20),21))))),((8,(9,10)),5));
Tree Score: 13128.192276100817
Score Improvement: 0.004396695942425755

Step Number: 9
Time Spent: 20.782948377 seconds
New Tree:
Tree: ((((((2,3),4),(1,0)),(((((25,26),27),(24,28)),((36,35),((29,30),(((31,32),33),34)))),((((11,12),(13,14)),((15,16),17)),((18,(22,23)),((19,20),21))))),(6,7)),((8,(9,10)),5));
Tree Score: 13373.67405169679
Score Improvement: 0.01869882543104273

Step Number: 10
Time Spent: 21.530379946 seconds
New Tree:
Tree: ((((((1,0),4),(2,3)),(((((25,26),27),(24,28)),((36,35),((29,30),(((31,32),33),34)))),((((11,12),(13,14)),((15,16),17)),((18,(22,23)),((19,20),21))))),(6,7)),((8,(9,10)),5));
Tree Score: 13426.280051297164
Score Improvement: 0.003933548806186238

Step Number: 11
Time Spent: 21.50347876 seconds
New Tree:
Tree: ((((((1,0),4),(2,3)),(((((24,28),27),(25,26)),((36,35),((29,30),(((31,32),33),34)))),((((11,12),(13,14)),((15,16),17)),((18,(22,23)),((19,20),21))))),(6,7)),((8,(9,10)),5));
Tree Score: 13448.771075947798
Score Improvement: 0.0016751493760522873

Step Number: 12
Time Spent: 21.507508952 seconds
New Tree:
Tree: ((((((1,0),4),(2,3)),(((((24,28),27),(25,26)),((36,35),((29,30),(((31,32),33),34)))),((((11,12),(13,14)),((15,16),17)),((18,(22,23)),((19,20),21))))),(6,7)),((10,(9,8)),5));
Tree Score: 13470.972126091487
Score Improvement: 0.0016507865304804525

Step Number: 13
Time Spent: 21.504126957 seconds
New Tree:
Tree: ((((((1,0),4),(2,3)),(((((24,28),27),(25,26)),((36,35),((29,30),((34,33),(31,32))))),((((11,12),(13,14)),((15,16),17)),((18,(22,23)),((19,20),21))))),(6,7)),((10,(9,8)),5));
Tree Score: 13486.337075915775
Score Improvement: 0.0011405969577005237

Step Number: 14
Time Spent: 21.424493087 seconds
New Tree:
Tree: ((((((1,0),4),(2,3)),(((((24,28),27),(25,26)),((36,35),((31,32),((34,33),(29,30))))),((((11,12),(13,14)),((15,16),17)),((18,(22,23)),((19,20),21))))),(6,7)),((10,(9,8)),5));
Tree Score: 13532.35305088241
Score Improvement: 0.003412043960313804

Step Number: 15
Time Spent: 21.413337758 seconds
New Tree:
Tree: ((((((1,0),4),(2,3)),(((((24,28),27),(25,26)),((36,35),((31,32),((34,33),(29,30))))),((((11,12),(13,14)),((15,16),17)),((18,(22,23)),((21,20),19))))),(6,7)),((10,(9,8)),5));
Tree Score: 13539.071251178573
Score Improvement: 4.964547016252929E-4

Step Number: 16
Time Spent: 21.407744239 seconds
New Tree:
Tree: ((((((1,4),0),(2,3)),(((((24,28),27),(25,26)),((36,35),((31,32),((34,33),(29,30))))),((((11,12),(13,14)),((15,16),17)),((18,(22,23)),((21,20),19))))),(6,7)),((10,(9,8)),5));
Tree Score: 13544.102301103709
Score Improvement: 3.715949071985136E-4

Step Number: 17
Time Spent: 21.429305152 seconds
New Tree:
Tree: ((((((1,4),0),(2,3)),(((((24,28),27),(25,26)),((36,35),((31,32),((34,33),(29,30))))),((((11,12),(13,14)),((15,16),17)),((23,(22,18)),((21,20),19))))),(6,7)),((10,(9,8)),5));
Tree Score: 13544.741376138938
Score Improvement: 4.718474661680183E-5

Step Number: 18
Time Spent: 21.40861097 seconds
New Tree:
Tree: ((((((1,4),0),(2,3)),(((((24,27),28),(25,26)),((36,35),((31,32),((34,33),(29,30))))),((((11,12),(13,14)),((15,16),17)),((23,(22,18)),((21,20),19))))),(6,7)),((10,(9,8)),5));
Tree Score: 13544.990676080522
Score Improvement: 1.8405662733700368E-5

Step Number: 19
Time Spent: 21.400896372 seconds
New Tree:
Tree: ((((((1,4),0),(2,3)),(((((24,27),28),(25,26)),((36,35),((31,32),((34,33),(29,30))))),((((11,12),(13,14)),((15,16),17)),((23,(22,18)),((21,20),19))))),(6,7)),((10,(9,8)),5));
Tree Score: 13544.990676080522
Score Improvement: 0.0

TOTAL STEPS: 19
TOTAL TIME: 401.019940605 seconds
Final tree: Tree: ((((((1,4),0),(2,3)),(((((24,27),28),(25,26)),((36,35),((31,32),((34,33),(29,30))))),((((11,12),(13,14)),((15,16),17)),((23,(22,18)),((21,20),19))))),(6,7)),((10,(9,8)),5));
Tree Score: 13544.990676080522
Total Score Improvement: 0.5015060147601498

--------------ITERATION 8--------------
Input tree: ((((((0,1),2),3),4),5),((((((((6,7),8),9),(10,((11,12),13))),(14,15)),(16,(17,18))),19),(((20,21),(((22,((23,24),(((25,26),27),28))),29),((30,31),32))),((33,34),(35,36)))));
Initial Score: 8271.189326380583

Step Number: 1
Time Spent: 21.466024766 seconds
New Tree:
Tree: ((((((0,1),2),3),4),5),(((19,(16,(17,18))),(((((6,7),8),9),(10,((11,12),13))),(14,15))),(((20,21),(((22,((23,24),(((25,26),27),28))),29),((30,31),32))),((33,34),(35,36)))));
Tree Score: 10208.008951830881
Score Improvement: 0.2341645861342938

Step Number: 2
Time Spent: 20.75614413 seconds
New Tree:
Tree: ((((((0,1),2),3),4),5),((((((6,7),8),9),(10,((11,12),13))),((19,(16,(17,18))),(14,15))),(((20,21),(((22,((23,24),(((25,26),27),28))),29),((30,31),32))),((33,34),(35,36)))));
Tree Score: 11301.302853493922
Score Improvement: 0.10710158139770742

Step Number: 3
Time Spent: 20.730012804 seconds
New Tree:
Tree: ((((((0,1),2),3),4),5),(((33,34),(35,36)),(((20,21),(((22,((23,24),(((25,26),27),28))),29),((30,31),32))),(((((6,7),8),9),(10,((11,12),13))),((19,(16,(17,18))),(14,15))))));
Tree Score: 12577.192281969561
Score Improvement: 0.11289755216861419

Step Number: 4
Time Spent: 20.912439495 seconds
New Tree:
Tree: ((((((0,1),2),3),4),5),(((33,34),(35,36)),((((30,31),32),(((22,((23,24),(((25,26),27),28))),29),(20,21))),(((((6,7),8),9),(10,((11,12),13))),((19,(16,(17,18))),(14,15))))));
Tree Score: 14084.10130638404
Score Improvement: 0.11981283188098812

Step Number: 5
Time Spent: 20.949771546 seconds
New Tree:
Tree: (((5,4),(((0,1),2),3)),(((33,34),(35,36)),((((30,31),32),(((22,((23,24),(((25,26),27),28))),29),(20,21))),(((((6,7),8),9),(10,((11,12),13))),((19,(16,(17,18))),(14,15))))));
Tree Score: 14352.814731398208
Score Improvement: 0.019079202795308392

Step Number: 6
Time Spent: 20.718170447 seconds
New Tree:
Tree: (((5,4),(((0,1),2),3)),(((33,34),(35,36)),((((30,31),32),(((22,((23,24),(((25,26),27),28))),29),(20,21))),(((((6,7),8),9),(10,((11,12),13))),((19,(14,15)),(16,(17,18)))))));
Tree Score: 14579.875456418686
Score Improvement: 0.015819943981006057

Step Number: 7
Time Spent: 20.690324866 seconds
New Tree:
Tree: (((5,4),(((0,1),2),3)),(((33,34),(35,36)),((((30,31),32),(((22,((23,24),(((25,26),27),28))),29),(20,21))),((((9,8),(6,7)),(10,((11,12),13))),((19,(14,15)),(16,(17,18)))))));
Tree Score: 14673.82215586289
Score Improvement: 0.006443587239481241

Step Number: 8
Time Spent: 20.706891638 seconds
New Tree:
Tree: (((5,4),(((0,1),2),3)),(((33,34),(35,36)),((((30,31),32),(((22,29),((23,24),(((25,26),27),28))),(20,21))),((((9,8),(6,7)),(10,((11,12),13))),((19,(14,15)),(16,(17,18)))))));
Tree Score: 14757.893655936077
Score Improvement: 0.00572935252861817

Step Number: 9
Time Spent: 20.849379241 seconds
New Tree:
Tree: (((5,4),(((0,1),2),3)),(((33,34),(35,36)),((((30,31),32),(((((25,26),27),28),((23,24),(22,29))),(20,21))),((((9,8),(6,7)),(10,((11,12),13))),((19,(14,15)),(16,(17,18)))))));
Tree Score: 14960.667129561149
Score Improvement: 0.013740001002345625

Step Number: 10
Time Spent: 20.927987352 seconds
New Tree:
Tree: (((5,4),(((0,1),2),3)),(((33,34),(35,36)),((((30,31),32),((((28,27),(25,26)),((23,24),(22,29))),(20,21))),((((9,8),(6,7)),(10,((11,12),13))),((19,(14,15)),(16,(17,18)))))));
Tree Score: 15064.284204691492
Score Improvement: 0.006925966217482538

Step Number: 11
Time Spent: 20.84594689 seconds
New Tree:
Tree: (((5,4),(((0,1),2),3)),(((33,34),(35,36)),(((((28,27),(25,26)),((23,24),(22,29))),(((30,31),32),(20,21))),((((9,8),(6,7)),(10,((11,12),13))),((19,(14,15)),(16,(17,18)))))));
Tree Score: 15132.326179476919
Score Improvement: 0.004516774501919896

Step Number: 12
Time Spent: 20.823876068 seconds
New Tree:
Tree: (((5,4),(((0,1),2),3)),(((33,34),(35,36)),(((((28,27),(25,26)),((23,24),(22,29))),(((30,31),(20,21)),32)),((((9,8),(6,7)),(10,((11,12),13))),((19,(14,15)),(16,(17,18)))))));
Tree Score: 15250.809555216487
Score Improvement: 0.007829819046609066

Step Number: 13
Time Spent: 20.866676552 seconds
New Tree:
Tree: (((5,4),((3,2),(0,1))),(((33,34),(35,36)),(((((28,27),(25,26)),((23,24),(22,29))),(((30,31),(20,21)),32)),((((9,8),(6,7)),(10,((11,12),13))),((19,(14,15)),(16,(17,18)))))));
Tree Score: 15311.567955246921
Score Improvement: 0.0039839458889350254

Step Number: 14
Time Spent: 20.826168119 seconds
New Tree:
Tree: (((((((28,27),(25,26)),((23,24),(22,29))),(((30,31),(20,21)),32)),((((9,8),(6,7)),(10,((11,12),13))),((19,(14,15)),(16,(17,18))))),((3,2),(0,1))),(((33,34),(35,36)),(5,4)));
Tree Score: 15386.701253891717
Score Improvement: 0.004906963079444049

Step Number: 15
Time Spent: 21.735354335 seconds
New Tree:
Tree: (((((((28,27),(25,26)),((23,24),(22,29))),(((30,31),(20,21)),32)),((((9,8),(6,7)),((11,12),(10,13))),((19,(14,15)),(16,(17,18))))),((3,2),(0,1))),(((33,34),(35,36)),(5,4)));
Tree Score: 15439.429903709124
Score Improvement: 0.003426897614202451

Step Number: 16
Time Spent: 22.302287324 seconds
New Tree:
Tree: (((((((28,27),(25,26)),((23,24),(22,29))),(((30,31),(20,21)),32)),((((9,8),(6,7)),((11,12),(10,13))),((17,18),(16,(19,(14,15)))))),((3,2),(0,1))),(((33,34),(35,36)),(5,4)));
Tree Score: 15455.537528814775
Score Improvement: 0.001043278489303745

Step Number: 17
Time Spent: 21.729857966 seconds
New Tree:
Tree: (((((((28,27),(25,26)),((23,24),(22,29))),(((30,31),(20,21)),32)),((((9,8),(6,7)),((11,12),(10,13))),((17,18),((14,15),(19,16))))),((3,2),(0,1))),(((33,34),(35,36)),(5,4)));
Tree Score: 15499.040403578225
Score Improvement: 0.002814711211586385

Step Number: 18
Time Spent: 21.765170977 seconds
New Tree:
Tree: (((((((28,27),(25,26)),((23,24),(22,29))),(((30,31),(20,21)),32)),((((9,8),(6,7)),((11,12),(10,13))),((19,16),((14,15),(17,18))))),((3,2),(0,1))),(((33,34),(35,36)),(5,4)));
Tree Score: 15500.045828570406
Score Improvement: 6.487014460265783E-5

Step Number: 19
Time Spent: 21.765839427 seconds
New Tree:
Tree: (((((((28,27),(25,26)),((23,24),(22,29))),(((30,31),(20,21)),32)),((((9,8),(6,7)),((11,12),(10,13))),((19,16),((14,15),(17,18))))),((3,2),(0,1))),(((33,34),(35,36)),(5,4)));
Tree Score: 15500.045828570406
Score Improvement: 0.0

TOTAL STEPS: 19
TOTAL TIME: 401.368323943 seconds
Final tree: Tree: (((((((28,27),(25,26)),((23,24),(22,29))),(((30,31),(20,21)),32)),((((9,8),(6,7)),((11,12),(10,13))),((19,16),((14,15),(17,18))))),((3,2),(0,1))),(((33,34),(35,36)),(5,4)));
Tree Score: 15500.045828570406
Total Score Improvement: 0.8739802967795349

--------------ITERATION 9--------------
Input tree: (((0,1),(((2,3),4),(((5,(6,(7,8))),(((9,10),11),12)),13))),(((14,(15,16)),((((17,18),(19,(20,21))),(((((22,23),(24,(25,(26,27)))),(28,(29,30))),31),(32,(33,34)))),35)),36));
Initial Score: 7189.3156016948

Step Number: 1
Time Spent: 21.657912434 seconds
New Tree:
Tree: (((0,1),(((2,3),4),(((5,(6,(7,8))),(((9,10),11),12)),13))),(((14,(15,16)),((((17,18),(19,(20,21))),(((32,(33,34)),31),(((22,23),(24,(25,(26,27)))),(28,(29,30))))),35)),36));
Tree Score: 8219.223978222983
Score Improvement: 0.1432554131140653

Step Number: 2
Time Spent: 21.179124595 seconds
New Tree:
Tree: (((0,1),(((2,3),4),(((5,(6,(7,8))),13),(((9,10),11),12)))),(((14,(15,16)),((((17,18),(19,(20,21))),(((32,(33,34)),31),(((22,23),(24,(25,(26,27)))),(28,(29,30))))),35)),36));
Tree Score: 8921.47740265062
Score Improvement: 0.08544035620494994

Step Number: 3
Time Spent: 21.060528089 seconds
New Tree:
Tree: (((((5,(6,(7,8))),13),(((9,10),11),12)),(((2,3),4),(0,1))),(((14,(15,16)),((((17,18),(19,(20,21))),(((32,(33,34)),31),(((22,23),(24,(25,(26,27)))),(28,(29,30))))),35)),36));
Tree Score: 9860.576102389125
Score Improvement: 0.10526268882993439

Step Number: 4
Time Spent: 21.28409744 seconds
New Tree:
Tree: (((((5,(6,(7,8))),13),(((9,10),11),12)),(((2,3),4),(0,1))),(((((17,18),(19,(20,21))),(((32,(33,34)),31),(((22,23),(24,(25,(26,27)))),(28,(29,30))))),((14,(15,16)),35)),36));
Tree Score: 10343.700101314214
Score Improvement: 0.04899551445153727

Step Number: 5
Time Spent: 21.17882295 seconds
New Tree:
Tree: (((((5,(6,(7,8))),13),(((9,10),11),12)),(((2,3),4),(0,1))),(((((17,18),(19,(20,21))),((14,(15,16)),35)),(((32,(33,34)),31),(((22,23),(24,(25,(26,27)))),(28,(29,30))))),36));
Tree Score: 11294.773753147674
Score Improvement: 0.0919471410151016

Step Number: 6
Time Spent: 20.787639686 seconds
New Tree:
Tree: ((36,(((2,3),4),(0,1))),(((((17,18),(19,(20,21))),((14,(15,16)),35)),(((32,(33,34)),31),(((22,23),(24,(25,(26,27)))),(28,(29,30))))),(((5,(6,(7,8))),13),(((9,10),11),12))));
Tree Score: 11985.819103504633
Score Improvement: 0.061182752789924244

Step Number: 7
Time Spent: 20.380171529 seconds
New Tree:
Tree: ((36,(((2,3),4),(0,1))),(((((17,18),(19,(20,21))),((14,(15,16)),35)),(((5,(6,(7,8))),13),(((9,10),11),12))),(((32,(33,34)),31),(((22,23),(24,(25,(26,27)))),(28,(29,30))))));
Tree Score: 13365.33125479029
Score Improvement: 0.11509535888809541

Step Number: 8
Time Spent: 20.342514995 seconds
New Tree:
Tree: ((((2,3),4),(36,(0,1))),(((((17,18),(19,(20,21))),((14,(15,16)),35)),(((5,(6,(7,8))),13),(((9,10),11),12))),(((32,(33,34)),31),(((22,23),(24,(25,(26,27)))),(28,(29,30))))));
Tree Score: 14008.950353040113
Score Improvement: 0.0481558657978749

Step Number: 9
Time Spent: 20.342075763 seconds
New Tree:
Tree: ((((2,3),4),(36,(0,1))),(((((17,18),(19,(20,21))),((14,(15,16)),35)),(((5,(6,(7,8))),13),(((9,10),11),12))),(((22,23),(24,(25,(26,27)))),(((32,(33,34)),31),(28,(29,30))))));
Tree Score: 14357.489051790937
Score Improvement: 0.024879715465276675

Step Number: 10
Time Spent: 20.312439243 seconds
New Tree:
Tree: ((((2,3),4),(36,(0,1))),(((((17,18),((14,(15,16)),35)),(19,(20,21))),(((5,(6,(7,8))),13),(((9,10),11),12))),(((22,23),(24,(25,(26,27)))),(((32,(33,34)),31),(28,(29,30))))));
Tree Score: 14504.745026817574
Score Improvement: 0.010256387763587949

Step Number: 11
Time Spent: 20.375901783 seconds
New Tree:
Tree: ((((2,3),4),(36,(0,1))),(((((17,18),((14,(15,16)),35)),(19,(20,21))),(((5,(6,(7,8))),13),(((9,10),11),12))),(((25,(26,27)),(24,(22,23))),(((32,(33,34)),31),(28,(29,30))))));
Tree Score: 14574.73035106252
Score Improvement: 0.004824995138870136

Step Number: 12
Time Spent: 20.411535573 seconds
New Tree:
Tree: ((((2,3),4),(36,(0,1))),(((((17,18),((14,(15,16)),35)),(19,(20,21))),(((5,13),(6,(7,8))),(((9,10),11),12))),(((25,(26,27)),(24,(22,23))),(((32,(33,34)),31),(28,(29,30))))));
Tree Score: 14644.33852619085
Score Improvement: 0.0047759494310819495

Step Number: 13
Time Spent: 20.337362943 seconds
New Tree:
Tree: ((((2,3),4),(36,(0,1))),(((((17,18),((14,(15,16)),35)),(19,(20,21))),(((7,8),(6,(5,13))),(((9,10),11),12))),(((25,(26,27)),(24,(22,23))),(((32,(33,34)),31),(28,(29,30))))));
Tree Score: 14730.827875756655
Score Improvement: 0.005905992231135748

Step Number: 14
Time Spent: 20.340298792 seconds
New Tree:
Tree: ((((2,3),4),(36,(0,1))),(((((17,18),((14,(15,16)),35)),(19,(20,21))),(((7,8),(5,(6,13))),(((9,10),11),12))),(((25,(26,27)),(24,(22,23))),(((32,(33,34)),31),(28,(29,30))))));
Tree Score: 14758.40992570901
Score Improvement: 0.001872403247460852

Step Number: 15
Time Spent: 20.345576697 seconds
New Tree:
Tree: ((((2,3),4),(36,(0,1))),(((((17,18),((14,(15,16)),35)),(19,(20,21))),(((7,8),(5,(6,13))),(((9,10),11),12))),(((25,(26,27)),(24,(22,23))),(((34,(33,32)),31),(28,(29,30))))));
Tree Score: 14780.44255084451
Score Improvement: 0.00149288610672893

Step Number: 16
Time Spent: 20.346171465 seconds
New Tree:
Tree: ((((4,3),2),(36,(0,1))),(((((17,18),((14,(15,16)),35)),(19,(20,21))),(((7,8),(5,(6,13))),(((9,10),11),12))),(((25,(26,27)),(24,(22,23))),(((34,(33,32)),31),(28,(29,30))))));
Tree Score: 14802.034100709712
Score Improvement: 0.0014608189024738483

Step Number: 17
Time Spent: 20.348979714 seconds
New Tree:
Tree: ((((4,3),2),(36,(0,1))),(((((17,18),((14,(15,16)),35)),(19,(20,21))),(((7,8),(5,(6,13))),((12,11),(9,10)))),(((25,(26,27)),(24,(22,23))),(((34,(33,32)),31),(28,(29,30))))));
Tree Score: 14823.307025494283
Score Improvement: 0.0014371622602564749

Step Number: 18
Time Spent: 20.288447435 seconds
New Tree:
Tree: ((((4,3),2),(36,(0,1))),(((((14,(15,16)),((17,18),35)),(19,(20,21))),(((7,8),(5,(6,13))),((12,11),(9,10)))),(((25,(26,27)),(24,(22,23))),(((34,(33,32)),31),(28,(29,30))))));
Tree Score: 14835.836850375283
Score Improvement: 8.452786452746164E-4

Step Number: 19
Time Spent: 20.287713613 seconds
New Tree:
Tree: ((((4,3),2),(36,(0,1))),(((((14,(15,16)),((17,18),35)),(19,(20,21))),(((7,8),(5,(6,13))),((12,11),(9,10)))),(((25,(26,27)),(24,(22,23))),(((34,31),(33,32)),(28,(29,30))))));
Tree Score: 14846.56622527615
Score Improvement: 7.232065847768698E-4

Step Number: 20
Time Spent: 20.263799678 seconds
New Tree:
Tree: ((((4,3),2),(36,(0,1))),(((((14,(15,16)),((17,35),18)),(19,(20,21))),(((7,8),(5,(6,13))),((12,11),(9,10)))),(((25,(26,27)),(24,(22,23))),(((34,31),(33,32)),(28,(29,30))))));
Tree Score: 14851.36477521306
Score Improvement: 3.2320941179930784E-4

Step Number: 21
Time Spent: 20.254043688 seconds
New Tree:
Tree: ((((4,3),2),(36,(0,1))),(((((14,(15,16)),((17,35),18)),(19,(20,21))),(((7,8),(5,(6,13))),((12,11),(9,10)))),(((27,(26,25)),(24,(22,23))),(((34,31),(33,32)),(28,(29,30))))));
Tree Score: 14854.392925562915
Score Improvement: 2.038971095039699E-4

Step Number: 22
Time Spent: 20.260085239 seconds
New Tree:
Tree: ((((4,3),2),(0,(36,1))),(((((14,(15,16)),((17,35),18)),(19,(20,21))),(((7,8),(5,(6,13))),((12,11),(9,10)))),(((27,(26,25)),(24,(22,23))),(((34,31),(33,32)),(28,(29,30))))));
Tree Score: 14855.953675592897
Score Improvement: 1.0506993034331558E-4

Step Number: 23
Time Spent: 20.268282092 seconds
New Tree:
Tree: ((((4,3),2),(0,(36,1))),(((((14,(15,16)),((17,35),18)),(19,(20,21))),(((7,8),(5,(6,13))),((12,11),(9,10)))),(((27,(26,25)),(24,(22,23))),(((34,31),(33,32)),(28,(29,30))))));
Tree Score: 14855.953675592897
Score Improvement: 0.0

TOTAL STEPS: 23
TOTAL TIME: 472.653525436 seconds
Final tree: Tree: ((((4,3),2),(0,(36,1))),(((((14,(15,16)),((17,35),18)),(19,(20,21))),(((7,8),(5,(6,13))),((12,11),(9,10)))),(((27,(26,25)),(24,(22,23))),(((34,31),(33,32)),(28,(29,30))))));
Tree Score: 14855.953675592897
Total Score Improvement: 1.0663933117765443

--------------ITERATION 10--------------
Input tree: ((0,1),(((2,(3,4)),(5,6)),(((((7,8),9),(10,(11,12))),(((13,((14,15),16)),(17,18)),(((19,20),21),(((((22,23),24),25),(((26,27),(28,29)),30)),((31,(32,33)),34))))),(35,36))));
Initial Score: 10082.280201613781

Step Number: 1
Time Spent: 21.733886202 seconds
New Tree:
Tree: ((0,1),(((2,(3,4)),(5,6)),(((((7,8),9),(10,(11,12))),((((((22,23),24),25),(((26,27),(28,29)),30)),((31,(32,33)),34)),(((19,20),21),((13,((14,15),16)),(17,18))))),(35,36))));
Tree Score: 12154.809553421679
Score Improvement: 0.20556157043484724

Step Number: 2
Time Spent: 21.989391528 seconds
New Tree:
Tree: ((0,1),(((2,(3,4)),(5,6)),(((((((22,23),24),25),(((26,27),(28,29)),30)),((31,(32,33)),34)),((((7,8),9),(10,(11,12))),(((19,20),21),((13,((14,15),16)),(17,18))))),(35,36))));
Tree Score: 13889.053303841321
Score Improvement: 0.14267963169619868

Step Number: 3
Time Spent: 21.941415875 seconds
New Tree:
Tree: ((0,1),((35,36),(((((((22,23),24),25),(((26,27),(28,29)),30)),((31,(32,33)),34)),((((7,8),9),(10,(11,12))),(((19,20),21),((13,((14,15),16)),(17,18))))),((2,(3,4)),(5,6)))));
Tree Score: 14507.128627152963
Score Improvement: 0.04450089648231814

Step Number: 4
Time Spent: 21.922174811 seconds
New Tree:
Tree: ((0,1),((35,36),(((((((22,23),24),25),((31,(32,33)),34)),(((26,27),(28,29)),30)),((((7,8),9),(10,(11,12))),(((19,20),21),((13,((14,15),16)),(17,18))))),((2,(3,4)),(5,6)))));
Tree Score: 15069.2628772993
Score Improvement: 0.03874882925448064

Step Number: 5
Time Spent: 22.816536936 seconds
New Tree:
Tree: ((0,1),((35,36),(((((((22,23),24),25),((31,(32,33)),34)),((30,(28,29)),(26,27))),((((7,8),9),(10,(11,12))),(((19,20),21),((13,((14,15),16)),(17,18))))),((2,(3,4)),(5,6)))));
Tree Score: 15342.353078464826
Score Improvement: 0.0181223330821918

Step Number: 6
Time Spent: 21.915517958 seconds
New Tree:
Tree: ((0,1),((35,36),(((((((22,23),24),25),((31,34),(32,33))),((30,(28,29)),(26,27))),((((7,8),9),(10,(11,12))),(((19,20),21),((13,((14,15),16)),(17,18))))),((2,(3,4)),(5,6)))));
Tree Score: 15454.708178374649
Score Improvement: 0.007323198686356003

Step Number: 7
Time Spent: 21.739970705 seconds
New Tree:
Tree: ((0,1),((35,36),((((((25,24),(22,23)),((31,34),(32,33))),((30,(28,29)),(26,27))),((((7,8),9),(10,(11,12))),(((19,20),21),((13,((14,15),16)),(17,18))))),((2,(3,4)),(5,6)))));
Tree Score: 15513.534678533406
Score Improvement: 0.003806380520408048

Step Number: 8
Time Spent: 21.670191371 seconds
New Tree:
Tree: ((0,1),((35,36),((((((25,24),(22,23)),((31,34),(32,33))),((30,(28,29)),(26,27))),((((7,8),9),(11,(10,12))),(((19,20),21),((13,((14,15),16)),(17,18))))),((2,(3,4)),(5,6)))));
Tree Score: 15546.987729072303
Score Improvement: 0.0021563783645766055

Step Number: 9
Time Spent: 21.662965731 seconds
New Tree:
Tree: ((0,1),((35,36),((((((25,24),(22,23)),((31,34),(32,33))),((30,(28,29)),(26,27))),((((7,8),9),(11,(10,12))),(((19,20),21),((13,((14,15),16)),(17,18))))),((2,(5,6)),(3,4)))));
Tree Score: 15577.593804989872
Score Improvement: 0.001968617744538159

Step Number: 10
Time Spent: 21.634276957 seconds
New Tree:
Tree: ((0,1),((35,36),((((((25,24),(22,23)),((31,34),(32,33))),((30,(28,29)),(26,27))),((((7,8),9),(11,(10,12))),(((19,20),21),((13,((14,15),16)),(17,18))))),((6,(5,2)),(3,4)))));
Tree Score: 15599.73960487571
Score Improvement: 0.0014216444569727926

Step Number: 11
Time Spent: 21.661437743 seconds
New Tree:
Tree: ((0,1),((35,36),((((((25,24),(22,23)),((31,34),(32,33))),((30,(28,29)),(26,27))),((((7,8),9),(11,(10,12))),(((21,20),19),((13,((14,15),16)),(17,18))))),((6,(5,2)),(3,4)))));
Tree Score: 15618.165480032827
Score Improvement: 0.0011811655594147208

Step Number: 12
Time Spent: 21.627534829 seconds
New Tree:
Tree: ((0,1),((35,36),((((((25,24),(22,23)),((31,34),(32,33))),((29,(28,30)),(26,27))),((((7,8),9),(11,(10,12))),(((21,20),19),((13,((14,15),16)),(17,18))))),((6,(5,2)),(3,4)))));
Tree Score: 15633.246905170645
Score Improvement: 9.656335859098419E-4

Step Number: 13
Time Spent: 21.619377367 seconds
New Tree:
Tree: ((0,1),((35,36),((((((25,24),(22,23)),((31,34),(32,33))),((29,(28,30)),(26,27))),((((7,8),9),(11,(10,12))),(((21,20),19),((13,(17,18)),((14,15),16))))),((6,(5,2)),(3,4)))));
Tree Score: 15645.006305029414
Score Improvement: 7.522045759336127E-4

Step Number: 14
Time Spent: 21.586137525 seconds
New Tree:
Tree: ((0,1),((35,36),((((((25,24),(22,23)),((31,34),(32,33))),((29,(28,30)),(26,27))),((((7,8),9),(11,(10,12))),(((21,20),19),((18,(17,13)),((14,15),16))))),((6,(5,2)),(3,4)))));
Tree Score: 15655.829054960313
Score Improvement: 6.917702505124801E-4

Step Number: 15
Time Spent: 21.592937902 seconds
New Tree:
Tree: ((0,1),((35,36),((((((25,24),(22,23)),((31,34),(32,33))),((29,(28,30)),(26,27))),((((7,8),9),(11,(10,12))),(((21,20),19),((18,(17,13)),((14,16),15))))),((6,(5,2)),(3,4)))));
Tree Score: 15665.515654999095
Score Improvement: 6.187216278854546E-4

Step Number: 16
Time Spent: 21.592996917 seconds
New Tree:
Tree: ((0,1),((35,36),((((((25,24),(22,23)),((31,34),(32,33))),((29,(28,30)),(26,27))),((((7,8),9),(11,(10,12))),(((21,20),19),((18,(17,13)),((14,16),15))))),((6,(5,2)),(3,4)))));
Tree Score: 15665.515654999095
Score Improvement: 0.0

TOTAL STEPS: 16
TOTAL TIME: 348.706750357 seconds
Final tree: Tree: ((0,1),((35,36),((((((25,24),(22,23)),((31,34),(32,33))),((29,(28,30)),(26,27))),((((7,8),9),(11,(10,12))),(((21,20),19),((18,(17,13)),((14,16),15))))),((6,(5,2)),(3,4)))));
Tree Score: 15665.515654999095
Total Score Improvement: 0.5537671381610338

===========================================================
RESULTS FROM 10 ITERATION(S):
AVERAGE TIME PER RUN: 422.876937497 seconds
AVERAGE IMPROVEMENT: 0.5686306442027961
BEST Tree: (((((((24,(25,26)),(23,27)),((29,30),(28,31))),((((15,16),(17,18)),((21,22),(20,19))),((((10,14),13),(11,12)),((6,9),(7,8))))),((1,2),(5,(4,3)))),((36,35),34)),((0,33),32));
Tree Score: 17963.23102700035
BEST'S IMPROVEMENT :0.5193804153122814
