--------------ITERATION 1--------------
Input tree: (((0,((1,2),3)),((4,5),(6,7))),(((((8,(((9,10),(11,12)),13)),(14,(15,((16,(17,18)),19)))),(20,(21,22))),23),(((24,((25,26),27)),(28,29)),(((30,(31,(32,33))),(34,35)),36))));
Initial Score: 9380.974073028485

Step Number: 1
Time Spent: 12.18222003 seconds
New Tree:
Tree: (((0,((1,2),3)),((4,5),(6,7))),(((23,(20,(21,22))),((8,(((9,10),(11,12)),13)),(14,(15,((16,(17,18)),19))))),(((24,((25,26),27)),(28,29)),(((30,(31,(32,33))),(34,35)),36))));
Tree Score: 10808.12689860102
Score Improvement: 0.15213269053538747

Step Number: 2
Time Spent: 11.961388805 seconds
New Tree:
Tree: (((0,((1,2),3)),((4,5),(6,7))),(((8,(((9,10),(11,12)),13)),((23,(20,(21,22))),(14,(15,((16,(17,18)),19))))),(((24,((25,26),27)),(28,29)),(((30,(31,(32,33))),(34,35)),36))));
Tree Score: 11272.835296665167
Score Improvement: 0.04299620113863556

Step Number: 3
Time Spent: 11.381110755 seconds
New Tree:
Tree: (((0,((1,2),3)),((4,5),(6,7))),(((((24,((25,26),27)),(28,29)),(((30,(31,(32,33))),(34,35)),36)),((23,(20,(21,22))),(14,(15,((16,(17,18)),19))))),(8,(((9,10),(11,12)),13))));
Tree Score: 12102.926646707429
Score Improvement: 0.07363643024996791

Step Number: 4
Time Spent: 11.457918846 seconds
New Tree:
Tree: (((0,((1,2),3)),((4,5),(6,7))),(((((24,((25,26),27)),(28,29)),(((30,(31,(32,33))),(34,35)),36)),((23,(20,(21,22))),(14,(15,((16,(17,18)),19))))),(((9,10),(11,12)),(8,13))));
Tree Score: 12486.988196173532
Score Improvement: 0.031732948622851254

Step Number: 5
Time Spent: 10.860223426 seconds
New Tree:
Tree: (((0,((1,2),3)),((4,5),(6,7))),(((((24,((25,26),27)),(28,29)),(((30,(31,(32,33))),(34,35)),36)),((23,(20,(21,22))),(((16,(17,18)),19),(15,14)))),(((9,10),(11,12)),(8,13))));
Tree Score: 12660.264446096226
Score Improvement: 0.013876544704013671

Step Number: 6
Time Spent: 10.322681328 seconds
New Tree:
Tree: (((0,((1,2),3)),((4,5),(6,7))),(((((24,((25,26),27)),(28,29)),(((30,(31,(32,33))),(34,35)),36)),(((21,22),(20,23)),(((16,(17,18)),19),(15,14)))),(((9,10),(11,12)),(8,13))));
Tree Score: 12752.101596660643
Score Improvement: 0.007253967794703886

Step Number: 7
Time Spent: 9.720527799 seconds
New Tree:
Tree: (((0,((1,2),3)),((4,5),(6,7))),(((((24,((25,26),27)),(28,29)),((((32,33),(31,30)),(34,35)),36)),(((21,22),(20,23)),(((16,(17,18)),19),(15,14)))),(((9,10),(11,12)),(8,13))));
Tree Score: 12817.503321766584
Score Improvement: 0.005128701697535654

Step Number: 8
Time Spent: 9.22210073 seconds
New Tree:
Tree: (((0,((1,2),3)),((4,5),(6,7))),(((((24,((25,26),27)),(28,29)),((36,(34,35)),((32,33),(31,30)))),(((21,22),(20,23)),(((16,(17,18)),19),(15,14)))),(((9,10),(11,12)),(8,13))));
Tree Score: 12858.155572673037
Score Improvement: 0.0031716200796623184

Step Number: 9
Time Spent: 8.529122453 seconds
New Tree:
Tree: (((0,((1,2),3)),((4,5),(6,7))),(((((24,((25,26),27)),(28,29)),((36,(34,35)),((32,33),(31,30)))),(((21,22),(20,23)),(((16,(17,18)),19),(15,14)))),(((9,10),(11,12)),(8,13))));
Tree Score: 12858.155572673037
Score Improvement: 0.0

TOTAL STEPS: 9
TOTAL TIME: 95.637294172 seconds
Final tree: Tree: (((0,((1,2),3)),((4,5),(6,7))),(((((24,((25,26),27)),(28,29)),((36,(34,35)),((32,33),(31,30)))),(((21,22),(20,23)),(((16,(17,18)),19),(15,14)))),(((9,10),(11,12)),(8,13))));
Tree Score: 12858.155572673037
Total Score Improvement: 0.37066316062442795

--------------ITERATION 2--------------
Input tree: (((0,1),(((2,3),((((4,((5,6),7)),8),(9,(10,11))),(((12,(13,(14,(15,16)))),17),(((18,19),(20,21)),(22,((23,24),25)))))),(26,(((27,28),(29,30)),(31,32))))),((33,34),(35,36)));
Initial Score: 9397.215077551167

Step Number: 1
Time Spent: 12.185805123 seconds
New Tree:
Tree: (((0,1),(((2,3),((((18,19),(20,21)),(22,((23,24),25))),(((12,(13,(14,(15,16)))),17),(((4,((5,6),7)),8),(9,(10,11)))))),(26,(((27,28),(29,30)),(31,32))))),((33,34),(35,36)));
Tree Score: 11269.10682682832
Score Improvement: 0.19919643573433587

Step Number: 2
Time Spent: 12.167561462 seconds
New Tree:
Tree: (((0,1),(((26,(((27,28),(29,30)),(31,32))),((((18,19),(20,21)),(22,((23,24),25))),(((12,(13,(14,(15,16)))),17),(((4,((5,6),7)),8),(9,(10,11)))))),(2,3))),((33,34),(35,36)));
Tree Score: 11508.097201612945
Score Improvement: 0.021207570258865882

Step Number: 3
Time Spent: 12.892171693 seconds
New Tree:
Tree: (((0,1),(((((12,(13,(14,(15,16)))),17),(((4,((5,6),7)),8),(9,(10,11)))),((((18,19),(20,21)),(22,((23,24),25))),(26,(((27,28),(29,30)),(31,32))))),(2,3))),((33,34),(35,36)));
Tree Score: 13561.41329939063
Score Improvement: 0.17842359703825728

Step Number: 4
Time Spent: 12.341247236 seconds
New Tree:
Tree: ((((((12,(13,(14,(15,16)))),17),(((4,((5,6),7)),8),(9,(10,11)))),((((18,19),(20,21)),(22,((23,24),25))),(26,(((27,28),(29,30)),(31,32))))),((0,1),(2,3))),((33,34),(35,36)));
Tree Score: 13945.633124024016
Score Improvement: 0.028331842423138243

Step Number: 5
Time Spent: 12.755401088 seconds
New Tree:
Tree: ((((((12,(13,(14,(15,16)))),17),(((9,(10,11)),8),(4,((5,6),7)))),((((18,19),(20,21)),(22,((23,24),25))),(26,(((27,28),(29,30)),(31,32))))),((0,1),(2,3))),((33,34),(35,36)));
Tree Score: 14011.692148383523
Score Improvement: 0.0047368967598686584

Step Number: 6
Time Spent: 13.135711043 seconds
New Tree:
Tree: ((((((12,(13,(14,(15,16)))),17),(((9,8),(10,11)),(4,((5,6),7)))),((((18,19),(20,21)),(22,((23,24),25))),(26,(((27,28),(29,30)),(31,32))))),((0,1),(2,3))),((33,34),(35,36)));
Tree Score: 14087.751248251463
Score Improvement: 0.005428259418096992

Step Number: 7
Time Spent: 12.837947689 seconds
New Tree:
Tree: ((((((12,(13,(16,(15,14)))),17),(((9,8),(10,11)),(4,((5,6),7)))),((((18,19),(20,21)),(22,((23,24),25))),(26,(((27,28),(29,30)),(31,32))))),((0,1),(2,3))),((33,34),(35,36)));
Tree Score: 14096.417823057438
Score Improvement: 6.151851103313177E-4

Step Number: 8
Time Spent: 12.890201611 seconds
New Tree:
Tree: ((((((12,(16,(13,(15,14)))),17),(((9,8),(10,11)),(4,((5,6),7)))),((((18,19),(20,21)),(22,((23,24),25))),(26,(((27,28),(29,30)),(31,32))))),((0,1),(2,3))),((33,34),(35,36)));
Tree Score: 14103.222598206068
Score Improvement: 4.8273080679406277E-4

Step Number: 9
Time Spent: 11.990969383 seconds
New Tree:
Tree: ((((((12,(16,(13,(15,14)))),17),(((9,8),(10,11)),(4,((5,6),7)))),((((18,19),(20,21)),(22,((25,24),23))),(26,(((27,28),(29,30)),(31,32))))),((0,1),(2,3))),((33,34),(35,36)));
Tree Score: 14107.313348169255
Score Improvement: 2.900578172613244E-4

Step Number: 10
Time Spent: 11.822865813 seconds
New Tree:
Tree: ((((((12,(16,(13,(15,14)))),17),(((9,8),(10,11)),(4,((5,6),7)))),((((18,19),(20,21)),((25,24),(22,23))),(26,(((27,28),(29,30)),(31,32))))),((0,1),(2,3))),((33,34),(35,36)));
Tree Score: 14170.971673200655
Score Improvement: 0.004512434328231674

Step Number: 11
Time Spent: 11.107822999 seconds
New Tree:
Tree: ((((((12,(16,(13,(15,14)))),17),(((9,8),(10,11)),(4,((5,6),7)))),((((18,19),(20,21)),((25,24),(22,23))),(26,(((27,28),(29,30)),(31,32))))),((0,1),(2,3))),((33,34),(35,36)));
Tree Score: 14170.971673200655
Score Improvement: 0.0

TOTAL STEPS: 11
TOTAL TIME: 136.12770514 seconds
Final tree: Tree: ((((((12,(16,(13,(15,14)))),17),(((9,8),(10,11)),(4,((5,6),7)))),((((18,19),(20,21)),((25,24),(22,23))),(26,(((27,28),(29,30)),(31,32))))),((0,1),(2,3))),((33,34),(35,36)));
Tree Score: 14170.971673200655
Total Score Improvement: 0.5079969497615762

--------------ITERATION 3--------------
Input tree: ((((0,(1,(((((2,3),(4,(5,6))),7),8),((9,(10,(11,(12,(13,14))))),(15,16))))),(17,18)),(19,((20,((21,((22,23),((((24,25),26),27),(28,29)))),30)),(31,32)))),((33,34),(35,36)));
Initial Score: 5874.993252078082

Step Number: 1
Time Spent: 13.677877543 seconds
New Tree:
Tree: (((((((((2,3),(4,(5,6))),7),8),((9,(10,(11,(12,(13,14))))),(15,16))),(1,0)),(17,18)),(19,((20,((21,((22,23),((((24,25),26),27),(28,29)))),30)),(31,32)))),((33,34),(35,36)));
Tree Score: 6887.308101603772
Score Improvement: 0.1723091084687829

Step Number: 2
Time Spent: 13.21541182 seconds
New Tree:
Tree: ((((19,((20,((21,((22,23),((((24,25),26),27),(28,29)))),30)),(31,32))),(17,18)),((((((2,3),(4,(5,6))),7),8),((9,(10,(11,(12,(13,14))))),(15,16))),(1,0))),((33,34),(35,36)));
Tree Score: 7390.068250500772
Score Improvement: 0.07299806273802778

Step Number: 3
Time Spent: 13.900518076 seconds
New Tree:
Tree: (((1,0),((((((2,3),(4,(5,6))),7),8),((9,(10,(11,(12,(13,14))))),(15,16))),((19,((20,((21,((22,23),((((24,25),26),27),(28,29)))),30)),(31,32))),(17,18)))),((33,34),(35,36)));
Tree Score: 9384.221699843998
Score Improvement: 0.26984235892653596

Step Number: 4
Time Spent: 13.134967722 seconds
New Tree:
Tree: (((1,0),((((((2,3),(4,(5,6))),7),8),((9,(10,(11,(12,(13,14))))),(15,16))),((19,(17,18)),((20,((21,((22,23),((((24,25),26),27),(28,29)))),30)),(31,32))))),((33,34),(35,36)));
Tree Score: 10502.57970177877
Score Improvement: 0.1191742946517731

Step Number: 5
Time Spent: 12.404398772 seconds
New Tree:
Tree: (((1,0),((((((2,3),(4,(5,6))),7),8),((9,(10,(11,(12,(13,14))))),(15,16))),((19,(17,18)),((20,((((((24,25),26),27),(28,29)),((22,23),21)),30)),(31,32))))),((33,34),(35,36)));
Tree Score: 10748.676351360336
Score Improvement: 0.023432019234273183

Step Number: 6
Time Spent: 12.274478829 seconds
New Tree:
Tree: (((1,0),((((8,7),((2,3),(4,(5,6)))),((9,(10,(11,(12,(13,14))))),(15,16))),((19,(17,18)),((20,((((((24,25),26),27),(28,29)),((22,23),21)),30)),(31,32))))),((33,34),(35,36)));
Tree Score: 10934.079476444924
Score Improvement: 0.017248926195561065

Step Number: 7
Time Spent: 11.47896419 seconds
New Tree:
Tree: (((1,0),((((8,7),((2,3),(4,(5,6)))),((9,(10,(11,(12,(13,14))))),(15,16))),((19,(17,18)),((20,(((((28,29),27),((24,25),26)),((22,23),21)),30)),(31,32))))),((33,34),(35,36)));
Tree Score: 10998.749152191856
Score Improvement: 0.005914505732855568

Step Number: 8
Time Spent: 11.077329736 seconds
New Tree:
Tree: (((1,0),((((8,7),((2,3),(4,(5,6)))),((10,(9,(11,(12,(13,14))))),(15,16))),((19,(17,18)),((20,(((((28,29),27),((24,25),26)),((22,23),21)),30)),(31,32))))),((33,34),(35,36)));
Tree Score: 11011.01067709265
Score Improvement: 0.0011148108508638455

Step Number: 9
Time Spent: 10.995526178 seconds
New Tree:
Tree: (((1,0),((((8,7),((2,3),(4,(5,6)))),((10,((12,(13,14)),(11,9))),(15,16))),((19,(17,18)),((20,(((((28,29),27),((24,25),26)),((22,23),21)),30)),(31,32))))),((33,34),(35,36)));
Tree Score: 11057.205926769355
Score Improvement: 0.0041953687115035

Step Number: 10
Time Spent: 10.295191099 seconds
New Tree:
Tree: (((1,0),((((8,7),((2,3),(6,(5,4)))),((10,((12,(13,14)),(11,9))),(15,16))),((19,(17,18)),((20,(((((28,29),27),((24,25),26)),((22,23),21)),30)),(31,32))))),((33,34),(35,36)));
Tree Score: 11061.629126621818
Score Improvement: 4.000287126564306E-4

Step Number: 11
Time Spent: 9.798476119 seconds
New Tree:
Tree: (((1,0),((((8,7),((2,3),(6,(5,4)))),((10,((12,(13,14)),(11,9))),(15,16))),((19,(17,18)),((20,((((24,25),(((28,29),27),26)),((22,23),21)),30)),(31,32))))),((33,34),(35,36)));
Tree Score: 11063.977152407577
Score Improvement: 2.122676288349723E-4

Step Number: 12
Time Spent: 9.990104329 seconds
New Tree:
Tree: (((1,0),((((8,7),((2,3),(6,(5,4)))),((10,((12,(13,14)),(11,9))),(15,16))),((19,(17,18)),((20,((((24,25),(((28,27),29),26)),((22,23),21)),30)),(31,32))))),((33,34),(35,36)));
Tree Score: 11068.272952378204
Score Improvement: 3.88269056547319E-4

Step Number: 13
Time Spent: 9.199437093 seconds
New Tree:
Tree: (((1,0),((((8,7),((2,3),(6,(5,4)))),((10,(((11,9),(13,14)),12)),(15,16))),((19,(17,18)),((20,((((24,25),(((28,27),29),26)),((22,23),21)),30)),(31,32))))),((33,34),(35,36)));
Tree Score: 11068.857552799804
Score Improvement: 5.2817673011462674E-5

Step Number: 14
Time Spent: 9.134987138 seconds
New Tree:
Tree: (((1,0),((((8,7),((2,3),(6,(5,4)))),((((11,9),(13,14)),(10,12)),(15,16))),((19,(17,18)),((20,((((24,25),(((28,27),29),26)),((22,23),21)),30)),(31,32))))),((33,34),(35,36)));
Tree Score: 11159.20330292586
Score Improvement: 0.0081621567262109

Step Number: 15
Time Spent: 8.482273899 seconds
New Tree:
Tree: (((1,0),((((8,7),((2,3),(6,(5,4)))),((((11,9),(13,14)),(10,12)),(15,16))),((19,(17,18)),((20,((((24,25),(((28,27),29),26)),((22,23),21)),30)),(31,32))))),((33,34),(35,36)));
Tree Score: 11159.20330292586
Score Improvement: 0.0

TOTAL STEPS: 15
TOTAL TIME: 169.059942543 seconds
Final tree: Tree: (((1,0),((((8,7),((2,3),(6,(5,4)))),((((11,9),(13,14)),(10,12)),(15,16))),((19,(17,18)),((20,((((24,25),(((28,27),29),26)),((22,23),21)),30)),(31,32))))),((33,34),(35,36)));
Tree Score: 11159.20330292586
Total Score Improvement: 0.8994410417371399

--------------ITERATION 4--------------
Input tree: (((0,(((1,2),((3,4),(5,6))),((7,8),((9,10),((11,12),13))))),(((14,(15,(16,17))),18),(19,(20,21)))),(((22,(23,(((24,25),(26,(27,28))),(29,30)))),31),((32,(33,(34,35))),36)));
Initial Score: 8507.424173043959

Step Number: 1
Time Spent: 12.437321465 seconds
New Tree:
Tree: (((((7,8),((9,10),((11,12),13))),(((1,2),((3,4),(5,6))),0)),(((14,(15,(16,17))),18),(19,(20,21)))),(((22,(23,(((24,25),(26,(27,28))),(29,30)))),31),((32,(33,(34,35))),36)));
Tree Score: 10302.055924738443
Score Improvement: 0.21094889771463743

Step Number: 2
Time Spent: 12.563947762 seconds
New Tree:
Tree: (((((7,8),((9,10),((11,12),13))),(((1,2),0),((3,4),(5,6)))),(((14,(15,(16,17))),18),(19,(20,21)))),(((22,(23,(((24,25),(26,(27,28))),(29,30)))),31),((32,(33,(34,35))),36)));
Tree Score: 10794.379098958021
Score Improvement: 0.04778882757152947

Step Number: 3
Time Spent: 11.848085849 seconds
New Tree:
Tree: (((((7,8),((9,10),((11,12),13))),(((1,2),0),((3,4),(5,6)))),(((14,(15,(16,17))),18),(19,(20,21)))),((((((24,25),(26,(27,28))),(29,30)),(23,22)),31),((32,(33,(34,35))),36)));
Tree Score: 11119.452023542171
Score Improvement: 0.030115018344642808

Step Number: 4
Time Spent: 11.334464879 seconds
New Tree:
Tree: ((((((11,12),13),((9,10),(7,8))),(((1,2),0),((3,4),(5,6)))),(((14,(15,(16,17))),18),(19,(20,21)))),((((((24,25),(26,(27,28))),(29,30)),(23,22)),31),((32,(33,(34,35))),36)));
Tree Score: 11287.348898383474
Score Improvement: 0.015099383898220076

Step Number: 5
Time Spent: 10.741169112 seconds
New Tree:
Tree: ((((((11,12),13),((9,10),(7,8))),(((1,2),0),((3,4),(5,6)))),(((14,(15,(16,17))),18),(19,(20,21)))),((((((29,30),(26,(27,28))),(24,25)),(23,22)),31),((32,(33,(34,35))),36)));
Tree Score: 11377.079648988938
Score Improvement: 0.00794967457932616

Step Number: 6
Time Spent: 10.834637631 seconds
New Tree:
Tree: ((((((11,12),13),((9,10),(7,8))),(((1,2),0),((3,4),(5,6)))),(((14,(15,(16,17))),18),(19,(20,21)))),((((((29,30),(26,(27,28))),(24,25)),31),(23,22)),((32,(33,(34,35))),36)));
Tree Score: 11483.827623570955
Score Improvement: 0.009382721917702508

Step Number: 7
Time Spent: 10.398574986 seconds
New Tree:
Tree: ((((((11,12),13),((9,10),(7,8))),(((1,2),0),((3,4),(5,6)))),(((14,(15,(16,17))),18),(19,(20,21)))),((((((29,30),(26,(27,28))),(24,25)),31),(23,22)),(((34,35),(33,32)),36)));
Tree Score: 11556.161623149796
Score Improvement: 0.0062987709281157045

Step Number: 8
Time Spent: 9.497221959 seconds
New Tree:
Tree: ((((((11,12),13),((9,10),(7,8))),(((1,2),0),((3,4),(5,6)))),((((16,17),(15,14)),18),(19,(20,21)))),((((((29,30),(26,(27,28))),(24,25)),31),(23,22)),(((34,35),(33,32)),36)));
Tree Score: 11606.648398095329
Score Improvement: 0.00436881869533523

Step Number: 9
Time Spent: 9.612244127 seconds
New Tree:
Tree: ((((((11,12),13),((9,10),(7,8))),(((1,2),0),((3,4),(5,6)))),((((16,17),18),(15,14)),(19,(20,21)))),((((((29,30),(26,(27,28))),(24,25)),31),(23,22)),(((34,35),(33,32)),36)));
Tree Score: 11729.362998653674
Score Improvement: 0.010572785213213143

Step Number: 10
Time Spent: 8.971176502 seconds
New Tree:
Tree: ((((((11,12),13),((9,10),(7,8))),(((1,2),0),((3,4),(5,6)))),((((16,17),18),(15,14)),(21,(20,19)))),((((((29,30),(26,(27,28))),(24,25)),31),(23,22)),(((34,35),(33,32)),36)));
Tree Score: 11746.424848702276
Score Improvement: 0.0014546271652229326

Step Number: 11
Time Spent: 8.378659047 seconds
New Tree:
Tree: ((((((11,12),13),((9,10),(7,8))),(((1,2),0),((3,4),(5,6)))),((((16,17),18),(15,14)),(21,(20,19)))),((((((29,30),(26,(27,28))),(24,25)),31),(23,22)),(((34,35),(33,32)),36)));
Tree Score: 11746.424848702276
Score Improvement: 0.0

TOTAL STEPS: 11
TOTAL TIME: 116.617503319 seconds
Final tree: Tree: ((((((11,12),13),((9,10),(7,8))),(((1,2),0),((3,4),(5,6)))),((((16,17),18),(15,14)),(21,(20,19)))),((((((29,30),(26,(27,28))),(24,25)),31),(23,22)),(((34,35),(33,32)),36)));
Tree Score: 11746.424848702276
Total Score Improvement: 0.3807263643819703

--------------ITERATION 5--------------
Input tree: ((0,1),(((((2,3),(4,5)),(((((6,7),8),9),((10,11),12)),(13,14))),((15,16),((((17,((18,19),20)),((21,22),23)),(((24,25),(26,27)),((28,29),((30,31),32)))),(33,34)))),(35,36)));
Initial Score: 10517.977449491063

Step Number: 1
Time Spent: 10.245632005 seconds
New Tree:
Tree: ((0,1),(((((15,16),((((17,((18,19),20)),((21,22),23)),(((24,25),(26,27)),((28,29),((30,31),32)))),(33,34))),(((((6,7),8),9),((10,11),12)),(13,14))),((2,3),(4,5))),(35,36)));
Tree Score: 11463.203901520053
Score Improvement: 0.0898677009499318

Step Number: 2
Time Spent: 10.626375114 seconds
New Tree:
Tree: ((0,1),(((((15,16),(((((6,7),8),9),((10,11),12)),(13,14))),((((17,((18,19),20)),((21,22),23)),(((24,25),(26,27)),((28,29),((30,31),32)))),(33,34))),((2,3),(4,5))),(35,36)));
Tree Score: 12541.679299060022
Score Improvement: 0.09408149822729395

Step Number: 3
Time Spent: 10.488410153 seconds
New Tree:
Tree: ((0,1),((((((((6,7),8),9),((10,11),12)),((15,16),(13,14))),((((17,((18,19),20)),((21,22),23)),(((24,25),(26,27)),((28,29),((30,31),32)))),(33,34))),((2,3),(4,5))),(35,36)));
Tree Score: 14158.120299966773
Score Improvement: 0.12888553138397496

Step Number: 4
Time Spent: 11.144768619 seconds
New Tree:
Tree: ((0,1),((((((((6,7),8),9),((10,11),12)),((15,16),(13,14))),((((20,((18,19),17)),((21,22),23)),(((24,25),(26,27)),((28,29),((30,31),32)))),(33,34))),((2,3),(4,5))),(35,36)));
Tree Score: 14178.767974707996
Score Improvement: 0.0014583627136768307

Step Number: 5
Time Spent: 11.099931005 seconds
New Tree:
Tree: ((0,1),((((((((6,7),8),9),((10,11),12)),((15,16),(13,14))),((((20,((18,17),19)),((21,22),23)),(((24,25),(26,27)),((28,29),((30,31),32)))),(33,34))),((2,3),(4,5))),(35,36)));
Tree Score: 14188.653149563586
Score Improvement: 6.971815092271516E-4

Step Number: 6
Time Spent: 10.535951394 seconds
New Tree:
Tree: ((0,1),((((((((8,7),6),9),((10,11),12)),((15,16),(13,14))),((((20,((18,17),19)),((21,22),23)),(((24,25),(26,27)),((28,29),((30,31),32)))),(33,34))),((2,3),(4,5))),(35,36)));
Tree Score: 14198.033624406671
Score Improvement: 6.611251078030289E-4

Step Number: 7
Time Spent: 10.532595242 seconds
New Tree:
Tree: ((0,1),((((((((8,7),6),9),((10,11),12)),((15,16),(13,14))),((((20,((18,17),19)),((21,23),22)),(((24,25),(26,27)),((28,29),((30,31),32)))),(33,34))),((2,3),(4,5))),(35,36)));
Tree Score: 14199.241474505281
Score Improvement: 8.507164657878263E-5

Step Number: 8
Time Spent: 9.864082646 seconds
New Tree:
Tree: ((0,1),((((((((8,7),6),9),((10,11),12)),((15,16),(13,14))),((((20,((18,17),19)),((21,23),22)),(((24,25),(26,27)),((28,29),((30,31),32)))),(33,34))),((2,3),(4,5))),(35,36)));
Tree Score: 14199.241474505281
Score Improvement: 0.0

TOTAL STEPS: 8
TOTAL TIME: 84.537746178 seconds
Final tree: Tree: ((0,1),((((((((8,7),6),9),((10,11),12)),((15,16),(13,14))),((((20,((18,17),19)),((21,23),22)),(((24,25),(26,27)),((28,29),((30,31),32)))),(33,34))),((2,3),(4,5))),(35,36)));
Tree Score: 14199.241474505281
Total Score Improvement: 0.349997330065805

--------------ITERATION 6--------------
Input tree: ((((((0,((1,2),(3,4))),5),(6,7)),((8,(((9,10),((11,12),13)),((14,15),(16,17)))),((18,19),20))),(((21,22),23),(24,25))),((((26,27),(28,((29,(30,31)),32))),(33,34)),(35,36)));
Initial Score: 8993.944026254207

Step Number: 1
Time Spent: 12.566615071 seconds
New Tree:
Tree: ((((((0,((1,2),(3,4))),5),(6,7)),((((14,15),(16,17)),(((9,10),((11,12),13)),8)),((18,19),20))),(((21,22),23),(24,25))),((((26,27),(28,((29,(30,31)),32))),(33,34)),(35,36)));
Tree Score: 9505.897276422449
Score Improvement: 0.05692199647605101

Step Number: 2
Time Spent: 12.039217348 seconds
New Tree:
Tree: ((((((0,((1,2),(3,4))),5),(6,7)),((((14,15),(16,17)),(((9,10),((11,12),13)),8)),((18,19),20))),(((21,22),23),(24,25))),(((35,36),(33,34)),((26,27),(28,((29,(30,31)),32)))));
Tree Score: 9997.535652798459
Score Improvement: 0.051719302458214544

Step Number: 3
Time Spent: 12.04696065 seconds
New Tree:
Tree: ((((((((14,15),(16,17)),(((9,10),((11,12),13)),8)),((18,19),20)),(6,7)),((0,((1,2),(3,4))),5)),(((21,22),23),(24,25))),(((35,36),(33,34)),((26,27),(28,((29,(30,31)),32)))));
Tree Score: 10387.377627224985
Score Improvement: 0.03899380687053644

Step Number: 4
Time Spent: 11.473910475 seconds
New Tree:
Tree: ((((((((14,15),(16,17)),(((9,10),((11,12),13)),8)),((18,19),20)),(6,7)),((0,((1,2),(3,4))),5)),(((21,22),23),(24,25))),(((35,36),(33,34)),(((29,(30,31)),32),(28,(26,27)))));
Tree Score: 10592.511951061755
Score Improvement: 0.019748422672063004

Step Number: 5
Time Spent: 11.06960515 seconds
New Tree:
Tree: ((((((((14,15),(16,17)),(((9,10),8),((11,12),13))),((18,19),20)),(6,7)),((0,((1,2),(3,4))),5)),(((21,22),23),(24,25))),(((35,36),(33,34)),(((29,(30,31)),32),(28,(26,27)))));
Tree Score: 10755.511326220676
Score Improvement: 0.015388170049936312

Step Number: 6
Time Spent: 11.146456264 seconds
New Tree:
Tree: ((((((((14,15),(16,17)),(((9,10),8),((11,12),13))),((18,19),20)),(6,7)),(((3,4),((1,2),0)),5)),(((21,22),23),(24,25))),(((35,36),(33,34)),(((29,(30,31)),32),(28,(26,27)))));
Tree Score: 10765.753876299455
Score Improvement: 9.523071259112115E-4

Step Number: 7
Time Spent: 10.314217751 seconds
New Tree:
Tree: ((((((((14,15),(16,17)),(((9,10),8),((11,12),13))),((18,19),20)),(6,7)),(((3,4),5),((1,2),0))),(((21,22),23),(24,25))),(((35,36),(33,34)),(((29,(30,31)),32),(28,(26,27)))));
Tree Score: 11339.198400583908
Score Improvement: 0.05326561714798972

Step Number: 8
Time Spent: 9.71890846 seconds
New Tree:
Tree: ((((((((14,15),(16,17)),(((9,10),8),((11,12),13))),((18,19),20)),(6,7)),(((3,4),5),((1,2),0))),(((21,22),23),(24,25))),(((35,36),(33,34)),(((31,(30,29)),32),(28,(26,27)))));
Tree Score: 11346.338900712177
Score Improvement: 6.297182460359707E-4

Step Number: 9
Time Spent: 9.172105964 seconds
New Tree:
Tree: ((((((((14,15),(16,17)),(((9,10),8),((11,12),13))),((18,19),20)),(6,7)),(((3,4),5),((1,2),0))),(((21,23),22),(24,25))),(((35,36),(33,34)),(((31,(30,29)),32),(28,(26,27)))));
Tree Score: 11352.567525517985
Score Improvement: 5.489545888159864E-4

Step Number: 10
Time Spent: 8.807177296 seconds
New Tree:
Tree: ((((((((14,15),(16,17)),(((9,10),8),((11,12),13))),((18,19),20)),(6,7)),(((3,4),5),((1,2),0))),(((21,23),22),(24,25))),(((35,36),(33,34)),(((31,(30,29)),32),(28,(26,27)))));
Tree Score: 11352.567525517985
Score Improvement: 0.0

TOTAL STEPS: 10
TOTAL TIME: 108.355174429 seconds
Final tree: Tree: ((((((((14,15),(16,17)),(((9,10),8),((11,12),13))),((18,19),20)),(6,7)),(((3,4),5),((1,2),0))),(((21,23),22),(24,25))),(((35,36),(33,34)),(((31,(30,29)),32),(28,(26,27)))));
Tree Score: 11352.567525517985
Total Score Improvement: 0.2622457391750188

--------------ITERATION 7--------------
Input tree: (((((0,1),2),((3,4),5)),(6,(7,(8,9)))),((((10,11),((12,(13,14)),((15,16),(17,18)))),((((19,((((20,21),22),23),24)),(25,26)),(27,28)),(29,(30,(31,32))))),(((33,34),35),36)));
Initial Score: 11182.581576141958

Step Number: 1
Time Spent: 9.994074736 seconds
New Tree:
Tree: (((((0,1),2),((3,4),5)),(6,(7,(8,9)))),((((10,11),((12,(13,14)),((15,16),(17,18)))),(((29,(30,(31,32))),(27,28)),((19,((((20,21),22),23),24)),(25,26)))),(((33,34),35),36)));
Tree Score: 12035.558774507917
Score Improvement: 0.07627730614420791

Step Number: 2
Time Spent: 9.816840326 seconds
New Tree:
Tree: (((((0,1),2),((3,4),5)),(6,(7,(8,9)))),(((((15,16),(17,18)),((12,(13,14)),(10,11))),(((29,(30,(31,32))),(27,28)),((19,((((20,21),22),23),24)),(25,26)))),(((33,34),35),36)));
Tree Score: 12282.99160115124
Score Improvement: 0.020558482682781598

Step Number: 3
Time Spent: 10.160111213 seconds
New Tree:
Tree: (((((0,1),2),((3,4),5)),(6,(7,(8,9)))),(((((15,16),(17,18)),((12,(13,14)),(10,11))),((19,((((20,21),22),23),24)),(((29,(30,(31,32))),(27,28)),(25,26)))),(((33,34),35),36)));
Tree Score: 12409.29472728583
Score Improvement: 0.01028276581437626

Step Number: 4
Time Spent: 10.562755431 seconds
New Tree:
Tree: (((((0,1),2),((3,4),5)),(6,(7,(8,9)))),(((((15,16),(17,18)),((12,(13,14)),(10,11))),((19,((((20,21),22),23),24)),(((25,26),(27,28)),(29,(30,(31,32)))))),(((33,34),35),36)));
Tree Score: 12692.865551029303
Score Improvement: 0.022851485920465153

Step Number: 5
Time Spent: 10.538461142 seconds
New Tree:
Tree: (((((0,1),2),((3,4),5)),(6,(7,(8,9)))),(((((15,16),(17,18)),((12,(13,14)),(10,11))),((19,((((20,21),22),23),24)),(((25,26),(27,28)),((31,32),(30,29))))),(((33,34),35),36)));
Tree Score: 12729.00557620541
Score Improvement: 0.0028472707782820628

Step Number: 6
Time Spent: 10.186482862 seconds
New Tree:
Tree: (((((0,1),2),((3,4),5)),(6,(7,(8,9)))),(((((15,16),(17,18)),((12,(10,11)),(13,14))),((19,((((20,21),22),23),24)),(((25,26),(27,28)),((31,32),(30,29))))),(((33,34),35),36)));
Tree Score: 12746.338676233747
Score Improvement: 0.0013617010319122436

Step Number: 7
Time Spent: 10.027068526 seconds
New Tree:
Tree: (((((0,1),2),((3,4),5)),(6,(7,(8,9)))),((((12,(10,11)),(((15,16),(17,18)),(13,14))),((19,((((20,21),22),23),24)),(((25,26),(27,28)),((31,32),(30,29))))),(((33,34),35),36)));
Tree Score: 12857.809949653885
Score Improvement: 0.008745356313808239

Step Number: 8
Time Spent: 8.791594728 seconds
New Tree:
Tree: (((((0,1),2),((3,4),5)),(6,(7,(8,9)))),((((12,(10,11)),(((15,16),(17,18)),(13,14))),((19,((((20,21),23),22),24)),(((25,26),(27,28)),((31,32),(30,29))))),(((33,34),35),36)));
Tree Score: 12871.89857491172
Score Improvement: 0.0010957251128302925

Step Number: 9
Time Spent: 8.268880281 seconds
New Tree:
Tree: (((((0,1),2),((3,4),5)),(6,(9,(8,7)))),((((12,(10,11)),(((15,16),(17,18)),(13,14))),((19,((((20,21),23),22),24)),(((25,26),(27,28)),((31,32),(30,29))))),(((33,34),35),36)));
Tree Score: 12882.453849912352
Score Improvement: 8.200247181255893E-4

Step Number: 10
Time Spent: 7.912636726 seconds
New Tree:
Tree: (((((0,1),2),((3,4),5)),(6,(9,(8,7)))),((((12,(10,11)),(((15,16),(17,18)),(13,14))),((19,((((20,21),23),22),24)),(((25,26),(27,28)),((31,32),(30,29))))),(((35,34),33),36)));
Tree Score: 12889.713724830966
Score Improvement: 5.635475199985418E-4

Step Number: 11
Time Spent: 7.782840891 seconds
New Tree:
Tree: (((((0,1),2),((3,4),5)),(6,(9,(8,7)))),((((12,(10,11)),(((15,16),(17,18)),(13,14))),((19,((((20,21),23),22),24)),(((25,26),(27,28)),((31,32),(30,29))))),(((35,34),33),36)));
Tree Score: 12889.713724830966
Score Improvement: 0.0

TOTAL STEPS: 11
TOTAL TIME: 104.041746862 seconds
Final tree: Tree: (((((0,1),2),((3,4),5)),(6,(9,(8,7)))),((((12,(10,11)),(((15,16),(17,18)),(13,14))),((19,((((20,21),23),22),24)),(((25,26),(27,28)),((31,32),(30,29))))),(((35,34),33),36)));
Tree Score: 12889.713724830966
Total Score Improvement: 0.15265993250889176

--------------ITERATION 8--------------
Input tree: (((((0,1),((2,(3,(4,5))),6)),(((((7,8),(9,10)),(((11,12),(13,14)),(15,16))),((17,18),(19,20))),21)),(22,23)),((((((24,25),26),(27,(28,29))),(30,(31,32))),(33,34)),(35,36)));
Initial Score: 9494.137075683306

Step Number: 1
Time Spent: 10.420880128 seconds
New Tree:
Tree: (((((0,1),((2,(3,(4,5))),6)),((21,((17,18),(19,20))),(((7,8),(9,10)),(((11,12),(13,14)),(15,16))))),(22,23)),((((((24,25),26),(27,(28,29))),(30,(31,32))),(33,34)),(35,36)));
Tree Score: 10179.537450032512
Score Improvement: 0.07219196108982628

Step Number: 2
Time Spent: 9.671734862 seconds
New Tree:
Tree: ((((21,((17,18),(19,20))),(((0,1),((2,(3,(4,5))),6)),(((7,8),(9,10)),(((11,12),(13,14)),(15,16))))),(22,23)),((((((24,25),26),(27,(28,29))),(30,(31,32))),(33,34)),(35,36)));
Tree Score: 12009.602127778577
Score Improvement: 0.179778765658966

Step Number: 3
Time Spent: 9.680896922 seconds
New Tree:
Tree: ((((21,((17,18),(19,20))),(22,23)),(((0,1),((2,(3,(4,5))),6)),(((7,8),(9,10)),(((11,12),(13,14)),(15,16))))),((((((24,25),26),(27,(28,29))),(30,(31,32))),(33,34)),(35,36)));
Tree Score: 13453.165025548311
Score Improvement: 0.12020072625309797

Step Number: 4
Time Spent: 9.548950813 seconds
New Tree:
Tree: ((((21,((17,18),(19,20))),(22,23)),(((0,1),((2,(3,(4,5))),6)),(((7,8),(9,10)),(((11,12),(13,14)),(15,16))))),(((35,36),(33,34)),((((24,25),26),(27,(28,29))),(30,(31,32)))));
Tree Score: 14067.910475701676
Score Improvement: 0.045695228519528897

Step Number: 5
Time Spent: 9.409184855 seconds
New Tree:
Tree: ((((21,((17,18),(19,20))),(22,23)),(((0,1),((2,(5,(4,3))),6)),(((7,8),(9,10)),(((11,12),(13,14)),(15,16))))),(((35,36),(33,34)),((((24,25),26),(27,(28,29))),(30,(31,32)))));
Tree Score: 14085.739200793789
Score Improvement: 0.0012673328510945936

Step Number: 6
Time Spent: 8.829443605 seconds
New Tree:
Tree: ((((21,((17,18),(19,20))),(22,23)),(((0,1),((2,(5,(4,3))),6)),(((7,8),(9,10)),(((11,12),(13,14)),(15,16))))),(((35,36),(33,34)),((((24,25),26),(27,(28,29))),(32,(31,30)))));
Tree Score: 14102.869000804261
Score Improvement: 0.0012161094115321625

Step Number: 7
Time Spent: 8.31630391 seconds
New Tree:
Tree: ((((21,((17,18),(19,20))),(22,23)),(((0,1),((2,(5,(4,3))),6)),(((7,8),(9,10)),(((11,12),(13,14)),(15,16))))),(((35,36),(33,34)),((((27,(28,29)),26),(24,25)),(32,(31,30)))));
Tree Score: 14106.133826194913
Score Improvement: 2.3150079536771173E-4

Step Number: 8
Time Spent: 8.261840211 seconds
New Tree:
Tree: ((((21,((17,18),(19,20))),(22,23)),(((0,1),((2,(5,(4,3))),6)),(((7,8),(9,10)),(((11,12),(13,14)),(15,16))))),(((35,36),(33,34)),((((29,(28,27)),26),(24,25)),(32,(31,30)))));
Tree Score: 14110.42962616554
Score Improvement: 3.0453418516773745E-4

Step Number: 9
Time Spent: 7.705247364 seconds
New Tree:
Tree: ((((21,((17,18),(19,20))),(22,23)),(((0,1),((2,(5,(4,3))),6)),(((7,8),(9,10)),(((11,12),(13,14)),(15,16))))),(((35,36),(33,34)),((((29,(28,27)),26),(24,25)),(32,(31,30)))));
Tree Score: 14110.42962616554
Score Improvement: 0.0

TOTAL STEPS: 9
TOTAL TIME: 81.84448267 seconds
Final tree: Tree: ((((21,((17,18),(19,20))),(22,23)),(((0,1),((2,(5,(4,3))),6)),(((7,8),(9,10)),(((11,12),(13,14)),(15,16))))),(((35,36),(33,34)),((((29,(28,27)),26),(24,25)),(32,(31,30)))));
Tree Score: 14110.42962616554
Total Score Improvement: 0.48622560572731066

--------------ITERATION 9--------------
Input tree: (((0,(((((1,2),((3,(4,(5,6))),7)),(((((8,9),(10,11)),((12,13),(14,15))),(16,17)),((18,19),(20,21)))),(22,23)),(((24,25),26),27))),(((28,29),(30,31)),(32,33))),(34,(35,36)));
Initial Score: 8905.879775234831

Step Number: 1
Time Spent: 10.041213341 seconds
New Tree:
Tree: (((0,(((((18,19),(20,21)),(((((8,9),(10,11)),((12,13),(14,15))),(16,17)),((1,2),((3,(4,(5,6))),7)))),(22,23)),(((24,25),26),27))),(((28,29),(30,31)),(32,33))),(34,(35,36)));
Tree Score: 9967.073525670034
Score Improvement: 0.11915653222561273

Step Number: 2
Time Spent: 9.994294107 seconds
New Tree:
Tree: (((0,(((((18,19),(20,21)),(22,23)),(((((8,9),(10,11)),((12,13),(14,15))),(16,17)),((1,2),((3,(4,(5,6))),7)))),(((24,25),26),27))),(((28,29),(30,31)),(32,33))),(34,(35,36)));
Tree Score: 11773.91685184818
Score Improvement: 0.1812812277871385

Step Number: 3
Time Spent: 10.45195042 seconds
New Tree:
Tree: (((0,(((((18,19),(20,21)),(22,23)),(((((8,9),(10,11)),((12,13),(14,15))),(16,17)),((1,2),((3,(4,(5,6))),7)))),((27,26),(24,25)))),(((28,29),(30,31)),(32,33))),(34,(35,36)));
Tree Score: 11918.267151733677
Score Improvement: 0.012260176600689787

Step Number: 4
Time Spent: 9.872977772 seconds
New Tree:
Tree: ((((((28,29),(30,31)),(32,33)),(((((18,19),(20,21)),(22,23)),(((((8,9),(10,11)),((12,13),(14,15))),(16,17)),((1,2),((3,(4,(5,6))),7)))),((27,26),(24,25)))),0),(34,(35,36)));
Tree Score: 12014.764026476527
Score Improvement: 0.008096552419435632

Step Number: 5
Time Spent: 9.384364241 seconds
New Tree:
Tree: (((((((18,19),(20,21)),(22,23)),(((((8,9),(10,11)),((12,13),(14,15))),(16,17)),((1,2),((3,(4,(5,6))),7)))),((((28,29),(30,31)),(32,33)),((27,26),(24,25)))),0),(34,(35,36)));
Tree Score: 12080.309725472986
Score Improvement: 0.005455429574148685

Step Number: 6
Time Spent: 9.984042314 seconds
New Tree:
Tree: (((((((18,19),(20,21)),(22,23)),(((((8,9),(10,11)),((12,13),(14,15))),(16,17)),((1,2),(((5,6),(4,3)),7)))),((((28,29),(30,31)),(32,33)),((27,26),(24,25)))),0),(34,(35,36)));
Tree Score: 12136.813800270369
Score Improvement: 0.004677369710003099

Step Number: 7
Time Spent: 9.386697499 seconds
New Tree:
Tree: (((((((18,19),(20,21)),(22,23)),(((((8,9),(10,11)),((12,13),(14,15))),(16,17)),((1,2),(((5,6),(4,3)),7)))),((((28,29),(30,31)),(32,33)),((27,26),(24,25)))),0),(36,(35,34)));
Tree Score: 12145.09752533741
Score Improvement: 6.825288089085113E-4

Step Number: 8
Time Spent: 9.395170015 seconds
New Tree:
Tree: (((((((18,19),(20,21)),(22,23)),(((((8,9),(10,11)),((12,13),(14,15))),(16,17)),((1,2),(((5,6),(4,3)),7)))),((((28,29),(30,31)),(32,33)),((27,26),(24,25)))),(35,34)),(36,0));
Tree Score: 12313.678625041319
Score Improvement: 0.013880588389859394

Step Number: 9
Time Spent: 8.771491333 seconds
New Tree:
Tree: (((((((18,19),(20,21)),(22,23)),(((((8,9),(10,11)),((12,13),(14,15))),(16,17)),((1,2),(((5,6),(4,3)),7)))),((((28,29),(30,31)),(32,33)),((27,26),(24,25)))),(35,34)),(36,0));
Tree Score: 12313.678625041319
Score Improvement: 0.0

TOTAL STEPS: 9
TOTAL TIME: 87.282201042 seconds
Final tree: Tree: (((((((18,19),(20,21)),(22,23)),(((((8,9),(10,11)),((12,13),(14,15))),(16,17)),((1,2),(((5,6),(4,3)),7)))),((((28,29),(30,31)),(32,33)),((27,26),(24,25)))),(35,34)),(36,0));
Tree Score: 12313.678625041319
Total Score Improvement: 0.38264595254056544

--------------ITERATION 10--------------
Input tree: ((((((0,1),2),((3,4),((5,6),7))),(((8,((9,10),11)),((12,13),14)),(((((15,((16,17),(18,19))),((20,21),(22,(23,(24,25))))),(26,(27,28))),29),(30,31)))),(32,(33,34))),(35,36));
Initial Score: 10051.176124803116

Step Number: 1
Time Spent: 12.797338615 seconds
New Tree:
Tree: ((((((0,1),2),((3,4),((5,6),7))),(((8,((9,10),11)),((12,13),14)),(((30,31),29),(((15,((16,17),(18,19))),((20,21),(22,(23,(24,25))))),(26,(27,28)))))),(32,(33,34))),(35,36));
Tree Score: 11058.011125011637
Score Improvement: 0.1001708643552639

Step Number: 2
Time Spent: 12.108964695 seconds
New Tree:
Tree: ((((((0,1),2),((3,4),((5,6),7))),(((8,((9,10),11)),((12,13),14)),(((15,((16,17),(18,19))),((20,21),(22,(23,(24,25))))),(((30,31),29),(26,(27,28)))))),(32,(33,34))),(35,36));
Tree Score: 13171.92642385388
Score Improvement: 0.1911659587736234

Step Number: 3
Time Spent: 11.552307944 seconds
New Tree:
Tree: ((((((0,1),2),((3,4),((5,6),7))),(((8,((9,10),11)),((12,13),14)),(((15,((16,17),(18,19))),((20,21),((24,25),(23,22)))),(((30,31),29),(26,(27,28)))))),(32,(33,34))),(35,36));
Tree Score: 13238.854573904222
Score Improvement: 0.005081120854815602

Step Number: 4
Time Spent: 6.431371126 seconds
New Tree:
Tree: ((((((0,1),2),((3,4),((5,6),7))),(((8,((9,10),11)),((12,13),14)),(((15,((16,17),(18,19))),((24,25),((20,21),(23,22)))),(((30,31),29),(26,(27,28)))))),(32,(33,34))),(35,36));
Tree Score: 13301.568873491755
Score Improvement: 0.004737139398083068

Step Number: 5
Time Spent: 6.358068648 seconds
New Tree:
Tree: ((((((0,1),2),((3,4),((5,6),7))),((((9,10),(8,11)),((12,13),14)),(((15,((16,17),(18,19))),((24,25),((20,21),(23,22)))),(((30,31),29),(26,(27,28)))))),(32,(33,34))),(35,36));
Tree Score: 13343.006448291859
Score Improvement: 0.0031152396528715265

Step Number: 6
Time Spent: 6.167894745 seconds
New Tree:
Tree: ((((((0,1),2),((3,4),((5,6),7))),((((9,10),(8,11)),((12,13),14)),(((15,((16,17),(18,19))),((24,25),((20,21),(23,22)))),(((30,29),31),(26,(27,28)))))),(32,(33,34))),(35,36));
Tree Score: 13343.231798433384
Score Improvement: 1.6889007915743548E-5

Step Number: 7
Time Spent: 5.833732907 seconds
New Tree:
Tree: ((((((0,1),2),((3,4),((5,6),7))),((((9,10),(8,11)),((12,13),14)),(((15,((16,17),(18,19))),((24,25),((20,21),(23,22)))),(((30,29),31),(26,(27,28)))))),(32,(33,34))),(35,36));
Tree Score: 13343.231798433384
Score Improvement: 0.0

TOTAL STEPS: 7
TOTAL TIME: 61.24967868 seconds
Final tree: Tree: ((((((0,1),2),((3,4),((5,6),7))),((((9,10),(8,11)),((12,13),14)),(((15,((16,17),(18,19))),((24,25),((20,21),(23,22)))),(((30,29),31),(26,(27,28)))))),(32,(33,34))),(35,36));
Tree Score: 13343.231798433384
Total Score Improvement: 0.3275293988239365

===========================================================
RESULTS FROM 10 ITERATION(S):
AVERAGE TIME PER RUN: 104.475347503 seconds
AVERAGE IMPROVEMENT: 0.4120131475346643
BEST Tree: ((0,1),((((((((8,7),6),9),((10,11),12)),((15,16),(13,14))),((((20,((18,17),19)),((21,23),22)),(((24,25),(26,27)),((28,29),((30,31),32)))),(33,34))),((2,3),(4,5))),(35,36)));
Tree Score: 14199.241474505281
BEST'S IMPROVEMENT :0.349997330065805
