--------------ITERATION 1--------------
Input tree: ((((0,(1,2)),(3,4)),(((5,6),(7,((8,9),(((10,((11,12),13)),(14,15)),(16,17))))),((18,(19,(20,(21,22)))),(23,24)))),((((25,26),(27,(28,29))),((30,31),((32,(33,34)),35))),36));
Initial Score: 8597.76015109709

Step Number: 1
Time Spent: 36.600320335 seconds
New Tree:
Tree: ((((0,(1,2)),(3,4)),(((5,6),(7,((8,9),(((10,((11,12),13)),(14,15)),(16,17))))),((18,(19,(20,(21,22)))),(23,24)))),((36,((30,31),((32,(33,34)),35))),((25,26),(27,(28,29)))));
Tree Score: 9713.57974905661
Score Improvement: 0.12978026583087887

Step Number: 2
Time Spent: 36.302287604 seconds
New Tree:
Tree: ((((0,(1,2)),(3,4)),((((8,9),(((10,((11,12),13)),(14,15)),(16,17))),(7,(5,6))),((18,(19,(20,(21,22)))),(23,24)))),((36,((30,31),((32,(33,34)),35))),((25,26),(27,(28,29)))));
Tree Score: 10743.916573785016
Score Improvement: 0.10607179344242001

Step Number: 3
Time Spent: 36.535635992 seconds
New Tree:
Tree: ((((0,(1,2)),(3,4)),((((8,9),(7,(5,6))),(((10,((11,12),13)),(14,15)),(16,17))),((18,(19,(20,(21,22)))),(23,24)))),((36,((30,31),((32,(33,34)),35))),((25,26),(27,(28,29)))));
Tree Score: 11859.01712385682
Score Improvement: 0.10378901794459483

Step Number: 4
Time Spent: 36.319573041 seconds
New Tree:
Tree: ((((0,(1,2)),(3,4)),((((8,9),(7,(5,6))),(((10,((11,12),13)),(14,15)),(16,17))),((18,(23,24)),(19,(20,(21,22)))))),((36,((30,31),((32,(33,34)),35))),((25,26),(27,(28,29)))));
Tree Score: 12308.253298192882
Score Improvement: 0.037881400258064524

Step Number: 5
Time Spent: 36.318648972 seconds
New Tree:
Tree: ((((18,(23,24)),(19,(20,(21,22)))),((((8,9),(7,(5,6))),(((10,((11,12),13)),(14,15)),(16,17))),((0,(1,2)),(3,4)))),((36,((30,31),((32,(33,34)),35))),((25,26),(27,(28,29)))));
Tree Score: 12692.65892211713
Score Improvement: 0.031231533395619016

Step Number: 6
Time Spent: 36.816844866 seconds
New Tree:
Tree: ((((18,(23,24)),(19,(20,(21,22)))),((((8,9),(7,(5,6))),(((16,17),(14,15)),(10,((11,12),13)))),((0,(1,2)),(3,4)))),((36,((30,31),((32,(33,34)),35))),((25,26),(27,(28,29)))));
Tree Score: 12932.89389808208
Score Improvement: 0.018927080404432584

Step Number: 7
Time Spent: 36.700210133 seconds
New Tree:
Tree: ((((18,(23,24)),(19,(20,(21,22)))),((((8,9),(7,(5,6))),((0,(1,2)),(3,4))),(((16,17),(14,15)),(10,((11,12),13))))),((36,((30,31),((32,(33,34)),35))),((25,26),(27,(28,29)))));
Tree Score: 13117.446801099824
Score Improvement: 0.014270039209485219

Step Number: 8
Time Spent: 36.494401768 seconds
New Tree:
Tree: ((((20,(21,22)),(19,(18,(23,24)))),((((8,9),(7,(5,6))),((0,(1,2)),(3,4))),(((16,17),(14,15)),(10,((11,12),13))))),((36,((30,31),((32,(33,34)),35))),((25,26),(27,(28,29)))));
Tree Score: 13224.931352105683
Score Improvement: 0.008194014630716673

Step Number: 9
Time Spent: 36.449409804 seconds
New Tree:
Tree: ((((20,(21,22)),(19,(18,(23,24)))),((((8,9),(7,(5,6))),((0,(1,2)),(3,4))),(((16,17),(14,15)),(10,((11,12),13))))),((((32,(33,34)),35),((30,31),36)),((25,26),(27,(28,29)))));
Tree Score: 13325.118302483803
Score Improvement: 0.007575612130657161

Step Number: 10
Time Spent: 36.58538324 seconds
New Tree:
Tree: ((((20,(21,22)),(19,(18,(23,24)))),((((8,9),(7,(5,6))),((0,(1,2)),(3,4))),(((16,17),(14,15)),(10,((11,12),13))))),((((32,35),(33,34)),((30,31),36)),((25,26),(27,(28,29)))));
Tree Score: 13376.726502788828
Score Improvement: 0.0038730012847545403

Step Number: 11
Time Spent: 36.532196099 seconds
New Tree:
Tree: ((((20,(21,22)),(19,(18,(23,24)))),((((8,9),(7,(5,6))),((0,(1,2)),(3,4))),(((16,17),(14,15)),((11,12),(10,13))))),((((32,35),(33,34)),((30,31),36)),((25,26),(27,(28,29)))));
Tree Score: 13408.23577771114
Score Improvement: 0.0023555295771160445

Step Number: 12
Time Spent: 36.824113738 seconds
New Tree:
Tree: ((((20,(21,22)),(19,(24,(23,18)))),((((8,9),(7,(5,6))),((0,(1,2)),(3,4))),(((16,17),(14,15)),((11,12),(10,13))))),((((32,35),(33,34)),((30,31),36)),((25,26),(27,(28,29)))));
Tree Score: 13433.9901525838
Score Improvement: 0.001920787738195484

Step Number: 13
Time Spent: 36.878721869 seconds
New Tree:
Tree: ((((20,(21,22)),(19,(24,(23,18)))),((((8,9),(7,(5,6))),((0,(1,2)),(3,4))),(((16,17),(14,15)),((11,12),(10,13))))),((((32,35),(33,34)),((36,31),30)),((25,26),(27,(28,29)))));
Tree Score: 13453.739927520386
Score Improvement: 0.0014701346891181633

Step Number: 14
Time Spent: 36.878172428 seconds
New Tree:
Tree: ((((20,(21,22)),(19,(24,(23,18)))),((((8,9),(7,(5,6))),((0,(1,2)),(3,4))),(((16,17),(14,15)),((11,12),(10,13))))),((((32,35),(33,34)),((36,31),30)),((28,29),(27,(25,26)))));
Tree Score: 13469.56632734916
Score Improvement: 0.001176356902544251

Step Number: 15
Time Spent: 36.90880684 seconds
New Tree:
Tree: ((((20,(21,22)),(19,(24,(23,18)))),((((8,9),(5,(7,6))),((0,(1,2)),(3,4))),(((16,17),(14,15)),((11,12),(10,13))))),((((32,35),(33,34)),((36,31),30)),((28,29),(27,(25,26)))));
Tree Score: 13485.03837739012
Score Improvement: 0.0011486672744278614

Step Number: 16
Time Spent: 36.836848597 seconds
New Tree:
Tree: ((((22,(21,20)),(19,(24,(23,18)))),((((8,9),(5,(7,6))),((0,(1,2)),(3,4))),(((16,17),(14,15)),((11,12),(10,13))))),((((32,35),(33,34)),((36,31),30)),((28,29),(27,(25,26)))));
Tree Score: 13494.544677161488
Score Improvement: 7.049516290074109E-4

Step Number: 17
Time Spent: 36.755069693 seconds
New Tree:
Tree: ((((22,(21,20)),(19,(24,(23,18)))),((((8,9),(5,(7,6))),((0,(1,2)),(3,4))),(((16,17),(14,15)),((11,12),(10,13))))),((((32,35),(33,34)),((36,31),30)),((28,29),(25,(27,26)))));
Tree Score: 13503.205327199183
Score Improvement: 6.417889780565567E-4

Step Number: 18
Time Spent: 36.758737128 seconds
New Tree:
Tree: ((((22,(21,20)),((23,18),(24,19))),((((8,9),(5,(7,6))),((0,(1,2)),(3,4))),(((16,17),(14,15)),((11,12),(10,13))))),((((32,35),(33,34)),((36,31),30)),((28,29),(25,(27,26)))));
Tree Score: 13509.397502215797
Score Improvement: 4.58570751652676E-4

Step Number: 19
Time Spent: 36.857144614 seconds
New Tree:
Tree: ((((22,(21,20)),((23,18),(24,19))),((((8,9),(5,(7,6))),((0,(1,2)),(3,4))),(((16,17),(14,15)),((11,12),(10,13))))),((((32,35),(33,34)),((36,31),30)),((27,26),(25,(28,29)))));
Tree Score: 13512.696001866585
Score Improvement: 2.441633426100154E-4

Step Number: 20
Time Spent: 36.849408854 seconds
New Tree:
Tree: ((((22,(21,20)),((23,18),(24,19))),((((8,9),(5,(7,6))),((0,(1,2)),(3,4))),(((16,17),(14,15)),((11,12),(10,13))))),((((32,35),(33,34)),((36,31),30)),((27,26),(25,(28,29)))));
Tree Score: 13512.696001866585
Score Improvement: 0.0

TOTAL STEPS: 20
TOTAL TIME: 733.201935615 seconds
Final tree: Tree: ((((22,(21,20)),((23,18),(24,19))),((((8,9),(5,(7,6))),((0,(1,2)),(3,4))),(((16,17),(14,15)),((11,12),(10,13))))),((((32,35),(33,34)),((36,31),30)),((27,26),(25,(28,29)))));
Tree Score: 13512.696001866585
Total Score Improvement: 0.5716530543297766

--------------ITERATION 2--------------
Input tree: (((0,1),(((2,3),((4,(5,6)),7)),(8,(9,10)))),(((((11,12),(13,14)),15),(((((16,17),(18,19)),(20,21)),(((22,23),24),25)),(26,((27,28),(29,(30,31)))))),((32,(33,34)),(35,36))));
Initial Score: 11250.410172468033

Step Number: 1
Time Spent: 36.949751153 seconds
New Tree:
Tree: (((0,1),(((2,3),((4,(5,6)),7)),(8,(9,10)))),(((((11,12),(13,14)),15),(((((16,17),(18,19)),(20,21)),(((22,23),24),25)),((29,(30,31)),((27,28),26)))),((32,(33,34)),(35,36))));
Tree Score: 11754.746871627849
Score Improvement: 0.04482829438468183

Step Number: 2
Time Spent: 36.938235513 seconds
New Tree:
Tree: (((0,1),((32,(33,34)),(35,36))),(((((11,12),(13,14)),15),(((((16,17),(18,19)),(20,21)),(((22,23),24),25)),((29,(30,31)),((27,28),26)))),(((2,3),((4,(5,6)),7)),(8,(9,10)))));
Tree Score: 12241.986198049486
Score Improvement: 0.04145043119539005

Step Number: 3
Time Spent: 36.9324456 seconds
New Tree:
Tree: (((0,1),((32,(33,34)),(35,36))),(((((11,12),(13,14)),15),(((2,3),((4,(5,6)),7)),(8,(9,10)))),(((((16,17),(18,19)),(20,21)),(((22,23),24),25)),((29,(30,31)),((27,28),26)))));
Tree Score: 13188.132849312457
Score Improvement: 0.07728702156303036

Step Number: 4
Time Spent: 36.857760265 seconds
New Tree:
Tree: (((0,1),((32,(33,34)),(35,36))),((((2,3),((4,(5,6)),7)),((((11,12),(13,14)),15),(8,(9,10)))),(((((16,17),(18,19)),(20,21)),(((22,23),24),25)),((29,(30,31)),((27,28),26)))));
Tree Score: 13561.829496584436
Score Improvement: 0.02833582672709145

Step Number: 5
Time Spent: 36.880365165 seconds
New Tree:
Tree: (((0,1),((32,(33,34)),(35,36))),(((((((16,17),(18,19)),(20,21)),(((22,23),24),25)),((29,(30,31)),((27,28),26))),((((11,12),(13,14)),15),(8,(9,10)))),((2,3),((4,(5,6)),7))));
Tree Score: 14032.366148092417
Score Improvement: 0.034695661940484124

Step Number: 6
Time Spent: 37.469786068 seconds
New Tree:
Tree: (((0,1),((32,(33,34)),(35,36))),(((((((16,17),(18,19)),(20,21)),(((22,23),24),25)),((29,(30,31)),((27,28),26))),(((8,(9,10)),15),((11,12),(13,14)))),((2,3),((4,(5,6)),7))));
Tree Score: 14160.882022809103
Score Improvement: 0.00915853202235306

Step Number: 7
Time Spent: 37.381336832 seconds
New Tree:
Tree: (((32,(33,34)),((0,1),(35,36))),(((((((16,17),(18,19)),(20,21)),(((22,23),24),25)),((29,(30,31)),((27,28),26))),(((8,(9,10)),15),((11,12),(13,14)))),((2,3),((4,(5,6)),7))));
Tree Score: 14260.759522336983
Score Improvement: 0.0070530563962758475

Step Number: 8
Time Spent: 37.360586008 seconds
New Tree:
Tree: (((32,(33,34)),((0,1),(35,36))),(((((((16,17),(18,19)),(20,21)),(((22,23),24),25)),((29,(30,31)),((27,28),26))),(((8,(9,10)),15),((11,12),(13,14)))),((4,(5,6)),((2,3),7))));
Tree Score: 14350.302647227825
Score Improvement: 0.006278987086949295

Step Number: 9
Time Spent: 37.3908027 seconds
New Tree:
Tree: (((32,(33,34)),((0,1),(35,36))),(((((((16,17),(18,19)),(20,21)),(((22,23),24),25)),((29,(30,31)),((27,28),26))),(((8,15),(9,10)),((11,12),(13,14)))),((4,(5,6)),((2,3),7))));
Tree Score: 14413.721147581175
Score Improvement: 0.004419314485022419

Step Number: 10
Time Spent: 30.945234308 seconds
New Tree:
Tree: (((32,(33,34)),((0,1),(35,36))),(((((((16,17),(18,19)),(20,21)),(((22,24),23),25)),((29,(30,31)),((27,28),26))),(((8,15),(9,10)),((11,12),(13,14)))),((4,(5,6)),((2,3),7))));
Tree Score: 14418.597772484816
Score Improvement: 3.383321249044169E-4

Step Number: 11
Time Spent: 19.343039223 seconds
New Tree:
Tree: (((32,(33,34)),((0,1),(35,36))),(((((((16,17),(18,19)),(20,21)),((25,23),(22,24))),((29,(30,31)),((27,28),26))),(((8,15),(9,10)),((11,12),(13,14)))),((4,(5,6)),((2,3),7))));
Tree Score: 14445.335922637194
Score Improvement: 0.001854420975901272

Step Number: 12
Time Spent: 19.287890591 seconds
New Tree:
Tree: (((32,(33,34)),((0,1),(35,36))),(((((((16,17),(18,19)),(20,21)),((25,23),(22,24))),((29,(30,31)),((27,28),26))),(((8,15),(9,10)),((11,12),(13,14)))),((4,(5,6)),((7,3),2))));
Tree Score: 14447.644797502722
Score Improvement: 1.5983531832652886E-4

Step Number: 13
Time Spent: 19.294596611 seconds
New Tree:
Tree: (((32,(33,34)),((0,1),(35,36))),(((((((16,17),(18,19)),(20,21)),((25,23),(22,24))),((30,(29,31)),((27,28),26))),(((8,15),(9,10)),((11,12),(13,14)))),((4,(5,6)),((7,3),2))));
Tree Score: 14449.003922595348
Score Improvement: 9.407243268189092E-5

Step Number: 14
Time Spent: 19.284173986 seconds
New Tree:
Tree: (((32,(33,34)),((0,1),(35,36))),(((((((16,17),(18,19)),(20,21)),((25,23),(22,24))),((30,(29,31)),((27,28),26))),(((8,15),(9,10)),((11,12),(13,14)))),((5,(4,6)),((7,3),2))));
Tree Score: 14449.699747468225
Score Improvement: 4.8157290053030266E-5

Step Number: 15
Time Spent: 19.279397821 seconds
New Tree:
Tree: (((32,(33,34)),((0,1),(35,36))),(((((((16,17),(18,19)),(20,21)),((25,23),(22,24))),((30,(29,31)),((27,26),28))),(((8,15),(9,10)),((11,12),(13,14)))),((5,(4,6)),((7,3),2))));
Tree Score: 14449.71682242199
Score Improvement: 1.1816822538257554E-6

Step Number: 16
Time Spent: 19.278205979 seconds
New Tree:
Tree: (((32,(33,34)),((0,1),(35,36))),(((((((16,17),(18,19)),(20,21)),((25,23),(22,24))),((30,(29,31)),((27,26),28))),(((8,15),(9,10)),((11,12),(13,14)))),((5,(4,6)),((7,3),2))));
Tree Score: 14449.71682242199
Score Improvement: 0.0

TOTAL STEPS: 16
TOTAL TIME: 480.873607823 seconds
Final tree: Tree: (((32,(33,34)),((0,1),(35,36))),(((((((16,17),(18,19)),(20,21)),((25,23),(22,24))),((30,(29,31)),((27,26),28))),(((8,15),(9,10)),((11,12),(13,14)))),((5,(4,6)),((7,3),2))));
Tree Score: 14449.71682242199
Total Score Improvement: 0.2843724451738914

--------------ITERATION 3--------------
Input tree: ((0,(1,((2,3),((4,5),6)))),((((7,(8,9)),10),((11,12),(13,14))),((((((15,16),17),(18,19)),((20,21),((22,23),24))),(25,((26,27),28))),((29,30),(((31,32),(33,34)),(35,36))))));
Initial Score: 11571.551326720199

Step Number: 1
Time Spent: 19.058538939 seconds
New Tree:
Tree: ((0,(1,((2,3),((4,5),6)))),((((7,(8,9)),10),((11,12),(13,14))),((((29,30),(((31,32),(33,34)),(35,36))),(25,((26,27),28))),((((15,16),17),(18,19)),((20,21),((22,23),24))))));
Tree Score: 12608.49257549461
Score Improvement: 0.08961125604481235

Step Number: 2
Time Spent: 18.991679319 seconds
New Tree:
Tree: ((((2,3),((4,5),6)),(1,0)),((((7,(8,9)),10),((11,12),(13,14))),((((29,30),(((31,32),(33,34)),(35,36))),(25,((26,27),28))),((((15,16),17),(18,19)),((20,21),((22,23),24))))));
Tree Score: 13108.66985119138
Score Improvement: 0.03966987113660947

Step Number: 3
Time Spent: 19.1965215 seconds
New Tree:
Tree: ((((2,3),((4,5),6)),(1,0)),((((7,(8,9)),10),((11,12),(13,14))),((((29,30),(25,((26,27),28))),(((31,32),(33,34)),(35,36))),((((15,16),17),(18,19)),((20,21),((22,23),24))))));
Tree Score: 13337.044951837548
Score Improvement: 0.017421683758815032

Step Number: 4
Time Spent: 19.123665377 seconds
New Tree:
Tree: ((((2,3),((4,5),6)),(1,0)),((((7,(8,9)),10),((11,12),(13,14))),(((((26,27),28),(25,(29,30))),(((31,32),(33,34)),(35,36))),((((15,16),17),(18,19)),((20,21),((22,23),24))))));
Tree Score: 13488.66617709402
Score Improvement: 0.01136842724936482

Step Number: 5
Time Spent: 19.133757233 seconds
New Tree:
Tree: ((((2,3),((4,5),6)),(1,0)),((((7,10),(8,9)),((11,12),(13,14))),(((((26,27),28),(25,(29,30))),(((31,32),(33,34)),(35,36))),((((15,16),17),(18,19)),((20,21),((22,23),24))))));
Tree Score: 13589.362601708659
Score Improvement: 0.0074652618200039544

Step Number: 6
Time Spent: 19.088463904 seconds
New Tree:
Tree: ((((2,3),(1,0)),((4,5),6)),((((7,10),(8,9)),((11,12),(13,14))),(((((26,27),28),(25,(29,30))),(((31,32),(33,34)),(35,36))),((((15,16),17),(18,19)),((20,21),((22,23),24))))));
Tree Score: 13672.042251087996
Score Improvement: 0.006084144768419231

Step Number: 7
Time Spent: 19.027585841 seconds
New Tree:
Tree: ((((2,3),(1,0)),((4,5),6)),((((7,10),(8,9)),((11,12),(13,14))),(((((26,27),28),(25,(29,30))),(((31,32),(35,36)),(33,34))),((((15,16),17),(18,19)),((20,21),((22,23),24))))));
Tree Score: 13727.702426120328
Score Improvement: 0.0040710944283326445

Step Number: 8
Time Spent: 19.041237507 seconds
New Tree:
Tree: ((((2,3),(1,0)),((4,6),5)),((((7,10),(8,9)),((11,12),(13,14))),(((((26,27),28),(25,(29,30))),(((31,32),(35,36)),(33,34))),((((15,16),17),(18,19)),((20,21),((22,23),24))))));
Tree Score: 13763.34345097797
Score Improvement: 0.0025962847788589816

Step Number: 9
Time Spent: 19.028588761 seconds
New Tree:
Tree: ((((2,3),(1,0)),((4,6),5)),((((7,10),(8,9)),((11,12),(13,14))),(((((26,27),28),(25,(29,30))),(((31,32),(35,36)),(33,34))),((((17,16),15),(18,19)),((20,21),((22,23),24))))));
Tree Score: 13792.248850935806
Score Improvement: 0.002100172829428315

Step Number: 10
Time Spent: 19.043138308 seconds
New Tree:
Tree: ((((2,3),(1,0)),((4,6),5)),((((7,10),(8,9)),((11,12),(13,14))),(((((26,27),28),(25,(29,30))),(((31,32),(35,36)),(33,34))),((((18,19),15),(17,16)),((20,21),((22,23),24))))));
Tree Score: 13811.244650487111
Score Improvement: 0.001377280801456493

Step Number: 11
Time Spent: 19.050667896 seconds
New Tree:
Tree: ((((2,3),(1,0)),((4,6),5)),((((7,10),(8,9)),((11,12),(13,14))),(((((26,27),28),(25,(29,30))),(((31,32),(35,36)),(33,34))),((((15,19),18),(17,16)),((20,21),((22,23),24))))));
Tree Score: 13816.247950458725
Score Improvement: 3.62262786463452E-4

Step Number: 12
Time Spent: 19.047247349 seconds
New Tree:
Tree: ((((2,3),(1,0)),((4,6),5)),((((7,10),(8,9)),((11,12),(13,14))),(((((26,27),28),(25,(29,30))),(((31,32),(35,36)),(33,34))),((((17,16),18),(15,19)),((20,21),((22,23),24))))));
Tree Score: 13824.83050016592
Score Improvement: 6.211925073991154E-4

Step Number: 13
Time Spent: 19.030831436 seconds
New Tree:
Tree: ((((2,3),(1,0)),((4,6),5)),((((7,10),(8,9)),((11,12),(13,14))),(((((26,27),28),(30,(29,25))),(((31,32),(35,36)),(33,34))),((((17,16),18),(15,19)),((20,21),((22,23),24))))));
Tree Score: 13825.470350074569
Score Improvement: 4.628265848483082E-5

Step Number: 14
Time Spent: 19.044984003 seconds
New Tree:
Tree: ((((2,3),(1,0)),((4,6),5)),((((7,10),(8,9)),((11,12),(13,14))),(((((28,27),26),(30,(29,25))),(((31,32),(35,36)),(33,34))),((((17,16),18),(15,19)),((20,21),((22,23),24))))));
Tree Score: 13825.50832507665
Score Improvement: 2.74674214462145E-6

Step Number: 15
Time Spent: 23.788799051 seconds
New Tree:
Tree: ((((2,3),(1,0)),((4,6),5)),((((7,10),(8,9)),((11,12),(13,14))),(((((28,27),26),(30,(29,25))),(((31,32),(35,36)),(33,34))),((((17,16),18),(15,19)),((20,21),((22,23),24))))));
Tree Score: 13825.50832507665
Score Improvement: 0.0

TOTAL STEPS: 15
TOTAL TIME: 290.695706424 seconds
Final tree: Tree: ((((2,3),(1,0)),((4,6),5)),((((7,10),(8,9)),((11,12),(13,14))),(((((28,27),26),(30,(29,25))),(((31,32),(35,36)),(33,34))),((((17,16),18),(15,19)),((20,21),((22,23),24))))));
Tree Score: 13825.50832507665
Total Score Improvement: 0.19478434089919938

--------------ITERATION 4--------------
Input tree: ((((0,1),(2,3)),(((4,(5,(6,(7,8)))),(9,(10,11))),(12,((13,14),15)))),(((16,17),18),((((19,20),(((21,22),23),24)),((25,26),((27,28),(29,((30,31),((32,(33,34)),35)))))),36)));
Initial Score: 9124.2062010304

Step Number: 1
Time Spent: 28.118428329 seconds
New Tree:
Tree: ((((0,1),(2,3)),(((4,(5,(6,(7,8)))),(9,(10,11))),(12,((13,14),15)))),((((19,20),(((21,22),23),24)),((25,26),((27,28),(29,((30,31),((32,(33,34)),35)))))),(((16,17),18),36)));
Tree Score: 9918.071424952965
Score Improvement: 0.08700649748938316

Step Number: 2
Time Spent: 27.177127693 seconds
New Tree:
Tree: ((((0,1),(2,3)),(((16,17),18),36)),((((19,20),(((21,22),23),24)),((25,26),((27,28),(29,((30,31),((32,(33,34)),35)))))),(((4,(5,(6,(7,8)))),(9,(10,11))),(12,((13,14),15)))));
Tree Score: 11625.588350510518
Score Improvement: 0.17216219286963352

Step Number: 3
Time Spent: 26.996222355 seconds
New Tree:
Tree: ((((0,1),(2,3)),(((16,17),18),36)),((((19,20),(((21,22),23),24)),((29,((30,31),((32,(33,34)),35))),((27,28),(25,26)))),(((4,(5,(6,(7,8)))),(9,(10,11))),(12,((13,14),15)))));
Tree Score: 12114.976674849635
Score Improvement: 0.042095789871798406

Step Number: 4
Time Spent: 27.303468549 seconds
New Tree:
Tree: ((((0,1),(2,3)),(((16,17),18),36)),((((19,20),(((21,22),23),24)),((29,((30,31),((32,(33,34)),35))),((27,28),(25,26)))),(((4,(5,(6,(7,8)))),(9,(10,11))),((13,14),(12,15)))));
Tree Score: 12389.88135082042
Score Improvement: 0.022691308728763904

Step Number: 5
Time Spent: 27.310139999 seconds
New Tree:
Tree: ((((0,1),(2,3)),(((16,17),18),36)),((((19,20),(((21,22),23),24)),((((32,(33,34)),35),((30,31),29)),((27,28),(25,26)))),(((4,(5,(6,(7,8)))),(9,(10,11))),((13,14),(12,15)))));
Tree Score: 12559.395475696308
Score Improvement: 0.0136816584498336

Step Number: 6
Time Spent: 27.526018079 seconds
New Tree:
Tree: ((((0,1),(2,3)),((36,18),(16,17))),((((19,20),(((21,22),23),24)),((((32,(33,34)),35),((30,31),29)),((27,28),(25,26)))),(((4,(5,(6,(7,8)))),(9,(10,11))),((13,14),(12,15)))));
Tree Score: 12656.100350432565
Score Improvement: 0.00769980330051645

Step Number: 7
Time Spent: 27.415757549 seconds
New Tree:
Tree: ((((0,1),(2,3)),((36,18),(16,17))),((((19,20),(((21,22),23),24)),((((32,(33,34)),35),((30,31),29)),((27,28),(25,26)))),((((6,(7,8)),(5,4)),(9,(10,11))),((13,14),(12,15)))));
Tree Score: 12730.911225312857
Score Improvement: 0.005911052599842481

Step Number: 8
Time Spent: 27.56262001 seconds
New Tree:
Tree: ((((0,1),(2,3)),((36,18),(16,17))),((((19,20),(((21,22),23),24)),((((32,35),(33,34)),((30,31),29)),((27,28),(25,26)))),((((6,(7,8)),(5,4)),(9,(10,11))),((13,14),(12,15)))));
Tree Score: 12781.749675406494
Score Improvement: 0.003993308035371124

Step Number: 9
Time Spent: 27.496057565 seconds
New Tree:
Tree: ((((0,1),(2,3)),((36,18),(16,17))),((((19,20),(((21,22),23),24)),((((32,35),(33,34)),((30,31),29)),((27,28),(25,26)))),((((9,(10,11)),(5,4)),(6,(7,8))),((13,14),(12,15)))));
Tree Score: 12792.555850336417
Score Improvement: 8.454378472702029E-4

Step Number: 10
Time Spent: 27.381361206 seconds
New Tree:
Tree: ((((0,1),(2,3)),((36,18),(16,17))),((((19,20),(((21,22),23),24)),((((32,35),(33,34)),((30,31),29)),((27,28),(25,26)))),((((9,(10,11)),(5,4)),(8,(7,6))),((13,14),(12,15)))));
Tree Score: 12823.839925931856
Score Improvement: 0.0024454906401378818

Step Number: 11
Time Spent: 27.36527152 seconds
New Tree:
Tree: ((((0,1),(2,3)),((36,18),(16,17))),((((19,20),(((21,22),23),24)),((((32,35),(33,34)),((30,31),29)),((27,28),(25,26)))),((((13,14),(12,15)),(8,(7,6))),((9,(10,11)),(5,4)))));
Tree Score: 12856.085699186517
Score Improvement: 0.0025145177607415192

Step Number: 12
Time Spent: 27.186563599 seconds
New Tree:
Tree: ((((0,1),(2,3)),((36,18),(16,17))),((((19,20),(((21,23),22),24)),((((32,35),(33,34)),((30,31),29)),((27,28),(25,26)))),((((13,14),(12,15)),(8,(7,6))),((9,(10,11)),(5,4)))));
Tree Score: 12866.619599179221
Score Improvement: 8.193707042083442E-4

Step Number: 13
Time Spent: 25.444522171 seconds
New Tree:
Tree: ((((0,1),(2,3)),((36,18),(16,17))),((((19,20),((24,22),(21,23))),((((32,35),(33,34)),((30,31),29)),((27,28),(25,26)))),((((13,14),(12,15)),(8,(7,6))),((9,(10,11)),(5,4)))));
Tree Score: 12873.657999027377
Score Improvement: 5.470278960142405E-4

Step Number: 14
Time Spent: 18.782695132 seconds
New Tree:
Tree: (((((36,18),(16,17)),(2,3)),(0,1)),((((19,20),((24,22),(21,23))),((((32,35),(33,34)),((30,31),29)),((27,28),(25,26)))),((((13,14),(12,15)),(8,(7,6))),((9,(10,11)),(5,4)))));
Tree Score: 12875.329699269047
Score Improvement: 1.2985433058698703E-4

Step Number: 15
Time Spent: 21.393157608 seconds
New Tree:
Tree: (((((36,18),(2,3)),(16,17)),(0,1)),((((19,20),((24,22),(21,23))),((((32,35),(33,34)),((30,31),29)),((27,28),(25,26)))),((((13,14),(12,15)),(8,(7,6))),((9,(10,11)),(5,4)))));
Tree Score: 12905.84422397298
Score Improvement: 0.002369999480919427

Step Number: 16
Time Spent: 27.381962819 seconds
New Tree:
Tree: ((((0,1),(16,17)),((36,18),(2,3))),((((19,20),((24,22),(21,23))),((((32,35),(33,34)),((30,31),29)),((27,28),(25,26)))),((((13,14),(12,15)),(8,(7,6))),((9,(10,11)),(5,4)))));
Tree Score: 13081.697374092655
Score Improvement: 0.013625854075708155

Step Number: 17
Time Spent: 27.000545042 seconds
New Tree:
Tree: ((((0,1),(16,17)),((36,18),(2,3))),((((19,20),((24,22),(21,23))),((((32,35),(33,34)),((30,31),29)),((27,28),(25,26)))),((((13,14),(12,15)),(8,(7,6))),((10,(9,11)),(5,4)))));
Tree Score: 13082.001499438898
Score Improvement: 2.3248156377997375E-5

Step Number: 18
Time Spent: 27.809967874 seconds
New Tree:
Tree: ((((0,1),(16,17)),((36,18),(2,3))),((((19,20),((24,22),(21,23))),((((32,35),(33,34)),((29,31),30)),((27,28),(25,26)))),((((13,14),(12,15)),(8,(7,6))),((10,(9,11)),(5,4)))));
Tree Score: 13082.118624562638
Score Improvement: 8.953150153923062E-6

Step Number: 19
Time Spent: 26.626986505 seconds
New Tree:
Tree: ((((0,1),(16,17)),((36,18),(2,3))),((((19,20),((24,22),(21,23))),((((32,35),(33,34)),((29,31),30)),((27,28),(25,26)))),((((13,14),(12,15)),(8,(7,6))),((10,(9,11)),(5,4)))));
Tree Score: 13082.118624562638
Score Improvement: 0.0

TOTAL STEPS: 19
TOTAL TIME: 503.278873604 seconds
Final tree: Tree: ((((0,1),(16,17)),((36,18),(2,3))),((((19,20),((24,22),(21,23))),((((32,35),(33,34)),((29,31),30)),((27,28),(25,26)))),((((13,14),(12,15)),(8,(7,6))),((10,(9,11)),(5,4)))));
Tree Score: 13082.118624562638
Total Score Improvement: 0.43378156261804657

--------------ITERATION 5--------------
Input tree: ((((((0,1),(((((2,3),4),5),6),7)),8),9),((10,11),12)),(((((13,14),15),((16,17),18)),((19,20),(21,(22,(23,24))))),((25,((26,27),((28,29),30))),((((31,32),33),(34,35)),36))));
Initial Score: 9961.100122752347

Step Number: 1
Time Spent: 20.623700193 seconds
New Tree:
Tree: (((((10,11),12),9),(((0,1),(((((2,3),4),5),6),7)),8)),(((((13,14),15),((16,17),18)),((19,20),(21,(22,(23,24))))),((25,((26,27),((28,29),30))),((((31,32),33),(34,35)),36))));
Tree Score: 10481.963698937305
Score Improvement: 0.05228976415920594

Step Number: 2
Time Spent: 20.12465419 seconds
New Tree:
Tree: ((((0,1),(((((2,3),4),5),6),7)),((((10,11),12),9),8)),(((((13,14),15),((16,17),18)),((19,20),(21,(22,(23,24))))),((25,((26,27),((28,29),30))),((((31,32),33),(34,35)),36))));
Tree Score: 11162.139023081147
Score Improvement: 0.06489006675464837

Step Number: 3
Time Spent: 20.105879037 seconds
New Tree:
Tree: ((((0,1),(((((2,3),4),5),6),7)),((((10,11),12),9),8)),(((((13,14),15),((16,17),18)),((19,20),(21,(22,(23,24))))),((((28,29),30),((26,27),25)),((((31,32),33),(34,35)),36))));
Tree Score: 11659.90134871493
Score Improvement: 0.04459381168828891

Step Number: 4
Time Spent: 20.19776691 seconds
New Tree:
Tree: ((((0,1),(((((2,3),4),5),6),7)),((8,9),((10,11),12))),(((((13,14),15),((16,17),18)),((19,20),(21,(22,(23,24))))),((((28,29),30),((26,27),25)),((((31,32),33),(34,35)),36))));
Tree Score: 11927.750598621767
Score Improvement: 0.02297182813955434

Step Number: 5
Time Spent: 20.068049506 seconds
New Tree:
Tree: ((((0,1),((7,6),(((2,3),4),5))),((8,9),((10,11),12))),(((((13,14),15),((16,17),18)),((19,20),(21,(22,(23,24))))),((((28,29),30),((26,27),25)),((((31,32),33),(34,35)),36))));
Tree Score: 12067.461698849433
Score Improvement: 0.01171311380737694

Step Number: 6
Time Spent: 22.56902662 seconds
New Tree:
Tree: ((((0,1),((7,6),(((2,3),4),5))),((8,9),((10,11),12))),(((((13,14),15),((16,17),18)),((22,(23,24)),(21,(19,20)))),((((28,29),30),((26,27),25)),((((31,32),33),(34,35)),36))));
Tree Score: 12158.791948792272
Score Improvement: 0.007568306593552121

Step Number: 7
Time Spent: 19.834222914 seconds
New Tree:
Tree: ((((0,1),((7,6),((5,4),(2,3)))),((8,9),((10,11),12))),(((((13,14),15),((16,17),18)),((22,(23,24)),(21,(19,20)))),((((28,29),30),((26,27),25)),((((31,32),33),(34,35)),36))));
Tree Score: 12211.799723506652
Score Improvement: 0.004359625112233756

Step Number: 8
Time Spent: 20.67820028 seconds
New Tree:
Tree: (((((5,4),(2,3)),((7,6),(0,1))),((8,9),((10,11),12))),(((((13,14),15),((16,17),18)),((22,(23,24)),(21,(19,20)))),((((28,29),30),((26,27),25)),((((31,32),33),(34,35)),36))));
Tree Score: 12271.34534819591
Score Improvement: 0.004876072817885824

Step Number: 9
Time Spent: 19.839479099 seconds
New Tree:
Tree: (((((5,4),(2,3)),((7,6),(0,1))),((8,9),((10,11),12))),(((((13,14),15),((16,17),18)),((22,(23,24)),(21,(19,20)))),((((28,29),30),((26,27),25)),((((31,32),33),36),(34,35)))));
Tree Score: 12311.919023560165
Score Improvement: 0.0033063754798670075

Step Number: 10
Time Spent: 19.792379395 seconds
New Tree:
Tree: (((((5,4),(2,3)),((7,6),(0,1))),((8,9),((10,11),12))),(((((13,14),15),((16,17),18)),((22,(23,24)),(21,(19,20)))),((((28,29),30),((26,27),25)),(((36,33),(31,32)),(34,35)))));
Tree Score: 12368.925948411963
Score Improvement: 0.004630222530111583

Step Number: 11
Time Spent: 19.705170679 seconds
New Tree:
Tree: (((((5,4),(2,3)),((7,6),(0,1))),((8,9),((10,11),12))),(((((13,14),15),((16,17),18)),((22,(23,24)),(21,(19,20)))),((((28,29),30),((26,27),25)),(((34,35),(31,32)),(36,33)))));
Tree Score: 12397.331874051402
Score Improvement: 0.0022965555584950614

Step Number: 12
Time Spent: 19.69756608 seconds
New Tree:
Tree: (((((5,4),(2,3)),((7,6),(0,1))),((8,9),((10,11),12))),(((((13,14),15),((16,17),18)),((24,(23,22)),(21,(19,20)))),((((28,29),30),((26,27),25)),(((34,35),(31,32)),(36,33)))));
Tree Score: 12407.500574169952
Score Improvement: 8.202329518849361E-4

Step Number: 13
Time Spent: 21.403588195 seconds
New Tree:
Tree: (((((5,4),(2,3)),((7,6),(0,1))),((8,9),((10,11),12))),(((((15,14),13),((16,17),18)),((24,(23,22)),(21,(19,20)))),((((28,29),30),((26,27),25)),(((34,35),(31,32)),(36,33)))));
Tree Score: 12413.893099380928
Score Improvement: 5.152145811126996E-4

Step Number: 14
Time Spent: 19.70501605 seconds
New Tree:
Tree: (((((5,4),(2,3)),((7,6),(0,1))),((8,9),((10,11),12))),((((((16,17),18),13),(15,14)),((24,(23,22)),(21,(19,20)))),((((28,29),30),((26,27),25)),(((34,35),(31,32)),(36,33)))));
Tree Score: 12432.582024670593
Score Improvement: 0.0015054846324233928

Step Number: 15
Time Spent: 19.810129138 seconds
New Tree:
Tree: (((((5,4),(2,3)),((7,6),(0,1))),((8,9),((10,11),12))),((((((16,17),13),18),(15,14)),((24,(23,22)),(21,(19,20)))),((((28,29),30),((26,27),25)),(((34,35),(31,32)),(36,33)))));
Tree Score: 12477.816824823933
Score Improvement: 0.003638407537837063

Step Number: 16
Time Spent: 19.815354523 seconds
New Tree:
Tree: (((((5,4),(2,3)),((7,6),(0,1))),((8,9),((10,11),12))),(((((15,14),18),((16,17),13)),((24,(23,22)),(21,(19,20)))),((((28,29),30),((26,27),25)),(((34,35),(31,32)),(36,33)))));
Tree Score: 12499.681099622338
Score Improvement: 0.0017522516242509667

Step Number: 17
Time Spent: 19.732326786 seconds
New Tree:
Tree: (((((5,4),(2,3)),((7,6),(0,1))),((8,9),((10,11),12))),(((((15,18),14),((16,17),13)),((24,(23,22)),(21,(19,20)))),((((28,29),30),((26,27),25)),(((34,35),(31,32)),(36,33)))));
Tree Score: 12538.477424776756
Score Improvement: 0.0031037851962152363

Step Number: 18
Time Spent: 19.718416916 seconds
New Tree:
Tree: (((((5,4),(2,3)),((7,6),(0,1))),((8,9),((10,11),12))),(((((15,18),14),((16,17),13)),((24,(23,22)),(21,(19,20)))),((((28,30),29),((26,27),25)),(((34,35),(31,32)),(36,33)))));
Tree Score: 12539.203349594602
Score Improvement: 5.789577101378285E-5

Step Number: 19
Time Spent: 19.717137634 seconds
New Tree:
Tree: (((((5,4),(2,3)),((7,6),(0,1))),((8,9),((10,11),12))),(((((15,18),14),((13,17),16)),((24,(23,22)),(21,(19,20)))),((((28,30),29),((26,27),25)),(((34,35),(31,32)),(36,33)))));
Tree Score: 12539.414224627115
Score Improvement: 1.681725916991006E-5

Step Number: 20
Time Spent: 19.72950436 seconds
New Tree:
Tree: (((((5,4),(2,3)),((7,6),(0,1))),((8,9),((10,11),12))),(((((15,18),14),((13,17),16)),((24,(23,22)),(21,(19,20)))),((((28,30),29),((26,27),25)),(((34,35),(31,32)),(36,33)))));
Tree Score: 12539.414224627115
Score Improvement: 0.0

TOTAL STEPS: 20
TOTAL TIME: 402.867568505 seconds
Final tree: Tree: (((((5,4),(2,3)),((7,6),(0,1))),((8,9),((10,11),12))),(((((15,18),14),((13,17),16)),((24,(23,22)),(21,(19,20)))),((((28,30),29),((26,27),25)),(((34,35),(31,32)),(36,33)))));
Tree Score: 12539.414224627115
Total Score Improvement: 0.25883828795030284

--------------ITERATION 6--------------
Input tree: (((0,(1,2)),(3,4)),(((5,(6,((7,8),(9,10)))),((((11,(12,13)),14),((((15,16),17),18),19)),((20,(21,22)),((23,24),(25,26))))),((((27,(28,29)),(30,(31,32))),(33,34)),(35,36))));
Initial Score: 9772.78500172543

Step Number: 1
Time Spent: 20.022672297 seconds
New Tree:
Tree: (((0,(1,2)),(3,4)),((((20,(21,22)),((23,24),(25,26))),((((11,(12,13)),14),((((15,16),17),18),19)),(5,(6,((7,8),(9,10)))))),((((27,(28,29)),(30,(31,32))),(33,34)),(35,36))));
Tree Score: 10743.135225837881
Score Improvement: 0.0992910643118754

Step Number: 2
Time Spent: 20.043843145 seconds
New Tree:
Tree: (((0,(1,2)),(3,4)),((((20,(21,22)),((23,24),(25,26))),((((11,(12,13)),14),((((15,16),17),18),19)),(5,(6,((7,8),(9,10)))))),(((35,36),(33,34)),((27,(28,29)),(30,(31,32))))));
Tree Score: 11303.438624591514
Score Improvement: 0.05215455143914327

Step Number: 3
Time Spent: 19.724126232 seconds
New Tree:
Tree: (((0,(1,2)),(3,4)),((((20,(21,22)),((23,24),(25,26))),((((11,(12,13)),14),((((15,16),17),18),19)),(((7,8),(9,10)),(6,5)))),(((35,36),(33,34)),((27,(28,29)),(30,(31,32))))));
Tree Score: 11676.704399432469
Score Improvement: 0.033022320661686644

Step Number: 4
Time Spent: 19.881774492 seconds
New Tree:
Tree: (((0,(1,2)),(3,4)),(((35,36),(33,34)),((((20,(21,22)),((23,24),(25,26))),((((11,(12,13)),14),((((15,16),17),18),19)),(((7,8),(9,10)),(6,5)))),((27,(28,29)),(30,(31,32))))));
Tree Score: 11880.243751335895
Score Improvement: 0.017431232729786306

Step Number: 5
Time Spent: 20.591193336 seconds
New Tree:
Tree: (((0,(1,2)),(3,4)),(((35,36),(33,34)),((((20,(21,22)),((23,24),(25,26))),((27,(28,29)),(30,(31,32)))),((((11,(12,13)),14),((((15,16),17),18),19)),(((7,8),(9,10)),(6,5))))));
Tree Score: 13706.584926632311
Score Improvement: 0.15372926797828113

Step Number: 6
Time Spent: 20.310685738 seconds
New Tree:
Tree: (((0,(1,2)),(3,4)),(((35,36),(33,34)),((((20,(21,22)),((23,24),(25,26))),((27,(28,29)),(30,(31,32)))),((((11,(12,13)),14),((((15,16),17),18),19)),(((6,5),(9,10)),(7,8))))));
Tree Score: 13804.041726152025
Score Improvement: 0.007110217464187718

Step Number: 7
Time Spent: 20.291913308 seconds
New Tree:
Tree: (((0,(1,2)),(3,4)),(((35,36),(33,34)),((((20,(21,22)),((23,24),(25,26))),((27,(28,29)),(30,(31,32)))),((((11,14),(12,13)),((((15,16),17),18),19)),(((6,5),(9,10)),(7,8))))));
Tree Score: 13889.567901355293
Score Improvement: 0.0061957343291159095

Step Number: 8
Time Spent: 20.261338402 seconds
New Tree:
Tree: (((0,(1,2)),(3,4)),(((35,36),(33,34)),((((20,(21,22)),((23,24),(25,26))),((27,(28,29)),(30,(31,32)))),((((11,14),(12,13)),(((18,17),(15,16)),19)),(((6,5),(9,10)),(7,8))))));
Tree Score: 13964.378526804392
Score Improvement: 0.005386101711760238

Step Number: 9
Time Spent: 20.329114198 seconds
New Tree:
Tree: (((0,(1,2)),(3,4)),(((35,36),(33,34)),((((20,(21,22)),((23,24),(25,26))),((27,(28,29)),(32,(31,30)))),((((11,14),(12,13)),(((18,17),(15,16)),19)),(((6,5),(9,10)),(7,8))))));
Tree Score: 13979.548101683502
Score Improvement: 0.0010863050475173885

Step Number: 10
Time Spent: 20.258075347 seconds
New Tree:
Tree: (((0,(1,2)),(3,4)),(((35,36),(33,34)),((((20,(21,22)),((23,24),(25,26))),((27,(28,29)),(32,(31,30)))),((((11,14),(12,13)),((19,(15,16)),(18,17))),(((6,5),(9,10)),(7,8))))));
Tree Score: 13980.80595130147
Score Improvement: 8.997784540820675E-5

Step Number: 11
Time Spent: 20.179855902 seconds
New Tree:
Tree: (((0,(1,2)),(3,4)),(((35,36),(33,34)),((((20,(21,22)),((23,24),(25,26))),((27,(28,29)),(32,(31,30)))),((((11,14),(12,13)),((15,(19,16)),(18,17))),(((6,5),(9,10)),(7,8))))));
Tree Score: 14009.670301256967
Score Improvement: 0.0020645698149333036

Step Number: 12
Time Spent: 20.182582297 seconds
New Tree:
Tree: (((0,(1,2)),(3,4)),(((35,36),(33,34)),((((20,(21,22)),((23,24),(25,26))),((29,(28,27)),(32,(31,30)))),((((11,14),(12,13)),((15,(19,16)),(18,17))),(((6,5),(9,10)),(7,8))))));
Tree Score: 14009.693351144237
Score Improvement: 1.645284062767871E-6

Step Number: 13
Time Spent: 20.182644735 seconds
New Tree:
Tree: (((0,(1,2)),(3,4)),(((35,36),(33,34)),((((20,(21,22)),((23,24),(25,26))),((29,(28,27)),(32,(31,30)))),((((11,14),(12,13)),((15,(19,16)),(18,17))),(((6,5),(9,10)),(7,8))))));
Tree Score: 14009.693351144237
Score Improvement: 0.0

TOTAL STEPS: 13
TOTAL TIME: 262.259819429 seconds
Final tree: Tree: (((0,(1,2)),(3,4)),(((35,36),(33,34)),((((20,(21,22)),((23,24),(25,26))),((29,(28,27)),(32,(31,30)))),((((11,14),(12,13)),((15,(19,16)),(18,17))),(((6,5),(9,10)),(7,8))))));
Tree Score: 14009.693351144237
Total Score Improvement: 0.4335415491766945

--------------ITERATION 7--------------
Input tree: ((((((0,1),2),(3,4)),(5,6)),((7,((8,9),(10,11))),(((12,((13,14),15)),16),(17,18)))),((((((19,20),21),22),(23,((24,(25,(26,27))),28))),((29,(30,31)),32)),((33,34),(35,36))));
Initial Score: 10478.199775767858

Step Number: 1
Time Spent: 20.183058475 seconds
New Tree:
Tree: ((((((0,1),2),(3,4)),(5,6)),((33,34),(35,36))),((((((19,20),21),22),(23,((24,(25,(26,27))),28))),((29,(30,31)),32)),((7,((8,9),(10,11))),(((12,((13,14),15)),16),(17,18)))));
Tree Score: 12642.002200493502
Score Improvement: 0.20650516987943912

Step Number: 2
Time Spent: 20.066576204 seconds
New Tree:
Tree: ((((((0,1),2),(3,4)),(5,6)),((33,34),(35,36))),((((((19,20),21),22),((29,(30,31)),32)),(23,((24,(25,(26,27))),28))),((7,((8,9),(10,11))),(((12,((13,14),15)),16),(17,18)))));
Tree Score: 13246.121848215364
Score Improvement: 0.04778670642046556

Step Number: 3
Time Spent: 19.998411531 seconds
New Tree:
Tree: ((((((0,1),2),(3,4)),(5,6)),((33,34),(35,36))),((((((19,20),21),22),((29,(30,31)),32)),((24,(25,(26,27))),(23,28))),((7,((8,9),(10,11))),(((12,((13,14),15)),16),(17,18)))));
Tree Score: 13700.313249016195
Score Improvement: 0.034288632250655704

Step Number: 4
Time Spent: 20.024401148 seconds
New Tree:
Tree: ((((((0,1),2),(3,4)),(5,6)),((33,34),(35,36))),((((((19,20),21),22),((29,(30,31)),32)),((24,(25,(26,27))),(23,28))),((7,((8,9),(10,11))),(((12,((13,14),15)),(17,18)),16))));
Tree Score: 13899.033849079555
Score Improvement: 0.014504821638120502

Step Number: 5
Time Spent: 20.074665291 seconds
New Tree:
Tree: ((((((0,1),2),(3,4)),(5,6)),((33,34),(35,36))),((((((19,20),21),22),((29,(30,31)),32)),((24,(23,28)),(25,(26,27)))),((7,((8,9),(10,11))),(((12,((13,14),15)),(17,18)),16))));
Tree Score: 14087.607199184524
Score Improvement: 0.013567371095902336

Step Number: 6
Time Spent: 20.838008242 seconds
New Tree:
Tree: (((((33,34),(35,36)),(5,6)),(((0,1),2),(3,4))),((((((19,20),21),22),((29,(30,31)),32)),((24,(23,28)),(25,(26,27)))),((7,((8,9),(10,11))),(((12,((13,14),15)),(17,18)),16))));
Tree Score: 14249.609099039619
Score Improvement: 0.01149960369880798

Step Number: 7
Time Spent: 22.233776307 seconds
New Tree:
Tree: (((((33,34),(35,36)),(5,6)),(((0,1),2),(3,4))),((((((19,20),21),22),((29,(30,31)),32)),((24,(23,28)),(25,(26,27)))),(((8,9),(7,(10,11))),(((12,((13,14),15)),(17,18)),16))));
Tree Score: 14408.813723007028
Score Improvement: 0.011172560795238873

Step Number: 8
Time Spent: 20.019265509 seconds
New Tree:
Tree: (((((33,34),(35,36)),(5,6)),(((0,1),2),(3,4))),(((((22,21),(19,20)),((29,(30,31)),32)),((24,(23,28)),(25,(26,27)))),(((8,9),(7,(10,11))),(((12,((13,14),15)),(17,18)),16))));
Tree Score: 14520.022748206553
Score Improvement: 0.007718124984984254

Step Number: 9
Time Spent: 26.816394599 seconds
New Tree:
Tree: (((((33,34),(35,36)),(5,6)),(((0,1),2),(3,4))),(((((22,21),(19,20)),((29,32),(30,31))),((24,(23,28)),(25,(26,27)))),(((8,9),(7,(10,11))),(((12,((13,14),15)),(17,18)),16))));
Tree Score: 14614.258423455802
Score Improvement: 0.006490050111036316

Step Number: 10
Time Spent: 28.78171051 seconds
New Tree:
Tree: (((((5,6),(35,36)),(33,34)),(((0,1),2),(3,4))),(((((22,21),(19,20)),((29,32),(30,31))),((24,(23,28)),(25,(26,27)))),(((8,9),(7,(10,11))),(((12,((13,14),15)),(17,18)),16))));
Tree Score: 14685.604948508015
Score Improvement: 0.0048819805278454975

Step Number: 11
Time Spent: 28.795229339 seconds
New Tree:
Tree: (((((5,6),(35,36)),(33,34)),(((0,1),2),(3,4))),(((((22,21),(19,20)),((29,32),(30,31))),((24,(23,28)),(25,(26,27)))),(((8,9),(7,(10,11))),((((13,14),(12,15)),(17,18)),16))));
Tree Score: 14730.79397368936
Score Improvement: 0.00307709660853539

Step Number: 12
Time Spent: 28.817913577 seconds
New Tree:
Tree: (((((5,6),(35,36)),(33,34)),(((0,1),2),(3,4))),(((((22,21),(19,20)),((29,32),(30,31))),((23,(24,28)),(25,(26,27)))),(((8,9),(7,(10,11))),((((13,14),(12,15)),(17,18)),16))));
Tree Score: 14744.860248649886
Score Improvement: 9.5488912448638E-4

Step Number: 13
Time Spent: 28.821292848 seconds
New Tree:
Tree: (((((5,6),(35,36)),(33,34)),(((0,1),2),(3,4))),(((((22,21),(19,20)),((29,32),(30,31))),((23,(24,28)),(25,(26,27)))),(((8,9),(10,(7,11))),((((13,14),(12,15)),(17,18)),16))));
Tree Score: 14755.307098856589
Score Improvement: 7.085079160149554E-4

Step Number: 14
Time Spent: 28.834948635 seconds
New Tree:
Tree: (((((5,6),(35,36)),(33,34)),(((0,1),2),(3,4))),(((((22,21),(19,20)),((29,32),(30,31))),((23,(24,28)),(27,(26,25)))),(((8,9),(10,(7,11))),((((13,14),(12,15)),(17,18)),16))));
Tree Score: 14763.807448633408
Score Improvement: 5.760876218887656E-4

Step Number: 15
Time Spent: 28.809263875 seconds
New Tree:
Tree: (((((5,6),(35,36)),(33,34)),(((3,4),2),(0,1))),(((((22,21),(19,20)),((29,32),(30,31))),((23,(24,28)),(27,(26,25)))),(((8,9),(10,(7,11))),((((13,14),(12,15)),(17,18)),16))));
Tree Score: 14766.333423756456
Score Improvement: 1.71092391433314E-4

Step Number: 16
Time Spent: 28.687240326 seconds
New Tree:
Tree: (((((5,6),(35,36)),(33,34)),(((3,2),4),(0,1))),(((((22,21),(19,20)),((29,32),(30,31))),((23,(24,28)),(27,(26,25)))),(((8,9),(10,(7,11))),((((13,14),(12,15)),(17,18)),16))));
Tree Score: 14786.056848941531
Score Improvement: 0.0013357022775433158

Step Number: 17
Time Spent: 28.702235949 seconds
New Tree:
Tree: (((((5,6),(35,36)),(33,34)),(((0,1),4),(3,2))),(((((22,21),(19,20)),((29,32),(30,31))),((23,(24,28)),(27,(26,25)))),(((8,9),(10,(7,11))),((((13,14),(12,15)),(17,18)),16))));
Tree Score: 14798.633347767798
Score Improvement: 8.505647553469498E-4

Step Number: 18
Time Spent: 28.682950046 seconds
New Tree:
Tree: (((((5,6),(35,36)),(33,34)),(((4,1),0),(3,2))),(((((22,21),(19,20)),((29,32),(30,31))),((23,(24,28)),(27,(26,25)))),(((8,9),(10,(7,11))),((((13,14),(12,15)),(17,18)),16))));
Tree Score: 14807.797122965028
Score Improvement: 6.19231180466473E-4

Step Number: 19
Time Spent: 28.721158327 seconds
New Tree:
Tree: (((((5,6),(35,36)),(33,34)),(((4,1),0),(3,2))),(((((22,21),(19,20)),((29,32),(30,31))),((23,(24,28)),(27,(26,25)))),(((8,9),(10,(7,11))),((((13,14),(12,15)),(17,18)),16))));
Tree Score: 14807.797122965028
Score Improvement: 0.0

TOTAL STEPS: 19
TOTAL TIME: 477.908500738 seconds
Final tree: Tree: (((((5,6),(35,36)),(33,34)),(((4,1),0),(3,2))),(((((22,21),(19,20)),((29,32),(30,31))),((23,(24,28)),(27,(26,25)))),(((8,9),(10,(7,11))),((((13,14),(12,15)),(17,18)),16))));
Tree Score: 14807.797122965028
Total Score Improvement: 0.4132004962541278

--------------ITERATION 8--------------
Input tree: (((0,1),((2,(3,((4,5),(6,7)))),8)),(((9,10),((((11,(((12,13),14),15)),16),17),18)),((19,(((20,(21,(22,23))),((24,25),((26,27),28))),((29,30),(31,32)))),((33,34),(35,36)))));
Initial Score: 8528.661478080921

Step Number: 1
Time Spent: 26.048369768 seconds
New Tree:
Tree: (((0,1),((2,(3,((4,5),(6,7)))),8)),(((9,10),((((11,(((12,13),14),15)),16),17),18)),((19,((33,34),(35,36))),(((20,(21,(22,23))),((24,25),((26,27),28))),((29,30),(31,32))))));
Tree Score: 10102.616230002604
Score Improvement: 0.1845488598611662

Step Number: 2
Time Spent: 19.984659084 seconds
New Tree:
Tree: (((0,1),((2,(3,((4,5),(6,7)))),8)),(((9,10),((((11,(((12,13),14),15)),16),17),18)),(((20,(21,(22,23))),((24,25),((26,27),28))),((19,((33,34),(35,36))),((29,30),(31,32))))));
Tree Score: 11070.228528916588
Score Improvement: 0.09577838818031936

Step Number: 3
Time Spent: 19.948204657 seconds
New Tree:
Tree: (((0,1),((2,(3,((4,5),(6,7)))),8)),(((9,10),((18,17),((11,(((12,13),14),15)),16))),(((20,(21,(22,23))),((24,25),((26,27),28))),((19,((33,34),(35,36))),((29,30),(31,32))))));
Tree Score: 11337.143604120109
Score Improvement: 0.024111071827136232

Step Number: 4
Time Spent: 19.57731266 seconds
New Tree:
Tree: (((0,1),((2,(3,((4,5),(6,7)))),8)),(((9,10),((18,17),((11,16),(((12,13),14),15)))),(((20,(21,(22,23))),((24,25),((26,27),28))),((19,((33,34),(35,36))),((29,30),(31,32))))));
Tree Score: 11521.160554459188
Score Improvement: 0.016231332755827887

Step Number: 5
Time Spent: 19.809517118 seconds
New Tree:
Tree: (((0,1),((2,(3,((4,5),(6,7)))),8)),((((11,16),(((12,13),14),15)),((18,17),(9,10))),(((20,(21,(22,23))),((24,25),((26,27),28))),((19,((33,34),(35,36))),((29,30),(31,32))))));
Tree Score: 11751.596629168209
Score Improvement: 0.020001116521185303

Step Number: 6
Time Spent: 19.596174417 seconds
New Tree:
Tree: (((0,1),((2,(3,((4,5),(6,7)))),8)),((((11,16),((18,17),(9,10))),(((12,13),14),15)),(((20,(21,(22,23))),((24,25),((26,27),28))),((19,((33,34),(35,36))),((29,30),(31,32))))));
Tree Score: 12021.887678364707
Score Improvement: 0.023000368181938624

Step Number: 7
Time Spent: 21.69305566 seconds
New Tree:
Tree: (((2,(3,((4,5),(6,7)))),((0,1),8)),((((11,16),((18,17),(9,10))),(((12,13),14),15)),(((20,(21,(22,23))),((24,25),((26,27),28))),((19,((33,34),(35,36))),((29,30),(31,32))))));
Tree Score: 12201.01222783613
Score Improvement: 0.014899868827903617

Step Number: 8
Time Spent: 22.284284686 seconds
New Tree:
Tree: (((2,((0,1),8)),(3,((4,5),(6,7)))),((((11,16),((18,17),(9,10))),(((12,13),14),15)),(((20,(21,(22,23))),((24,25),((26,27),28))),((19,((33,34),(35,36))),((29,30),(31,32))))));
Tree Score: 12559.797552857497
Score Improvement: 0.029406193381464885

Step Number: 9
Time Spent: 20.12161784 seconds
New Tree:
Tree: (((2,((0,1),8)),(3,((4,5),(6,7)))),((((11,16),((18,17),(9,10))),(((12,13),14),15)),(((20,(21,(22,23))),((24,25),((26,27),28))),(((35,36),((33,34),19)),((29,30),(31,32))))));
Tree Score: 12709.524752590012
Score Improvement: 0.011921147542577337

Step Number: 10
Time Spent: 20.19328268 seconds
New Tree:
Tree: (((2,((0,1),8)),(3,((4,5),(6,7)))),((((11,16),((18,17),(9,10))),(((12,13),14),15)),((((22,23),(21,20)),((24,25),((26,27),28))),(((35,36),((33,34),19)),((29,30),(31,32))))));
Tree Score: 12832.886652293753
Score Improvement: 0.009706255906901662

Step Number: 11
Time Spent: 20.236033716 seconds
New Tree:
Tree: (((2,((0,1),8)),(3,((4,5),(6,7)))),((((11,16),((18,17),(9,10))),((15,14),(12,13))),((((22,23),(21,20)),((24,25),((26,27),28))),(((35,36),((33,34),19)),((29,30),(31,32))))));
Tree Score: 12934.715802348357
Score Improvement: 0.007935015153929026

Step Number: 12
Time Spent: 20.181303992 seconds
New Tree:
Tree: (((2,((0,1),8)),(3,((4,5),(6,7)))),((((18,17),((11,16),(9,10))),((15,14),(12,13))),((((22,23),(21,20)),((24,25),((26,27),28))),(((35,36),((33,34),19)),((29,30),(31,32))))));
Tree Score: 13007.659227717133
Score Improvement: 0.005639352768425976

Step Number: 13
Time Spent: 20.179228169 seconds
New Tree:
Tree: ((((0,1),(2,8)),(3,((4,5),(6,7)))),((((18,17),((11,16),(9,10))),((15,14),(12,13))),((((22,23),(21,20)),((24,25),((26,27),28))),(((35,36),((33,34),19)),((29,30),(31,32))))));
Tree Score: 13031.589002651152
Score Improvement: 0.0018396680382761765

Step Number: 14
Time Spent: 20.176826048 seconds
New Tree:
Tree: ((((0,1),(2,8)),((4,5),(3,(6,7)))),((((18,17),((11,16),(9,10))),((15,14),(12,13))),((((22,23),(21,20)),((24,25),((26,27),28))),(((35,36),((33,34),19)),((29,30),(31,32))))));
Tree Score: 13043.534102470821
Score Improvement: 9.166265002096274E-4

Step Number: 15
Time Spent: 20.164407709 seconds
New Tree:
Tree: ((((0,1),(2,8)),((4,5),(7,(6,3)))),((((18,17),((11,16),(9,10))),((15,14),(12,13))),((((22,23),(21,20)),((24,25),((26,27),28))),(((35,36),((33,34),19)),((29,30),(31,32))))));
Tree Score: 13067.526827632104
Score Improvement: 0.0018394343873979757

Step Number: 16
Time Spent: 20.165706269 seconds
New Tree:
Tree: ((((0,1),(2,8)),((4,5),(7,(6,3)))),((((18,17),((11,16),(9,10))),((15,14),(12,13))),((((22,23),(21,20)),((24,25),((26,28),27))),(((35,36),((33,34),19)),((29,30),(31,32))))));
Tree Score: 13077.494477714066
Score Improvement: 7.627801506315812E-4

Step Number: 17
Time Spent: 20.165589982 seconds
New Tree:
Tree: ((((0,1),(2,8)),((4,5),(7,(6,3)))),((((18,17),((11,16),(9,10))),((15,14),(12,13))),((((22,23),(21,20)),((24,25),((26,28),27))),(((35,36),((29,30),(31,32))),((33,34),19)))));
Tree Score: 13081.121278071634
Score Improvement: 2.7733143865971144E-4

Step Number: 18
Time Spent: 20.213579534 seconds
New Tree:
Tree: ((((0,1),(2,8)),((4,5),(7,(6,3)))),((((18,17),((11,16),(9,10))),((15,14),(12,13))),((((22,23),(21,20)),((24,25),((26,28),27))),(((29,30),((35,36),(31,32))),((33,34),19)))));
Tree Score: 13095.249728226077
Score Improvement: 0.0010800641515438247

Step Number: 19
Time Spent: 20.209661928 seconds
New Tree:
Tree: ((((0,1),(2,8)),((4,5),(7,(6,3)))),((((18,17),((11,16),(9,10))),((15,14),(12,13))),((((22,23),(21,20)),((24,25),((26,28),27))),(((29,30),((33,34),19)),((35,36),(31,32))))));
Tree Score: 13157.060378214086
Score Improvement: 0.004720081806059762

Step Number: 20
Time Spent: 20.170089647 seconds
New Tree:
Tree: ((((0,1),(2,8)),((4,5),(7,(6,3)))),((((18,17),((11,16),(9,10))),((15,14),(12,13))),((((22,23),(21,20)),((24,25),((26,28),27))),(((29,30),((33,34),19)),((35,36),(31,32))))));
Tree Score: 13157.060378214086
Score Improvement: 0.0

TOTAL STEPS: 20
TOTAL TIME: 411.118905564 seconds
Final tree: Tree: ((((0,1),(2,8)),((4,5),(7,(6,3)))),((((18,17),((11,16),(9,10))),((15,14),(12,13))),((((22,23),(21,20)),((24,25),((26,28),27))),(((29,30),((33,34),19)),((35,36),(31,32))))));
Tree Score: 13157.060378214086
Total Score Improvement: 0.5426876083695404

--------------ITERATION 9--------------
Input tree: ((((0,1),2),((3,(4,5)),((6,7),(8,9)))),((((10,(11,12)),((13,14),15)),(16,((17,((18,19),20)),((21,(22,23)),24)))),(25,(((26,27),(28,29)),(((30,((31,32),33)),34),(35,36))))));
Initial Score: 8811.591751477274

Step Number: 1
Time Spent: 20.024464494 seconds
New Tree:
Tree: ((((0,1),2),((3,(4,5)),((6,7),(8,9)))),(((25,(((26,27),(28,29)),(((30,((31,32),33)),34),(35,36)))),(16,((17,((18,19),20)),((21,(22,23)),24)))),((10,(11,12)),((13,14),15))));
Tree Score: 10453.064904477971
Score Improvement: 0.18628565636004435

Step Number: 2
Time Spent: 20.365354352 seconds
New Tree:
Tree: ((((0,1),2),((3,(4,5)),((6,7),(8,9)))),(((25,(((26,27),(28,29)),(((30,((31,32),33)),34),(35,36)))),((17,((18,19),20)),(16,((21,(22,23)),24)))),((10,(11,12)),((13,14),15))));
Tree Score: 12345.45040362794
Score Improvement: 0.18103642486131433

Step Number: 3
Time Spent: 20.376459814 seconds
New Tree:
Tree: ((((0,1),2),((3,(4,5)),((6,7),(8,9)))),(((((26,27),(28,29)),(25,(((30,((31,32),33)),34),(35,36)))),((17,((18,19),20)),(16,((21,(22,23)),24)))),((10,(11,12)),((13,14),15))));
Tree Score: 13082.304327904247
Score Improvement: 0.059686273095372

Step Number: 4
Time Spent: 20.376922373 seconds
New Tree:
Tree: ((((0,1),2),((3,(4,5)),((6,7),(8,9)))),(((((26,27),(28,29)),((35,36),(((30,((31,32),33)),34),25))),((17,((18,19),20)),(16,((21,(22,23)),24)))),((10,(11,12)),((13,14),15))));
Tree Score: 13314.937503092391
Score Improvement: 0.0177822782101118

Step Number: 5
Time Spent: 20.452852839 seconds
New Tree:
Tree: ((((0,1),2),((3,(4,5)),((6,7),(8,9)))),(((((26,27),(28,29)),((35,36),(((30,((31,32),33)),34),25))),(((18,19),(17,20)),(16,((21,(22,23)),24)))),((10,(11,12)),((13,14),15))));
Tree Score: 13453.38477770838
Score Improvement: 0.010397891434626327

Step Number: 6
Time Spent: 25.191526661 seconds
New Tree:
Tree: ((((0,1),2),((3,(4,5)),((6,7),(8,9)))),(((((26,27),(28,29)),((35,36),((25,34),(30,((31,32),33))))),(((18,19),(17,20)),(16,((21,(22,23)),24)))),((10,(11,12)),((13,14),15))));
Tree Score: 13496.495027658413
Score Improvement: 0.0032044166328659696

Step Number: 7
Time Spent: 29.109021895 seconds
New Tree:
Tree: ((((0,1),2),((3,(4,5)),((6,7),(8,9)))),(((((26,27),(28,29)),((35,36),(((31,32),33),(30,(25,34))))),(((18,19),(17,20)),(16,((21,(22,23)),24)))),((10,(11,12)),((13,14),15))));
Tree Score: 13600.25290281151
Score Improvement: 0.007687764485554638

Step Number: 8
Time Spent: 29.171904962 seconds
New Tree:
Tree: ((((0,1),2),((3,(4,5)),((6,7),(8,9)))),(((((26,27),(28,29)),((35,36),(((31,32),33),(30,(25,34))))),(((18,19),(17,20)),((21,(22,23)),(16,24)))),((10,(11,12)),((13,14),15))));
Tree Score: 13627.145452789147
Score Improvement: 0.001977356610190606

Step Number: 9
Time Spent: 29.16083421 seconds
New Tree:
Tree: ((((0,1),2),((5,(4,3)),((6,7),(8,9)))),(((((26,27),(28,29)),((35,36),(((31,32),33),(30,(25,34))))),(((18,19),(17,20)),((21,(22,23)),(16,24)))),((10,(11,12)),((13,14),15))));
Tree Score: 13639.1660029731
Score Improvement: 8.821033154446933E-4

Step Number: 10
Time Spent: 21.528957977 seconds
New Tree:
Tree: ((((0,1),2),((5,(4,3)),((6,7),(8,9)))),(((((26,27),(28,29)),((35,36),(((31,32),33),(30,(25,34))))),(((18,19),(17,20)),((21,(22,23)),(16,24)))),((10,(11,12)),((15,14),13))));
Tree Score: 13649.449503748794
Score Improvement: 7.539684445114769E-4

Step Number: 11
Time Spent: 20.117322253 seconds
New Tree:
Tree: ((((0,1),2),((5,(4,3)),((6,7),(8,9)))),(((((26,27),(28,29)),((35,36),(((31,32),33),(30,(25,34))))),(((18,19),(17,20)),((22,(21,23)),(16,24)))),((10,(11,12)),((15,14),13))));
Tree Score: 13657.365404098411
Score Improvement: 5.799428282762253E-4

Step Number: 12
Time Spent: 20.136116471 seconds
New Tree:
Tree: ((((0,1),2),((5,(4,3)),((6,7),(8,9)))),(((((26,27),(28,29)),((35,36),(((31,32),33),(25,(30,34))))),(((18,19),(17,20)),((22,(21,23)),(16,24)))),((10,(11,12)),((15,14),13))));
Tree Score: 13657.600229109405
Score Improvement: 1.719401978683699E-5

Step Number: 13
Time Spent: 20.140270911 seconds
New Tree:
Tree: ((((0,1),2),((5,(4,3)),((6,7),(8,9)))),(((((26,27),(28,29)),((35,36),(((31,32),33),(25,(30,34))))),(((18,19),(17,20)),((22,(21,23)),(16,24)))),((12,(11,10)),((15,14),13))));
Tree Score: 13657.8094790678
Score Improvement: 1.5321136574986127E-5

Step Number: 14
Time Spent: 20.136996332 seconds
New Tree:
Tree: ((((0,1),2),((5,(4,3)),((6,7),(8,9)))),(((((26,27),(28,29)),((35,36),(((31,33),32),(25,(30,34))))),(((18,19),(17,20)),((22,(21,23)),(16,24)))),((12,(11,10)),((15,14),13))));
Tree Score: 13657.879254429368
Score Improvement: 5.10882522375411E-6

Step Number: 15
Time Spent: 20.139336784 seconds
New Tree:
Tree: ((((0,1),2),((5,(4,3)),((6,7),(8,9)))),(((((26,27),(28,29)),((35,36),(((31,33),32),(25,(30,34))))),(((18,19),(17,20)),((22,(21,23)),(16,24)))),((12,(11,10)),((15,14),13))));
Tree Score: 13657.879254429368
Score Improvement: 0.0

TOTAL STEPS: 15
TOTAL TIME: 336.428342328 seconds
Final tree: Tree: ((((0,1),2),((5,(4,3)),((6,7),(8,9)))),(((((26,27),(28,29)),((35,36),(((31,33),32),(25,(30,34))))),(((18,19),(17,20)),((22,(21,23)),(16,24)))),((12,(11,10)),((15,14),13))));
Tree Score: 13657.879254429368
Total Score Improvement: 0.54999001765369

--------------ITERATION 10--------------
Input tree: (((0,1),(2,(((3,((4,5),6)),(7,8)),((9,10),(11,12))))),((13,(((14,(15,16)),17),(18,19))),((((20,21),((22,(23,24)),((25,26),27))),(((28,29),(30,31)),(32,33))),(34,(35,36)))));
Initial Score: 8995.372401157354

Step Number: 1
Time Spent: 24.521307773 seconds
New Tree:
Tree: (((0,1),(2,(((3,((4,5),6)),(7,8)),((9,10),(11,12))))),((34,(35,36)),((((20,21),((22,(23,24)),((25,26),27))),(((28,29),(30,31)),(32,33))),(13,(((14,(15,16)),17),(18,19))))));
Tree Score: 10046.04720212783
Score Improvement: 0.11680170137650925

Step Number: 2
Time Spent: 29.878339837 seconds
New Tree:
Tree: ((((((20,21),((22,(23,24)),((25,26),27))),(((28,29),(30,31)),(32,33))),(13,(((14,(15,16)),17),(18,19)))),(2,(((3,((4,5),6)),(7,8)),((9,10),(11,12))))),((34,(35,36)),(0,1)));
Tree Score: 10874.62355083491
Score Improvement: 0.08247784745940479

Step Number: 3
Time Spent: 30.963098381 seconds
New Tree:
Tree: ((2,(((((20,21),((22,(23,24)),((25,26),27))),(((28,29),(30,31)),(32,33))),(13,(((14,(15,16)),17),(18,19)))),(((3,((4,5),6)),(7,8)),((9,10),(11,12))))),((34,(35,36)),(0,1)));
Tree Score: 11851.937902689173
Score Improvement: 0.08987109735667409

Step Number: 4
Time Spent: 31.023621789 seconds
New Tree:
Tree: ((2,(0,1)),((34,(35,36)),(((((20,21),((22,(23,24)),((25,26),27))),(((28,29),(30,31)),(32,33))),(13,(((14,(15,16)),17),(18,19)))),(((3,((4,5),6)),(7,8)),((9,10),(11,12))))));
Tree Score: 12357.726177107736
Score Improvement: 0.042675575806366606

Step Number: 5
Time Spent: 31.00832599 seconds
New Tree:
Tree: ((2,(0,1)),((34,(35,36)),(((((20,21),((22,(23,24)),((25,26),27))),(((28,29),(30,31)),(32,33))),(((14,(15,16)),17),(13,(18,19)))),(((3,((4,5),6)),(7,8)),((9,10),(11,12))))));
Tree Score: 12723.018128032974
Score Improvement: 0.029559802967792592

Step Number: 6
Time Spent: 30.898125035 seconds
New Tree:
Tree: ((2,(0,1)),((34,(35,36)),(((((20,21),((22,(23,24)),((25,26),27))),(((28,29),(30,31)),(32,33))),(((14,17),(15,16)),(13,(18,19)))),(((3,((4,5),6)),(7,8)),((9,10),(11,12))))));
Tree Score: 12835.355128190702
Score Improvement: 0.008829430173506791

Step Number: 7
Time Spent: 30.770409632 seconds
New Tree:
Tree: ((2,(0,1)),((34,(35,36)),(((((20,21),((22,(23,24)),((25,26),27))),(((28,29),(32,33)),(30,31))),(((14,17),(15,16)),(13,(18,19)))),(((3,((4,5),6)),(7,8)),((9,10),(11,12))))));
Tree Score: 12923.801528743224
Score Improvement: 0.006890841715650353

Step Number: 8
Time Spent: 27.287263905 seconds
New Tree:
Tree: ((2,(0,1)),((34,(35,36)),(((((22,(23,24)),((20,21),((25,26),27))),(((28,29),(32,33)),(30,31))),(((14,17),(15,16)),(13,(18,19)))),(((3,((4,5),6)),(7,8)),((9,10),(11,12))))));
Tree Score: 12997.773928447994
Score Improvement: 0.005723733805432563

Step Number: 9
Time Spent: 21.336832917 seconds
New Tree:
Tree: ((2,(0,1)),((34,(35,36)),(((((22,(23,24)),((20,21),((25,26),27))),(((28,29),(32,33)),(30,31))),(((14,17),(15,16)),(18,(13,19)))),(((3,((4,5),6)),(7,8)),((9,10),(11,12))))));
Tree Score: 13059.532503569248
Score Improvement: 0.004751473249283489

Step Number: 10
Time Spent: 22.512113168 seconds
New Tree:
Tree: ((2,(0,1)),((34,(35,36)),(((((22,(23,24)),((20,21),((25,26),27))),(((28,29),(32,33)),(30,31))),(((14,17),(15,16)),(18,(13,19)))),((((4,5),(3,6)),(7,8)),((9,10),(11,12))))));
Tree Score: 13070.290578555501
Score Improvement: 8.237718297583463E-4

Step Number: 11
Time Spent: 30.802519651 seconds
New Tree:
Tree: ((2,(0,1)),((34,(35,36)),(((((22,(23,24)),((20,21),((25,26),27))),(((28,29),(32,33)),(30,31))),(((14,17),(15,16)),(18,(13,19)))),((((7,8),(3,6)),(4,5)),((9,10),(11,12))))));
Tree Score: 13160.167153293773
Score Improvement: 0.006876402188466413

Step Number: 12
Time Spent: 25.518665049 seconds
New Tree:
Tree: ((2,(0,1)),((34,(35,36)),(((((22,(23,24)),(27,((25,26),(20,21)))),(((28,29),(32,33)),(30,31))),(((14,17),(15,16)),(18,(13,19)))),((((7,8),(3,6)),(4,5)),((9,10),(11,12))))));
Tree Score: 13165.818828383472
Score Improvement: 4.2945313869235946E-4

Step Number: 13
Time Spent: 21.32304094 seconds
New Tree:
Tree: ((2,(0,1)),((34,(35,36)),(((((22,(23,24)),(27,((25,26),(20,21)))),(((28,29),(32,33)),(30,31))),(((14,17),(15,16)),(18,(13,19)))),((((7,8),(3,6)),(4,5)),((9,10),(11,12))))));
Tree Score: 13165.818828383472
Score Improvement: 0.0

TOTAL STEPS: 13
TOTAL TIME: 357.843664067 seconds
Final tree: Tree: ((2,(0,1)),((34,(35,36)),(((((22,(23,24)),(27,((25,26),(20,21)))),(((28,29),(32,33)),(30,31))),(((14,17),(15,16)),(18,(13,19)))),((((7,8),(3,6)),(4,5)),((9,10),(11,12))))));
Tree Score: 13165.818828383472
Total Score Improvement: 0.46362132007892676

===========================================================
RESULTS FROM 10 ITERATION(S):
AVERAGE TIME PER RUN: 425.647692409 seconds
AVERAGE IMPROVEMENT: 0.41464706825041964
BEST Tree: (((((5,6),(35,36)),(33,34)),(((4,1),0),(3,2))),(((((22,21),(19,20)),((29,32),(30,31))),((23,(24,28)),(27,(26,25)))),(((8,9),(10,(7,11))),((((13,14),(12,15)),(17,18)),16))));
Tree Score: 14807.797122965028
BEST'S IMPROVEMENT :0.4132004962541278
