--------------ITERATION 1--------------
Input tree: ((((0,1),2),(((3,4),((5,6),7)),((8,((9,10),(11,12))),13))),((14,(15,16)),(((17,18),((19,((20,21),22)),23)),(((24,25),((((26,27),28),29),(30,31))),(((32,33),(34,35)),36)))));
Initial Score: 11007.81347481336

Step Number: 1
Time Spent: 11.030916082 seconds
New Tree:
Tree: ((((0,1),2),(((3,4),((5,6),7)),((8,((9,10),(11,12))),13))),((14,(15,16)),((((32,33),(34,35)),36),(((24,25),((((26,27),28),29),(30,31))),((17,18),((19,((20,21),22)),23))))));
Tree Score: 11701.106525391224
Score Improvement: 0.06298190391435754

Step Number: 2
Time Spent: 10.485571106 seconds
New Tree:
Tree: ((((0,1),2),(((3,4),((5,6),7)),((8,13),((9,10),(11,12))))),((14,(15,16)),((((32,33),(34,35)),36),(((24,25),((((26,27),28),29),(30,31))),((17,18),((19,((20,21),22)),23))))));
Tree Score: 11957.311850465718
Score Improvement: 0.02189582023875536

Step Number: 3
Time Spent: 9.269964567 seconds
New Tree:
Tree: ((((0,1),2),(((3,4),((5,6),7)),((8,13),((9,10),(11,12))))),((14,(15,16)),((((32,33),(34,35)),36),(((24,25),((((26,28),27),29),(30,31))),((17,18),((19,((20,21),22)),23))))));
Tree Score: 11970.171750578913
Score Improvement: 0.0010754842120048735

Step Number: 4
Time Spent: 8.68150077 seconds
New Tree:
Tree: ((((0,1),2),(((3,4),((5,6),7)),((8,13),((9,10),(11,12))))),((14,(15,16)),((((32,33),(34,35)),36),(((24,25),((((26,28),27),29),(30,31))),((17,18),((19,((20,21),22)),23))))));
Tree Score: 11970.171750578913
Score Improvement: 0.0

TOTAL STEPS: 4
TOTAL TIME: 39.467952525 seconds
Final tree: Tree: ((((0,1),2),(((3,4),((5,6),7)),((8,13),((9,10),(11,12))))),((14,(15,16)),((((32,33),(34,35)),36),(((24,25),((((26,28),27),29),(30,31))),((17,18),((19,((20,21),22)),23))))));
Tree Score: 11970.171750578913
Total Score Improvement: 0.08742501660002655

--------------ITERATION 2--------------
Input tree: ((((0,1),((2,3),4)),((5,((6,7),((8,9),10))),((11,12),(13,14)))),((15,(16,17)),(((18,19),(((20,21),22),((23,24),(25,26)))),(((27,28),29),((((30,(31,32)),33),(34,35)),36)))));
Initial Score: 10677.471624936488

Step Number: 1
Time Spent: 11.577390952 seconds
New Tree:
Tree: ((((0,1),((2,3),4)),(((18,19),(((20,21),22),((23,24),(25,26)))),(((27,28),29),((((30,(31,32)),33),(34,35)),36)))),((15,(16,17)),((5,((6,7),((8,9),10))),((11,12),(13,14)))));
Tree Score: 11456.36289823719
Score Improvement: 0.07294716395983247

Step Number: 2
Time Spent: 11.61096268 seconds
New Tree:
Tree: ((((0,1),((2,3),4)),(((18,19),(((20,21),22),((23,24),(25,26)))),(((27,28),29),((((30,(31,32)),33),(34,35)),36)))),((5,((6,7),((8,9),10))),((15,(16,17)),((11,12),(13,14)))));
Tree Score: 12297.160374501997
Score Improvement: 0.07339130959217277

Step Number: 3
Time Spent: 11.563053374 seconds
New Tree:
Tree: ((((0,1),((2,3),4)),((((23,24),(25,26)),(((20,21),22),(18,19))),(((27,28),29),((((30,(31,32)),33),(34,35)),36)))),((5,((6,7),((8,9),10))),((15,(16,17)),((11,12),(13,14)))));
Tree Score: 12695.886573975455
Score Improvement: 0.032424249772346814

Step Number: 4
Time Spent: 11.596489261 seconds
New Tree:
Tree: ((((0,1),((2,3),4)),((((23,24),(25,26)),(((20,21),22),(18,19))),(((27,28),29),((36,(34,35)),((30,(31,32)),33))))),((5,((6,7),((8,9),10))),((15,(16,17)),((11,12),(13,14)))));
Tree Score: 12773.032374731745
Score Improvement: 0.006076440609860789

Step Number: 5
Time Spent: 10.929925307 seconds
New Tree:
Tree: ((((0,1),((2,3),4)),((((23,24),(25,26)),(((20,21),22),(18,19))),(((27,28),29),((36,(34,35)),((30,(31,32)),33))))),((5,((6,7),((8,9),10))),((15,(16,17)),((11,12),(13,14)))));
Tree Score: 12773.032374731745
Score Improvement: 0.0

TOTAL STEPS: 5
TOTAL TIME: 57.277821574 seconds
Final tree: Tree: ((((0,1),((2,3),4)),((((23,24),(25,26)),(((20,21),22),(18,19))),(((27,28),29),((36,(34,35)),((30,(31,32)),33))))),((5,((6,7),((8,9),10))),((15,(16,17)),((11,12),(13,14)))));
Tree Score: 12773.032374731745
Total Score Improvement: 0.19626001579823638

--------------ITERATION 3--------------
Input tree: (((((0,(1,2)),(((3,4),5),(6,((7,8),(9,10))))),((11,(12,(13,((14,(15,16)),17)))),18)),((19,(20,(21,22))),(23,24))),((25,26),((27,28),((((29,30),31),((32,33),34)),(35,36)))));
Initial Score: 10054.786975930543

Step Number: 1
Time Spent: 10.054179516 seconds
New Tree:
Tree: (((((0,(1,2)),(((3,4),5),(6,((7,8),(9,10))))),((11,(12,(13,((14,(15,16)),17)))),18)),((19,(20,(21,22))),(23,24))),(((((29,30),31),((32,33),34)),(35,36)),((27,28),(25,26))));
Tree Score: 10665.740900647284
Score Improvement: 0.06076249314672322

Step Number: 2
Time Spent: 11.182559319 seconds
New Tree:
Tree: ((((27,28),(25,26)),((19,(20,(21,22))),(23,24))),(((((29,30),31),((32,33),34)),(35,36)),(((0,(1,2)),(((3,4),5),(6,((7,8),(9,10))))),((11,(12,(13,((14,(15,16)),17)))),18))));
Tree Score: 10851.852751623413
Score Improvement: 0.017449500481005797

Step Number: 3
Time Spent: 10.338129591 seconds
New Tree:
Tree: ((((27,28),(25,26)),((19,(20,(21,22))),(23,24))),(((((29,30),31),((32,33),34)),(35,36)),(((6,((7,8),(9,10))),(((3,4),5),(0,(1,2)))),((11,(12,(13,((14,(15,16)),17)))),18))));
Tree Score: 11022.315725922159
Score Improvement: 0.01570819086844355

Step Number: 4
Time Spent: 9.847031036 seconds
New Tree:
Tree: ((((27,28),(25,26)),((19,(20,(21,22))),(23,24))),(((((29,30),31),((32,33),34)),(35,36)),(((6,((7,8),(9,10))),((11,(12,(13,((14,(15,16)),17)))),18)),(((3,4),5),(0,(1,2))))));
Tree Score: 12262.37539944649
Score Improvement: 0.11250445953094701

Step Number: 5
Time Spent: 9.337498575 seconds
New Tree:
Tree: ((((27,28),(25,26)),((19,(20,(21,22))),(23,24))),(((((29,30),31),((32,33),34)),(35,36)),((((9,10),((7,8),6)),((11,(12,(13,((14,(15,16)),17)))),18)),(((3,4),5),(0,(1,2))))));
Tree Score: 12424.54234968722
Score Improvement: 0.013224758251003443

Step Number: 6
Time Spent: 8.83868193 seconds
New Tree:
Tree: ((((27,28),(25,26)),(((21,22),(20,19)),(23,24))),(((((29,30),31),((32,33),34)),(35,36)),((((9,10),((7,8),6)),((11,(12,(13,((14,(15,16)),17)))),18)),(((3,4),5),(0,(1,2))))));
Tree Score: 12492.496399481224
Score Improvement: 0.0054693402687555626

Step Number: 7
Time Spent: 8.215045364 seconds
New Tree:
Tree: ((((27,28),(25,26)),(((21,22),(20,19)),(23,24))),(((((29,30),31),((32,33),34)),(35,36)),((((9,10),((7,8),6)),((11,(12,(13,((16,(15,14)),17)))),18)),(((3,4),5),(0,(1,2))))));
Tree Score: 12510.934149433302
Score Improvement: 0.0014759059648672412

Step Number: 8
Time Spent: 7.643468279 seconds
New Tree:
Tree: ((((27,28),(25,26)),(((21,22),(20,19)),(23,24))),(((((29,30),31),((32,33),34)),(35,36)),((((9,10),((7,8),6)),((12,(11,(13,((16,(15,14)),17)))),18)),(((3,4),5),(0,(1,2))))));
Tree Score: 12526.75017454429
Score Improvement: 0.0012641761935661133

Step Number: 9
Time Spent: 7.034838718 seconds
New Tree:
Tree: ((((27,28),(25,26)),(((21,22),(20,19)),(23,24))),(((((29,30),31),((32,33),34)),(35,36)),((((9,10),((7,8),6)),((12,(11,(13,((16,(15,14)),17)))),18)),(((3,4),5),(0,(1,2))))));
Tree Score: 12526.75017454429
Score Improvement: 0.0

TOTAL STEPS: 9
TOTAL TIME: 82.491432328 seconds
Final tree: Tree: ((((27,28),(25,26)),(((21,22),(20,19)),(23,24))),(((((29,30),31),((32,33),34)),(35,36)),((((9,10),((7,8),6)),((12,(11,(13,((16,(15,14)),17)))),18)),(((3,4),5),(0,(1,2))))));
Tree Score: 12526.75017454429
Total Score Improvement: 0.24584938542519175

--------------ITERATION 4--------------
Input tree: ((((((0,1),((2,3),(4,(5,6)))),7),(8,9)),(((10,((((11,(12,13)),14),(15,16)),17)),(((18,(19,20)),(21,(22,23))),(24,25))),((26,(27,28)),((29,(30,31)),((32,33),34))))),(35,36));
Initial Score: 9500.648976560713

Step Number: 1
Time Spent: 11.888184314 seconds
New Tree:
Tree: ((((((0,1),((2,3),(4,(5,6)))),7),(8,9)),((((26,(27,28)),((29,(30,31)),((32,33),34))),(((18,(19,20)),(21,(22,23))),(24,25))),(10,((((11,(12,13)),14),(15,16)),17)))),(35,36));
Tree Score: 11351.919923540483
Score Improvement: 0.19485731464735578

Step Number: 2
Time Spent: 12.004858719 seconds
New Tree:
Tree: (((((8,9),7),((0,1),((2,3),(4,(5,6))))),((((26,(27,28)),((29,(30,31)),((32,33),34))),(((18,(19,20)),(21,(22,23))),(24,25))),(10,((((11,(12,13)),14),(15,16)),17)))),(35,36));
Tree Score: 11795.39594837725
Score Improvement: 0.03906616923161432

Step Number: 3
Time Spent: 12.39265531 seconds
New Tree:
Tree: (((((8,9),