--------------ITERATION 1--------------
Input tree: (((0,((1,(((2,3),(4,5)),((6,7),(8,9)))),(((10,(11,(12,13))),14),((15,16),(17,18))))),((((19,(20,21)),22),(((23,24),((25,26),27)),(28,29))),30)),(((31,32),(33,(34,35))),36));
Initial Score: 7275.834875413904

Step Number: 1
Time Spent: 35.000813093 seconds
New Tree:
Tree: (((((((19,(20,21)),22),(((23,24),((25,26),27)),(28,29))),30),((1,(((2,3),(4,5)),((6,7),(8,9)))),(((10,(11,(12,13))),14),((15,16),(17,18))))),0),(((31,32),(33,(34,35))),36));
Tree Score: 9888.71482802476
Score Improvement: 0.35911754422027276

Step Number: 2
Time Spent: 35.777202256 seconds
New Tree:
Tree: (((((((19,(20,21)),22),30),(((23,24),((25,26),27)),(28,29))),((1,(((2,3),(4,5)),((6,7),(8,9)))),(((10,(11,(12,13))),14),((15,16),(17,18))))),0),(((31,32),(33,(34,35))),36));
Tree Score: 11221.423877883146
Score Improvement: 0.13477070307270567

Step Number: 3
Time Spent: 35.577729752 seconds
New Tree:
Tree: ((36,0),(((31,32),(33,(34,35))),(((((19,(20,21)),22),30),(((23,24),((25,26),27)),(28,29))),((1,(((2,3),(4,5)),((6,7),(8,9)))),(((10,(11,(12,13))),14),((15,16),(17,18)))))));
Tree Score: 11529.40335166585
Score Improvement: 0.02744566795927872

Step Number: 4
Time Spent: 34.271216893 seconds
New Tree:
Tree: ((36,0),(((31,32),(33,(34,35))),((((30,22),(19,(20,21))),(((23,24),((25,26),27)),(28,29))),((1,(((2,3),(4,5)),((6,7),(8,9)))),(((10,(11,(12,13))),14),((15,16),(17,18)))))));
Tree Score: 11832.520726610815
Score Improvement: 0.026290811909288392

Step Number: 5
Time Spent: 42.279295783 seconds
New Tree:
Tree: ((36,0),(((31,32),(33,(34,35))),((((30,22),(19,(20,21))),(((23,24),((25,26),27)),(28,29))),((1,(((2,3),(4,5)),((6,7),(8,9)))),((((15,16),(17,18)),14),(10,(11,(12,13))))))));
Tree Score: 12048.417151887246
Score Improvement: 0.01824602130557773

Step Number: 6
Time Spent: 45.202255958 seconds
New Tree:
Tree: ((36,0),(((31,32),(33,(34,35))),((((30,22),(19,(20,21))),(((23,24),((25,26),27)),(28,29))),((((2,3),(4,5)),(1,((6,7),(8,9)))),((((15,16),(17,18)),14),(10,(11,(12,13))))))));
Tree Score: 12241.418075971931
Score Improvement: 0.016018778371601483

Step Number: 7
Time Spent: 45.202656219 seconds
New Tree:
Tree: ((36,0),(((31,32),(33,(34,35))),((((30,22),(19,(20,21))),(((23,24),((25,26),27)),(28,29))),((((2,3),(4,5)),((8,9),((6,7),1))),((((15,16),(17,18)),14),(10,(11,(12,13))))))));
Tree Score: 12522.67267734521
Score Improvement: 0.02297565524090217

Step Number: 8
Time Spent: 44.671203022 seconds
New Tree:
Tree: ((36,0),((((((30,22),(19,(20,21))),(((23,24),((25,26),27)),(28,29))),((((2,3),(4,5)),((8,9),((6,7),1))),((((15,16),(17,18)),14),(10,(11,(12,13)))))),(33,(34,35))),(31,32)));
Tree Score: 12651.70720331055
Score Improvement: 0.010304072404509812

Step Number: 9
Time Spent: 45.716129406 seconds
New Tree:
Tree: ((36,0),((((((20,21),(19,(30,22))),(((23,24),((25,26),27)),(28,29))),((((2,3),(4,5)),((8,9),((6,7),1))),((((15,16),(17,18)),14),(10,(11,(12,13)))))),(33,(34,35))),(31,32)));
Tree Score: 12751.458578495585
Score Improvement: 0.007884420148368099

Step Number: 10
Time Spent: 45.689653273 seconds
New Tree:
Tree: ((36,0),((((((20,21),(19,(30,22))),(((23,24),(28,29)),((25,26),27))),((((2,3),(4,5)),((8,9),((6,7),1))),((((15,16),(17,18)),14),(10,(11,(12,13)))))),(33,(34,35))),(31,32)));
Tree Score: 12829.618327640623
Score Improvement: 0.0061294752019074306

Step Number: 11
Time Spent: 45.601015815 seconds
New Tree:
Tree: ((36,0),((((((20,21),(19,(30,22))),(((23,24),(28,29)),((25,26),27))),((((2,3),(4,5)),((8,9),((6,7),1))),((((15,16),(17,18)),14),(10,(11,(12,13)))))),(35,(34,33))),(31,32)));
Tree Score: 12895.86762739117
Score Improvement: 0.0051637779128483885

Step Number: 12
Time Spent: 45.637150228 seconds
New Tree:
Tree: ((36,0),((((((20,21),(19,(30,22))),(((23,24),(28,29)),((25,26),27))),((((2,3),(4,5)),((8,9),((6,7),1))),((((15,16),(17,18)),14),((12,13),(11,10))))),(35,(34,33))),(31,32)));
Tree Score: 12951.552852280016
Score Improvement: 0.0043180673451215235

Step Number: 13
Time Spent: 40.61641051 seconds
New Tree:
Tree: ((36,0),((((((20,21),(30,(19,22))),(((23,24),(28,29)),((25,26),27))),((((2,3),(4,5)),((8,9),((6,7),1))),((((15,16),(17,18)),14),((12,13),(11,10))))),(35,(34,33))),(31,32)));
Tree Score: 12972.352602370127
Score Improvement: 0.0016059657345603995

Step Number: 14
Time Spent: 35.01285359 seconds
New Tree:
Tree: ((36,0),((((((20,21),(30,(19,22))),(((23,24),(28,29)),((25,26),27))),((((2,3),(4,5)),((8,9),((6,7),1))),((((15,16),(17,18)),14),((12,13),(11,10))))),(35,(34,33))),(31,32)));
Tree Score: 12972.352602370127
Score Improvement: 0.0

TOTAL STEPS: 14
TOTAL TIME: 576.255585798 seconds
Final tree: Tree: ((36,0),((((((20,21),(30,(19,22))),(((23,24),(28,29)),((25,26),27))),((((2,3),(4,5)),((8,9),((6,7),1))),((((15,16),(17,18)),14),((12,13),(11,10))))),(35,(34,33))),(31,32)));
Tree Score: 12972.352602370127
Total Score Improvement: 0.7829366422547024

--------------ITERATION 2--------------
Input tree: ((((0,(1,2)),(3,((4,5),(6,7)))),((8,(9,10)),11)),((12,((13,14),((15,16),17))),((((18,(19,20)),((((21,(22,23)),24),(25,26)),(27,(28,29)))),30),(((31,(32,33)),(34,35)),36))));
Initial Score: 9633.530525846807

Step Number: 1
Time Spent: 34.11615709 seconds
New Tree:
Tree: ((((0,(1,2)),(3,((4,5),(6,7)))),((((18,(19,20)),((((21,(22,23)),24),(25,26)),(27,(28,29)))),30),(((31,(32,33)),(34,35)),36))),((12,((13,14),((15,16),17))),((8,(9,10)),11)));
Tree Score: 10906.965424972797
Score Improvement: 0.13218776809907418

Step Number: 2
Time Spent: 34.273517185 seconds
New Tree:
Tree: ((((0,(1,2)),(3,((4,5),(6,7)))),(((((31,(32,33)),(34,35)),36),30),((18,(19,20)),((((21,(22,23)),24),(25,26)),(27,(28,29)))))),((12,((13,14),((15,16),17))),((8,(9,10)),11)));
Tree Score: 12195.17222530414
Score Improvement: 0.11810863518296677

Step Number: 3
Time Spent: 40.275439706 seconds
New Tree:
Tree: ((((0,(1,2)),(3,((4,5),(6,7)))),(((((21,(22,23)),24),(25,26)),(27,(28,29))),((18,(19,20)),((((31,(32,33)),(34,35)),36),30)))),((12,((13,14),((15,16),17))),((8,(9,10)),11)));
Tree Score: 12812.766774730448
Score Improvement: 0.05064254428033754

Step Number: 4
Time Spent: 44.185323987 seconds
New Tree:
Tree: ((((0,(1,2)),(3,((4,5),(6,7)))),(((((21,(22,23)),24),(25,26)),(27,(28,29))),((18,(19,20)),((((31,(32,33)),(34,35)),36),30)))),((12,((8,(9,10)),11)),((13,14),((15,16),17))));
Tree Score: 13156.423300498065
Score Improvement: 0.026821414282306444

Step Number: 5
Time Spent: 44.182546539 seconds
New Tree:
Tree: ((((0,(1,2)),(3,((4,5),(6,7)))),(((((21,(22,23)),24),(25,26)),(27,(28,29))),((18,(19,20)),((30,36),((31,(32,33)),(34,35)))))),((12,((8,(9,10)),11)),((13,14),((15,16),17))));
Tree Score: 13299.324299947259
Score Improvement: 0.010861690611899233

Step Number: 6
Time Spent: 43.627222988 seconds
New Tree:
Tree: ((((0,(1,2)),(3,((4,5),(6,7)))),(((((21,(22,23)),24),(25,26)),(27,(28,29))),((18,(19,20)),((30,36),((31,(32,33)),(34,35)))))),(((8,(9,10)),(12,11)),((13,14),((15,16),17))));
Tree Score: 13427.71242498317
Score Improvement: 0.009653732937125348

Step Number: 7
Time Spent: 43.825648709 seconds
New Tree:
Tree: ((((0,(1,2)),(3,((4,5),(6,7)))),(((((25,26),24),(21,(22,23))),(27,(28,29))),((18,(19,20)),((30,36),((31,(32,33)),(34,35)))))),(((8,(9,10)),(12,11)),((13,14),((15,16),17))));
Tree Score: 13542.630899225727
Score Improvement: 0.008558306180935338

Step Number: 8
Time Spent: 35.917736049 seconds
New Tree:
Tree: ((((0,(1,2)),(3,((4,5),(6,7)))),(((((25,26),24),(21,(22,23))),(27,(28,29))),((18,(19,20)),((34,35),((31,(32,33)),(30,36)))))),(((8,(9,10)),(12,11)),((13,14),((15,16),17))));
Tree Score: 13599.3941995738
Score Improvement: 0.004191452958473452

Step Number: 9
Time Spent: 33.858303001 seconds
New Tree:
Tree: ((((0,(1,2)),(3,((4,5),(6,7)))),(((((25,26),24),(21,(22,23))),(27,(28,29))),((18,(19,20)),((34,35),((31,(30,36)),(32,33)))))),(((8,(9,10)),(12,11)),((13,14),((15,16),17))));
Tree Score: 13647.65274982284
Score Improvement: 0.003548580880944785

Step Number: 10
Time Spent: 33.871033531 seconds
New Tree:
Tree: ((((2,(1,0)),(3,((4,5),(6,7)))),(((((25,26),24),(21,(22,23))),(27,(28,29))),((18,(19,20)),((34,35),((31,(30,36)),(32,33)))))),(((8,(9,10)),(12,11)),((13,14),((15,16),17))));
Tree Score: 13668.893974767432
Score Improvement: 0.0015564013339119942

Step Number: 11
Time Spent: 33.845832771 seconds
New Tree:
Tree: ((((2,(1,0)),(3,((4,5),(6,7)))),(((((25,26),24),(21,(22,23))),(27,(28,29))),((20,(19,18)),((34,35),((31,(30,36)),(32,33)))))),(((8,(9,10)),(12,11)),((13,14),((15,16),17))));
Tree Score: 13688.05262456219
Score Improvement: 0.0014016239960690235

Step Number: 12
Time Spent: 33.81041863 seconds
New Tree:
Tree: ((((2,(1,0)),(3,((4,5),(6,7)))),((((27,(28,29)),(21,(22,23))),((25,26),24)),((20,(19,18)),((34,35),((31,(30,36)),(32,33)))))),(((8,(9,10)),(12,11)),((13,14),((15,16),17))));
Tree Score: 13698.976475174904
Score Improvement: 7.98057321398149E-4

Step Number: 13
Time Spent: 33.839630515 seconds
New Tree:
Tree: ((((2,(1,0)),((4,5),(3,(6,7)))),((((27,(28,29)),(21,(22,23))),((25,26),24)),((20,(19,18)),((34,35),((31,(30,36)),(32,33)))))),(((8,(9,10)),(12,11)),((13,14),((15,16),17))));
Tree Score: 13707.21160004975
Score Improvement: 6.011489172033091E-4

Step Number: 14
Time Spent: 33.805354718 seconds
New Tree:
Tree: ((((2,(1,0)),((4,5),(7,(6,3)))),((((27,(28,29)),(21,(22,23))),((25,26),24)),((20,(19,18)),((34,35),((31,(30,36)),(32,33)))))),(((8,(9,10)),(12,11)),((13,14),((15,16),17))));
Tree Score: 13731.204325211032
Score Improvement: 0.0017503724215650607

Step Number: 15
Time Spent: 33.705321188 seconds
New Tree:
Tree: ((((2,(1,0)),((4,5),(7,(6,3)))),((((27,(28,29)),(21,(22,23))),((25,26),24)),((20,(19,18)),((34,35),((36,(30,31)),(32,33)))))),(((8,(9,10)),(12,11)),((13,14),((15,16),17))));
Tree Score: 13735.2264751762
Score Improvement: 2.929204074098024E-4

Step Number: 16
Time Spent: 33.718504009 seconds
New Tree:
Tree: ((((2,(1,0)),((4,5),(7,(6,3)))),((((27,(28,29)),(22,(21,23))),((25,26),24)),((20,(19,18)),((34,35),((36,(30,31)),(32,33)))))),(((8,(9,10)),(12,11)),((13,14),((15,16),17))));
Tree Score: 13737.10077516435
Score Improvement: 1.3645934353823108E-4

Step Number: 17
Time Spent: 18.606511205 seconds
New Tree:
Tree: ((((2,(1,0)),((4,5),(7,(6,3)))),((((29,(28,27)),(22,(21,23))),((25,26),24)),((20,(19,18)),((34,35),((36,(30,31)),(32,33)))))),(((8,(9,10)),(12,11)),((13,14),((15,16),17))));
Tree Score: 13738.714150202259
Score Improvement: 1.1744654598633275E-4

Step Number: 18
Time Spent: 17.495155285 seconds
New Tree:
Tree: ((((2,(1,0)),((4,5),(7,(6,3)))),((((29,(28,27)),(22,(21,23))),((25,26),24)),((20,(19,18)),((34,35),((36,(30,31)),(32,33)))))),(((8,(12,11)),(9,10)),((13,14),((15,16),17))));
Tree Score: 13739.738149856015
Score Improvement: 7.453387868472383E-5

Step Number: 19
Time Spent: 17.504443897 seconds
New Tree:
Tree: ((((2,(1,0)),((4,5),(7,(6,3)))),((((29,(28,27)),(22,(21,23))),((24,26),25)),((20,(19,18)),((34,35),((36,(30,31)),(32,33)))))),(((8,(12,11)),(9,10)),((13,14),((15,16),17))));
Tree Score: 13739.820474976937
Score Improvement: 5.9917532650999306E-6

Step Number: 20
Time Spent: 17.471233598 seconds
New Tree:
Tree: ((((2,(1,0)),((4,5),(7,(6,3)))),((((29,(28,27)),(22,(21,23))),((24,26),25)),((20,(19,18)),((34,35),((36,(30,31)),(32,33)))))),(((8,(12,11)),(9,10)),((13,14),((15,16),17))));
Tree Score: 13739.820474976937
Score Improvement: 0.0

TOTAL STEPS: 20
TOTAL TIME: 661.935334601 seconds
Final tree: Tree: ((((2,(1,0)),((4,5),(7,(6,3)))),((((29,(28,27)),(22,(21,23))),((24,26),25)),((20,(19,18)),((34,35),((36,(30,31)),(32,33)))))),(((8,(12,11)),(9,10)),((13,14),((15,16),17))));
Tree Score: 13739.820474976937
Total Score Improvement: 0.42624974697624474

--------------ITERATION 3--------------
Input tree: (0,(((((((1,2),3),4),(5,6)),((((7,(8,9)),((((10,(11,12)),13),14),(15,16))),(17,(18,(19,20)))),(21,(22,23)))),(((24,(25,26)),27),((((28,((29,30),31)),32),33),34))),(35,36)));
Initial Score: 9213.744475840998

Step Number: 1
Time Spent: 19.30234634 seconds
New Tree:
Tree: (0,(((((((1,2),3),4),(5,6)),(((21,(22,23)),(17,(18,(19,20)))),((7,(8,9)),((((10,(11,12)),13),14),(15,16))))),(((24,(25,26)),27),((((28,((29,30),31)),32),33),34))),(35,36)));
Tree Score: 11160.311850030848
Score Improvement: 0.21126778361326037

Step Number: 2
Time Spent: 18.828856658 seconds
New Tree:
Tree: (0,(((((21,(22,23)),(17,(18,(19,20)))),(((((1,2),3),4),(5,6)),((7,(8,9)),((((10,(11,12)),13),14),(15,16))))),(((24,(25,26)),27),((((28,((29,30),31)),32),33),34))),(35,36)));
Tree Score: 12946.64219874813
Score Improvement: 0.16006097076152437

Step Number: 3
Time Spent: 18.815180549 seconds
New Tree:
Tree: (0,(((((21,(22,23)),(17,(18,(19,20)))),((((5,6),4),((1,2),3)),((7,(8,9)),((((10,(11,12)),13),14),(15,16))))),(((24,(25,26)),27),((((28,((29,30),31)),32),33),34))),(35,36)));
Tree Score: 13207.894424617116
Score Improvement: 0.02017914930052278

Step Number: 4
Time Spent: 18.733971757 seconds
New Tree:
Tree: (0,(((((21,(22,23)),(17,(18,(19,20)))),((((5,6),4),((1,2),3)),((((10,(11,12)),13),14),((7,(8,9)),(15,16))))),(((24,(25,26)),27),((((28,((29,30),31)),32),33),34))),(35,36)));
Tree Score: 13409.046123662789
Score Improvement: 0.015229656793043667

Step Number: 5
Time Spent: 20.409171586 seconds
New Tree:
Tree: (0,(((((21,(22,23)),(17,(18,(19,20)))),((((5,6),4),((1,2),3)),((((10,(11,12)),13),14),((7,(8,9)),(15,16))))),(((24,(25,26)),27),(((33,32),(28,((29,30),31))),34))),(35,36)));
Tree Score: 13609.00604899117
Score Improvement: 0.014912315423802891

Step Number: 6
Time Spent: 26.558709247 seconds
New Tree:
Tree: (0,(((((21,(22,23)),(17,(18,(19,20)))),((((5,6),4),((1,2),3)),((((10,(11,12)),13),14),((7,(8,9)),(15,16))))),(((24,27),(25,26)),(((33,32),(28,((29,30),31))),34))),(35,36)));
Tree Score: 13751.965473670338
Score Improvement: 0.010504766047169545

Step Number: 7
Time Spent: 26.500069947 seconds
New Tree:
Tree: (0,(((((21,(22,23)),((19,20),(18,17))),((((5,6),4),((1,2),3)),((((10,(11,12)),13),14),((7,(8,9)),(15,16))))),(((24,27),(25,26)),(((33,32),(28,((29,30),31))),34))),(35,36)));
Tree Score: 13878.609748324205
Score Improvement: 0.009209176309840306

Step Number: 8
Time Spent: 26.567048925 seconds
New Tree:
Tree: (0,(((((33,32),(28,((29,30),31))),34),(((24,27),(25,26)),(((21,(22,23)),((19,20),(18,17))),((((5,6),4),((1,2),3)),((((10,(11,12)),13),14),((7,(8,9)),(15,16))))))),(35,36)));
Tree Score: 13995.356099940022
Score Improvement: 0.008411962994341993

Step Number: 9
Time Spent: 21.626111394 seconds
New Tree:
Tree: (0,(((((33,32),(28,((29,30),31))),(((24,27),(25,26)),(((21,(22,23)),((19,20),(18,17))),((((5,6),4),((1,2),3)),((((10,(11,12)),13),14),((7,(8,9)),(15,16))))))),34),(35,36)));
Tree Score: 14265.021449678403
Score Improvement: 0.019268202095946485

Step Number: 10
Time Spent: 19.065147391 seconds
New Tree:
Tree: (0,(((((33,32),(28,((29,30),31))),(((24,27),(25,26)),(((21,(22,23)),((19,20),(18,17))),((((5,6),4),((1,2),3)),((((10,(11,12)),13),14),((7,(8,9)),(15,16))))))),(35,36)),34));
Tree Score: 14369.759699570772
Score Improvement: 0.007342312821740027

Step Number: 11
Time Spent: 19.008936472 seconds
New Tree:
Tree: (0,(((((33,32),(28,((29,30),31))),(((24,27),(25,26)),(((21,(22,23)),((19,20),(18,17))),((((5,6),4),((1,2),3)),(((14,13),(10,(11,12))),((7,(8,9)),(15,16))))))),(35,36)),34));
Tree Score: 14454.042400236067
Score Improvement: 0.005865282539680328

Step Number: 12
Time Spent: 18.858048779 seconds
New Tree:
Tree: (0,(((((33,32),((29,30),(28,31))),(((24,27),(25,26)),(((21,(22,23)),((19,20),(18,17))),((((5,6),4),((1,2),3)),(((14,13),(10,(11,12))),((7,(8,9)),(15,16))))))),(35,36)),34));
Tree Score: 14489.724550204177
Score Improvement: 0.0024686623285072873

Step Number: 13
Time Spent: 18.830269338 seconds
New Tree:
Tree: (0,(((((33,32),((29,30),(28,31))),(((24,27),(25,26)),(((21,(22,23)),((19,20),(18,17))),((((5,6),4),((3,2),1)),(((14,13),(10,(11,12))),((7,(8,9)),(15,16))))))),(35,36)),34));
Tree Score: 14521.114525328914
Score Improvement: 0.002166361066145761

Step Number: 14
Time Spent: 18.843640662 seconds
New Tree:
Tree: (0,(((((33,32),((29,30),(28,31))),(((24,27),(25,26)),(((21,(22,23)),((19,20),(18,17))),((((5,6),4),((3,2),1)),(((14,13),(10,(11,12))),((7,(15,16)),(8,9))))))),(35,36)),34));
Tree Score: 14538.327825668792
Score Improvement: 0.0011853980154108434

Step Number: 15
Time Spent: 18.85906022 seconds
New Tree:
Tree: (0,(((((33,32),((29,30),(28,31))),(((24,27),(25,26)),(((21,(22,23)),((19,20),(18,17))),((((5,6),4),((3,2),1)),(((14,13),(10,(11,12))),((15,(7,16)),(8,9))))))),(35,36)),34));
Tree Score: 14554.366100596788
Score Improvement: 0.0011031719136005425

Step Number: 16
Time Spent: 18.861908278 seconds
New Tree:
Tree: (0,(((((33,32),((29,30),(28,31))),(((24,27),(25,26)),(((22,(21,23)),((19,20),(18,17))),((((5,6),4),((3,2),1)),(((14,13),(10,(11,12))),((15,(7,16)),(8,9))))))),(35,36)),34));
Tree Score: 14555.13047573209
Score Improvement: 5.2518614003460584E-5

Step Number: 17
Time Spent: 18.844971558 seconds
New Tree:
Tree: (0,(((((33,32),((29,30),(28,31))),(((24,27),(25,26)),(((22,(21,23)),((19,20),(18,17))),((((4,6),5),((3,2),1)),(((14,13),(10,(11,12))),((15,(7,16)),(8,9))))))),(35,36)),34));
Tree Score: 14555.743600637594
Score Improvement: 4.212431530770111E-5

Step Number: 18
Time Spent: 18.828026176 seconds
New Tree:
Tree: (0,(((((33,32),((29,30),(28,31))),(((24,27),(25,26)),(((22,(21,23)),((19,20),(18,17))),((((4,6),5),((3,2),1)),(((14,13),(12,(11,10))),((15,(7,16)),(8,9))))))),(35,36)),34));
Tree Score: 14555.924075514951
Score Improvement: 1.2398877192953961E-5

Step Number: 19
Time Spent: 18.891045922 seconds
New Tree:
Tree: (0,(((((33,32),((29,30),(28,31))),(((24,27),(25,26)),(((22,(21,23)),((19,20),(18,17))),((((4,6),5),((3,2),1)),(((14,13),(12,(11,10))),((15,(7,16)),(8,9))))))),(35,36)),34));
Tree Score: 14555.924075514951
Score Improvement: 0.0

TOTAL STEPS: 19
TOTAL TIME: 386.232521199 seconds
Final tree: Tree: (0,(((((33,32),((29,30),(28,31))),(((24,27),(25,26)),(((22,(21,23)),((19,20),(18,17))),((((4,6),5),((3,2),1)),(((14,13),(12,(11,10))),((15,(7,16)),(8,9))))))),(35,36)),34));
Tree Score: 14555.924075514951
Total Score Improvement: 0.5798054866489379

--------------ITERATION 4--------------
Input tree: (((((0,1),((2,3),(4,5))),6),(7,((((8,9),(10,(((11,12),13),14))),(15,16)),(((17,18),(((19,20),21),((22,23),(24,(25,26))))),(27,28))))),(29,((30,31),(((32,33),(34,35)),36))));
Initial Score: 8236.29752551255

Step Number: 1
Time Spent: 26.175314683 seconds
New Tree:
Tree: (((((0,1),((2,3),(4,5))),6),(7,((((8,9),(10,(((11,12),13),14))),(15,16)),(((17,18),(27,28)),(((19,20),21),((22,23),(24,(25,26)))))))),(29,((30,31),(((32,33),(34,35)),36))));
Tree Score: 9398.277674754223
Score Improvement: 0.1410803999785526

Step Number: 2
Time Spent: 25.791976899 seconds
New Tree:
Tree: ((((((8,9),(10,(((11,12),13),14))),(15,16)),(((17,18),(27,28)),(((19,20),21),((22,23),(24,(25,26)))))),(7,(((0,1),((2,3),(4,5))),6))),(29,((30,31),(((32,33),(34,35)),36))));
Tree Score: 10494.83224668268
Score Improvement: 0.11667611980374182

Step Number: 3
Time Spent: 26.296532472 seconds
New Tree:
Tree: ((((((8,9),(10,(((11,12),13),14))),(15,16)),(7,(((0,1),((2,3),(4,5))),6))),(((17,18),(27,28)),(((19,20),21),((22,23),(24,(25,26)))))),(29,((30,31),(((32,33),(34,35)),36))));
Tree Score: 11668.012676529834
Score Improvement: 0.11178648712731798

Step Number: 4
Time Spent: 26.084969674 seconds
New Tree:
Tree: ((((((8,9),(15,16)),(10,(((11,12),13),14))),(7,(((0,1),((2,3),(4,5))),6))),(((17,18),(27,28)),(((19,20),21),((22,23),(24,(25,26)))))),(29,((30,31),(((32,33),(34,35)),36))));
Tree Score: 12282.297401442673
Score Improvement: 0.05264690242824899

Step Number: 5
Time Spent: 25.890718087 seconds
New Tree:
Tree: ((((((8,9),(15,16)),(10,(((11,12),13),14))),(7,(((0,1),((2,3),(4,5))),6))),(((22,23),(24,(25,26))),(((19,20),21),((17,18),(27,28))))),(29,((30,31),(((32,33),(34,35)),36))));
Tree Score: 12654.376648880294
Score Improvement: 0.030293945446551174

Step Number: 6
Time Spent: 25.957427688 seconds
New Tree:
Tree: ((((((8,9),(15,16)),(10,(((11,12),13),14))),(((0,1),((2,3),(4,5))),(7,6))),(((22,23),(24,(25,26))),(((19,20),21),((17,18),(27,28))))),(29,((30,31),(((32,33),(34,35)),36))));
Tree Score: 12915.939398872419
Score Improvement: 0.020669745910816495

Step Number: 7
Time Spent: 25.822600137 seconds
New Tree:
Tree: ((((((8,9),(15,16)),(10,(((11,12),13),14))),(((0,1),(7,6)),((2,3),(4,5)))),(((22,23),(24,(25,26))),(((19,20),21),((17,18),(27,28))))),(29,((30,31),(((32,33),(34,35)),36))));
Tree Score: 13598.618048447344
Score Improvement: 0.05285551662115462

Step Number: 8
Time Spent: 25.650675202 seconds
New Tree:
Tree: ((((((8,9),(15,16)),(10,(((11,12),13),14))),(((0,1),(7,6)),((2,3),(4,5)))),(((22,23),(24,(25,26))),(((19,20),21),((17,18),(27,28))))),((((32,33),(34,35)),36),((30,31),29)));
Tree Score: 13779.167998428617
Score Improvement: 0.01327708075467915

Step Number: 9
Time Spent: 25.679278769 seconds
New Tree:
Tree: ((((((8,9),(15,16)),(10,(((11,12),13),14))),(((0,1),(7,6)),((2,3),(4,5)))),(((25,26),(24,(22,23))),(((19,20),21),((17,18),(27,28))))),((((32,33),(34,35)),36),((30,31),29)));
Tree Score: 13884.6396493457
Score Improvement: 0.007654428114172829

Step Number: 10
Time Spent: 25.673231073 seconds
New Tree:
Tree: ((((((8,9),(15,16)),(((11,12),13),(10,14))),(((0,1),(7,6)),((2,3),(4,5)))),(((25,26),(24,(22,23))),(((19,20),21),((17,18),(27,28))))),((((32,33),(34,35)),36),((30,31),29)));
Tree Score: 13964.834374425627
Score Improvement: 0.005775787280421607

Step Number: 11
Time Spent: 24.058341079 seconds
New Tree:
Tree: ((((((8,9),(15,16)),(((11,12),13),(10,14))),(((0,1),(7,6)),((2,3),(4,5)))),(((25,26),(24,(22,23))),((17,18),(((19,20),21),(27,28))))),((((32,33),(34,35)),36),((30,31),29)));
Tree Score: 14023.957848465587
Score Improvement: 0.004233739724706975

Step Number: 12
Time Spent: 25.661085324 seconds
New Tree:
Tree: ((((((8,9),(15,16)),(((11,12),13),(10,14))),(((0,1),(7,6)),((2,3),(4,5)))),(((25,26),(24,(22,23))),((17,18),(((19,20),21),(27,28))))),((((32,33),36),(34,35)),((30,31),29)));
Tree Score: 14051.426773714418
Score Improvement: 0.0019587141907901895

Step Number: 13
Time Spent: 25.607722533 seconds
New Tree:
Tree: ((((((8,9),(15,16)),(((11,12),13),(10,14))),(((0,1),(7,6)),((2,3),(4,5)))),(((25,26),(24,(22,23))),((17,18),(((19,20),21),(27,28))))),((((32,33),36),((30,31),29)),(34,35)));
Tree Score: 14091.671674006204
Score Improvement: 0.0028641148646251224

Step Number: 14
Time Spent: 25.631644989 seconds
New Tree:
Tree: ((((((8,9),(15,16)),(((11,12),13),(10,14))),(((0,1),(7,6)),((2,3),(4,5)))),(((25,26),(24,(22,23))),((17,18),(((19,20),21),(27,28))))),((((36,33),32),((30,31),29)),(34,35)));
Tree Score: 14127.433124113413
Score Improvement: 0.002537772021269591

Step Number: 15
Time Spent: 25.18898793 seconds
New Tree:
Tree: ((((((8,9),(15,16)),(((11,12),13),(10,14))),(((0,1),(7,6)),((2,3),(4,5)))),(((25,26),(24,(22,23))),((17,18),(((19,20),21),(27,28))))),(((34,35),((30,31),29)),((36,33),32)));
Tree Score: 14156.537248329776
Score Improvement: 0.0020601141028717684

Step Number: 16
Time Spent: 26.281733453 seconds
New Tree:
Tree: ((((((8,9),(15,16)),(((11,12),13),(10,14))),(((0,1),(7,6)),((2,3),(4,5)))),(((25,26),(23,(22,24))),((17,18),(((19,20),21),(27,28))))),(((34,35),((30,31),29)),((36,33),32)));
Tree Score: 14174.173373163263
Score Improvement: 0.0012457936940453163

Step Number: 17
Time Spent: 18.39280889 seconds
New Tree:
Tree: ((((((8,9),(15,16)),(((11,13),12),(10,14))),(((0,1),(7,6)),((2,3),(4,5)))),(((25,26),(23,(22,24))),((17,18),(((19,20),21),(27,28))))),(((34,35),((30,31),29)),((36,33),32)));
Tree Score: 14180.137873169551
Score Improvement: 4.208005538850479E-4

Step Number: 18
Time Spent: 18.363109234 seconds
New Tree:
Tree: ((((((8,9),(15,16)),(((11,13),12),(10,14))),(((0,1),(7,6)),((2,3),(4,5)))),(((25,26),(23,(22,24))),((17,18),(((19,20),21),(27,28))))),(((34,35),((30,29),31)),((36,33),32)));
Tree Score: 14183.425623681913
Score Improvement: 2.3185603283737422E-4

Step Number: 19
Time Spent: 18.378636767 seconds
New Tree:
Tree: ((((((8,9),(15,16)),(((11,13),12),(10,14))),(((0,1),(7,6)),((2,3),(4,5)))),(((22,24),(23,(25,26))),((17,18),(((19,20),21),(27,28))))),(((34,35),((30,29),31)),((36,33),32)));
Tree Score: 14184.687423671181
Score Improvement: 8.896299263283503E-5

Step Number: 20
Time Spent: 18.371661439 seconds
New Tree:
Tree: ((((((8,9),(15,16)),(((11,13),12),(10,14))),(((0,1),(7,6)),((2,3),(4,5)))),(((22,24),(26,(25,23))),((17,18),(((19,20),21),(27,28))))),(((34,35),((30,29),31)),((36,33),32)));
Tree Score: 14187.823273387789
Score Improvement: 2.210728811249396E-4

Step Number: 21
Time Spent: 18.364280961 seconds
New Tree:
Tree: ((((((8,9),(15,16)),(((11,13),12),(10,14))),(((0,1),(7,6)),((2,3),(4,5)))),(((22,24),(26,(25,23))),((17,18),(((19,20),21),(27,28))))),(((34,35),((30,29),31)),((36,33),32)));
Tree Score: 14187.823273387789
Score Improvement: 0.0

TOTAL STEPS: 21
TOTAL TIME: 503.322737283 seconds
Final tree: Tree: ((((((8,9),(15,16)),(((11,13),12),(10,14))),(((0,1),(7,6)),((2,3),(4,5)))),(((22,24),(26,(25,23))),((17,18),(((19,20),21),(27,28))))),(((34,35),((30,29),31)),((36,33),32)));
Tree Score: 14187.823273387789
Total Score Improvement: 0.7225972264163529

--------------ITERATION 5--------------
Input tree: ((((((0,((1,2),(3,4))),(5,6)),((7,8),9)),(((10,11),((((12,13),(((14,15),16),17)),18),((19,20),21))),((22,23),((24,25),((26,(27,28)),29))))),(30,(31,(32,33)))),(34,(35,36)));
Initial Score: 9455.175676640616

Step Number: 1
Time Spent: 19.590955037 seconds
New Tree:
Tree: ((((((0,((1,2),(3,4))),(5,6)),((7,8),9)),(((10,11),((((12,13),(((14,15),16),17)),18),((19,20),21))),(((26,(27,28)),29),((24,25),(22,23))))),(30,(31,(32,33)))),(34,(35,36)));
Tree Score: 10051.440849967794
Score Improvement: 0.06306230510346555

Step Number: 2
Time Spent: 19.643917848 seconds
New Tree:
Tree: ((((((0,((1,2),(3,4))),(5,6)),((7,8),9)),(((((12,13),(((14,15),16),17)),18),((10,11),((19,20),21))),(((26,(27,28)),29),((24,25),(22,23))))),(30,(31,(32,33)))),(34,(35,36)));
Tree Score: 10542.214274665143
Score Improvement: 0.048826176467916094

Step Number: 3
Time Spent: 19.627381388 seconds
New Tree:
Tree: ((((((0,((1,2),(3,4))),(5,6)),((7,8),9)),(((((10,11),((19,20),21)),18),((12,13),(((14,15),16),17))),(((26,(27,28)),29),((24,25),(22,23))))),(30,(31,(32,33)))),(34,(35,36)));
Tree Score: 11073.052700164746
Score Improvement: 0.05035359855806609

Step Number: 4
Time Spent: 19.551406503 seconds
New Tree:
Tree: (((((((7,8),9),(5,6)),(0,((1,2),(3,4)))),(((((10,11),((19,20),21)),18),((12,13),(((14,15),16),17))),(((26,(27,28)),29),((24,25),(22,23))))),(30,(31,(32,33)))),(34,(35,36)));
Tree Score: 11360.173325596861
Score Improvement: 0.02592967207930319

Step Number: 5
Time Spent: 19.410116328 seconds
New Tree:
Tree: ((((((26,(27,28)),29),((24,25),(22,23))),(((((10,11),((19,20),21)),18),((12,13),(((14,15),16),17))),((((7,8),9),(5,6)),(0,((1,2),(3,4)))))),(30,(31,(32,33)))),(34,(35,36)));
Tree Score: 11768.915947395628
Score Improvement: 0.03598031562403925

Step Number: 6
Time Spent: 26.534775198 seconds
New Tree:
Tree: ((((((26,(27,28)),29),((24,25),(22,23))),(((((10,11),((19,20),21)),18),((12,13),(((14,15),16),17))),((((7,8),9),(5,6)),((3,4),((1,2),0))))),(30,(31,(32,33)))),(34,(35,36)));
Tree Score: 11925.808747447347
Score Improvement: 0.013331117390335212

Step Number: 7
Time Spent: 27.964214305 seconds
New Tree:
Tree: ((((((26,29),(27,28)),((24,25),(22,23))),(((((10,11),((19,20),21)),18),((12,13),(((14,15),16),17))),((((7,8),9),(5,6)),((3,4),((1,2),0))))),(30,(31,(32,33)))),(34,(35,36)));
Tree Score: 12023.419097912749
Score Improvement: 0.008184799247790586

Step Number: 8
Time Spent: 25.544545575 seconds
New Tree:
Tree: ((((((26,29),(27,28)),((24,25),(22,23))),(((((10,11),((19,20),21)),18),((12,13),(((14,15),16),17))),((((5,6),9),(7,8)),((3,4),((1,2),0))))),(30,(31,(32,33)))),(34,(35,36)));
Tree Score: 12116.03259785545
Score Improvement: 0.007702759022912176

Step Number: 9
Time Spent: 28.430156307 seconds
New Tree:
Tree: ((((((26,29),(27,28)),((24,25),(22,23))),(((((10,11),((19,20),21)),18),((12,13),(((14,15),16),17))),((((5,6),9),(7,8)),((3,4),((1,2),0))))),((32,33),(31,30))),(34,(35,36)));
Tree Score: 12194.920847826423
Score Improvement: 0.006511062869287487

Step Number: 10
Time Spent: 27.200905088 seconds
New Tree:
Tree: ((((((26,29),(27,28)),((24,25),(22,23))),(((((10,11),((19,20),21)),18),(((14,15),16),((12,13),17))),((((5,6),9),(7,8)),((3,4),((1,2),0))))),((32,33),(31,30))),(34,(35,36)));
Tree Score: 12270.370023105615
Score Improvement: 0.006186934398400901

Step Number: 11
Time Spent: 19.437218728 seconds
New Tree:
Tree: ((((((26,29),(27,28)),((24,25),(22,23))),(((((10,11),18),((19,20),21)),(((14,15),16),((12,13),17))),((((5,6),9),(7,8)),((3,4),((1,2),0))))),((32,33),(31,30))),(34,(35,36)));
Tree Score: 12284.40437283988
Score Improvement: 0.0011437592923306816

Step Number: 12
Time Spent: 19.480533384 seconds
New Tree:
Tree: ((((((26,29),(27,28)),((24,25),(22,23))),(((((10,18),11),((19,20),21)),(((14,15),16),((12,13),17))),((((5,6),9),(7,8)),((3,4),((1,2),0))))),((32,33),(31,30))),(34,(35,36)));
Tree Score: 12328.177722962118
Score Improvement: 0.0035633270278061513

Step Number: 13
Time Spent: 19.364406605 seconds
New Tree:
Tree: ((((((26,29),(27,28)),((24,25),(22,23))),(((((10,18),11),((19,20),21)),(((14,15),16),((12,13),17))),((((9,6),5),(7,8)),((3,4),((1,2),0))))),((32,33),(31,30))),(34,(35,36)));
Tree Score: 12336.415923034318
Score Improvement: 6.682415079768411E-4

Step Number: 14
Time Spent: 19.37073248 seconds
New Tree:
Tree: ((((((26,29),(27,28)),((24,25),(22,23))),(((((10,18),11),((19,20),21)),((((12,13),17),16),(14,15))),((((9,6),5),(7,8)),((3,4),((1,2),0))))),((32,33),(31,30))),(34,(35,36)));
Tree Score: 12338.968697668488
Score Improvement: 2.069300070699498E-4

Step Number: 15
Time Spent: 19.447566133 seconds
New Tree:
Tree: ((((((26,29),(27,28)),((24,25),(22,23))),(((((10,18),11),((19,20),21)),((((12,13),16),17),(14,15))),((((9,6),5),(7,8)),((3,4),((1,2),0))))),((32,33),(31,30))),(34,(35,36)));
Tree Score: 12355.989147737399
Score Improvement: 0.0013794062118113182

Step Number: 16
Time Spent: 19.461936746 seconds
New Tree:
Tree: ((((((26,29),(27,28)),((24,25),(22,23))),(((((10,18),11),((19,20),21)),((((16,13),12),17),(14,15))),((((9,6),5),(7,8)),((3,4),((1,2),0))))),((32,33),(31,30))),(34,(35,36)));
Tree Score: 12375.841247735321
Score Improvement: 0.001606678329072242

Step Number: 17
Time Spent: 19.467749635 seconds
New Tree:
Tree: ((((((26,29),(27,28)),((24,25),(22,23))),((((19,20),(((10,18),11),21)),((((16,13),12),17),(14,15))),((((9,6),5),(7,8)),((3,4),((1,2),0))))),((32,33),(31,30))),(34,(35,36)));
Tree Score: 12378.123098163513
Score Improvement: 1.8437941975135708E-4

Step Number: 18
Time Spent: 19.470107128 seconds
New Tree:
Tree: ((((((26,29),(27,28)),((24,25),(22,23))),((((19,20),(((10,18),21),11)),((((16,13),12),17),(14,15))),((((9,6),5),(7,8)),((3,4),((1,2),0))))),((32,33),(31,30))),(34,(35,36)));
Tree Score: 12418.907347837414
Score Improvement: 0.0032948654129925092

Step Number: 19
Time Spent: 25.286429092 seconds
New Tree:
Tree: ((((((26,29),(27,28)),((24,25),(22,23))),((((19,20),(((21,18),10),11)),((((16,13),12),17),(14,15))),((((9,6),5),(7,8)),((3,4),((1,2),0))))),((32,33),(31,30))),(34,(35,36)));
Tree Score: 12424.352423191778
Score Improvement: 4.384504370518183E-4

Step Number: 20
Time Spent: 28.868568134 seconds
New Tree:
Tree: ((((((26,29),(27,28)),((24,25),(22,23))),((((19,20),((11,10),(21,18))),((((16,13),12),17),(14,15))),((((9,6),5),(7,8)),((3,4),((1,2),0))))),((32,33),(31,30))),(34,(35,36)));
Tree Score: 12448.13342338909
Score Improvement: 0.0019140635573828835

Step Number: 21
Time Spent: 28.739267752 seconds
New Tree:
Tree: ((((((26,29),(27,28)),((24,25),(22,23))),((((19,20),((11,10),(21,18))),((((16,13),12),17),(14,15))),((((9,6),5),(7,8)),((3,4),((1,2),0))))),((32,33),(31,30))),(34,(35,36)));
Tree Score: 12448.13342338909
Score Improvement: 0.0

TOTAL STEPS: 21
TOTAL TIME: 471.892889394 seconds
Final tree: Tree: ((((((26,29),(27,28)),((24,25),(22,23))),((((19,20),((11,10),(21,18))),((((16,13),12),17),(14,15))),((((9,6),5),(7,8)),((3,4),((1,2),0))))),((32,33),(31,30))),(34,(35,36)));
Tree Score: 12448.13342338909
Total Score Improvement: 0.3165417385255669

--------------ITERATION 6--------------
Input tree: (((((0,1),2),3),(4,((5,((6,7),8)),(9,(10,11))))),((((12,13),((14,(15,(16,17))),18)),((19,(20,21)),((22,23),(24,((25,26),27))))),((((28,29),30),((31,(32,33)),(34,35))),36)));
Initial Score: 9632.137948026158

Step Number: 1
Time Spent: 18.805540217 seconds
New Tree:
Tree: (((((0,1),2),3),(4,((5,((6,7),8)),(9,(10,11))))),((((((28,29),30),((31,(32,33)),(34,35))),36),((19,(20,21)),((22,23),(24,((25,26),27))))),((12,13),((14,(15,(16,17))),18))));
Tree Score: 10758.355425239524
Score Improvement: 0.11692289741802897

Step Number: 2
Time Spent: 17.915098631 seconds
New Tree:
Tree: ((((5,((6,7),8)),(9,(10,11))),(4,(((0,1),2),3))),((((((28,29),30),((31,(32,33)),(34,35))),36),((19,(20,21)),((22,23),(24,((25,26),27))))),((12,13),((14,(15,(16,17))),18))));
Tree Score: 11414.71537562656
Score Improvement: 0.06100932014638505

Step Number: 3
Time Spent: 18.003724496 seconds
New Tree:
Tree: ((((5,((6,7),8)),(9,(10,11))),(((0,1),2),(4,3))),((((((28,29),30),((31,(32,33)),(34,35))),36),((19,(20,21)),((22,23),(24,((25,26),27))))),((12,13),((14,(15,(16,17))),18))));
Tree Score: 11682.554525618076
Score Improvement: 0.023464373939925176

Step Number: 4
Time Spent: 26.486637094 seconds
New Tree:
Tree: ((((5,((6,7),8)),(9,(10,11))),(((0,1),2),(4,3))),((((((28,29),30),((31,(32,33)),(34,35))),36),((19,(20,21)),((22,23),(24,((25,26),27))))),((14,(15,(16,17))),((12,13),18))));
Tree Score: 11915.141775369286
Score Improvement: 0.019908937659240733

Step Number: 5
Time Spent: 26.149596328 seconds
New Tree:
Tree: ((((5,((6,7),8)),(9,(10,11))),(((0,1),2),(4,3))),((((((28,29),30),36),((31,(32,33)),(34,35))),((19,(20,21)),((22,23),(24,((25,26),27))))),((14,(15,(16,17))),((12,13),18))));
Tree Score: 12108.03502673521
Score Improvement: 0.01618891784944343

Step Number: 6
Time Spent: 26.212618239 seconds
New Tree:
Tree: ((((5,((6,7),8)),(9,(10,11))),(((0,1),2),(4,3))),(((((36,30),(28,29)),((31,(32,33)),(34,35))),((19,(20,21)),((22,23),(24,((25,26),27))))),((14,(15,(16,17))),((12,13),18))));
Tree Score: 12267.21442599646
Score Improvement: 0.013146592234807297

Step Number: 7
Time Spent: 26.302523388 seconds
New Tree:
Tree: ((((5,((6,7),8)),(9,(10,11))),(((0,1),2),(4,3))),(((((36,30),(28,29)),((31,(32,33)),(34,35))),((19,(20,21)),((22,23),(24,((25,26),27))))),((14,((12,13),18)),(15,(16,17)))));
Tree Score: 12350.871751345052
Score Improvement: 0.006819586129619193

Step Number: 8
Time Spent: 26.322642356 seconds
New Tree:
Tree: ((((5,((6,7),8)),(9,(10,11))),(((0,1),2),(4,3))),(((((36,30),(28,29)),((31,(32,33)),(34,35))),((19,(20,21)),(((25,26),27),(24,(22,23))))),((14,((12,13),18)),(15,(16,17)))));
Tree Score: 12424.688952099821
Score Improvement: 0.005976679398904006

Step Number: 9
Time Spent: 26.380880279 seconds
New Tree:
Tree: (((((6,7),(5,8)),(9,(10,11))),(((0,1),2),(4,3))),(((((36,30),(28,29)),((31,(32,33)),(34,35))),((19,(20,21)),(((25,26),27),(24,(22,23))))),((14,((12,13),18)),(15,(16,17)))));
Tree Score: 12497.382077198183
Score Improvement: 0.005850699794466507

Step Number: 10
Time Spent: 26.313772303 seconds
New Tree:
Tree: (((((6,7),(5,8)),(9,(10,11))),(((0,1),2),(4,3))),(((((36,30),(28,29)),((31,(32,33)),(34,35))),((19,(20,21)),(((25,26),27),(23,(22,24))))),((14,((12,13),18)),(15,(16,17)))));
Tree Score: 12527.61395200592
Score Improvement: 0.0024190566168971195

Step Number: 11
Time Spent: 25.860553986 seconds
New Tree:
Tree: (((((6,7),(5,8)),(9,(10,11))),((14,((12,13),18)),(15,(16,17)))),(((((36,30),(28,29)),((31,(32,33)),(34,35))),((19,(20,21)),(((25,26),27),(23,(22,24))))),(((0,1),2),(4,3))));
Tree Score: 12552.222474795331
Score Improvement: 0.0019643423626947154

Step Number: 12
Time Spent: 25.944483374 seconds
New Tree:
Tree: (((((6,7),(5,8)),(9,(10,11))),((14,((12,13),18)),(15,(16,17)))),(((((36,30),(28,29)),((31,(32,33)),(34,35))),(((0,1),2),(4,3))),((19,(20,21)),(((25,26),27),(23,(22,24))))));
Tree Score: 12847.716750851321
Score Improvement: 0.02354119174109104

Step Number: 13
Time Spent: 25.832693809 seconds
New Tree:
Tree: (((((6,7),(5,8)),(9,(10,11))),(((12,13),(14,18)),(15,(16,17)))),(((((36,30),(28,29)),((31,(32,33)),(34,35))),(((0,1),2),(4,3))),((19,(20,21)),(((25,26),27),(23,(22,24))))));
Tree Score: 12855.035425700105
Score Improvement: 5.696478985885989E-4

Step Number: 14
Time Spent: 25.856077858 seconds
New Tree:
Tree: (((((6,7),(5,8)),(10,(9,11))),(((12,13),(14,18)),(15,(16,17)))),(((((36,30),(28,29)),((31,(32,33)),(34,35))),(((0,1),2),(4,3))),((19,(20,21)),(((25,26),27),(23,(22,24))))));
Tree Score: 12855.766450762607
Score Improvement: 5.6866825978607594E-5

Step Number: 15
Time Spent: 25.857828989 seconds
New Tree:
Tree: (((((6,7),(5,8)),(10,(9,11))),(((12,13),(14,18)),(15,(16,17)))),(((((36,30),(28,29)),((31,(32,33)),(34,35))),(((2,1),0),(4,3))),((19,(20,21)),(((25,26),27),(23,(22,24))))));
Tree Score: 12856.29567581401
Score Improvement: 4.1166355458477355E-5

Step Number: 16
Time Spent: 22.769302368 seconds
New Tree:
Tree: (((((6,7),(5,8)),(10,(9,11))),(((12,13),(14,18)),(15,(16,17)))),(((((36,30),(28,29)),((31,(32,33)),(34,35))),(((4,3),0),(2,1))),((19,(20,21)),(((25,26),27),(23,(22,24))))));
Tree Score: 12863.231349825717
Score Improvement: 5.394768591666654E-4

Step Number: 17
Time Spent: 17.912562834 seconds
New Tree:
Tree: (((((6,7),(5,8)),(10,(9,11))),(((12,13),(14,18)),(15,(16,17)))),(((((36,30),(28,29)),((31,(32,33)),(34,35))),(((0,3),4),(2,1))),((19,(20,21)),(((25,26),27),(23,(22,24))))));
Tree Score: 12882.689624932453
Score Improvement: 0.0015127050565719724

Step Number: 18
Time Spent: 17.906467436 seconds
New Tree:
Tree: (((((6,7),(5,8)),(10,(9,11))),(((12,13),(14,18)),(15,(16,17)))),(((((36,30),(28,29)),((31,(32,33)),(34,35))),(((0,3),4),(2,1))),((19,(20,21)),(((25,27),26),(23,(22,24))))));
Tree Score: 12883.016774908963
Score Improvement: 2.5394539962864116E-5

Step Number: 19
Time Spent: 17.903946724 seconds
New Tree:
Tree: (((((6,7),(5,8)),(10,(9,11))),(((12,13),(14,18)),(15,(16,17)))),(((((36,30),(28,29)),((31,(32,33)),(34,35))),(((0,3),4),(2,1))),((20,(19,21)),(((25,27),26),(23,(22,24))))));
Tree Score: 12883.334425059937
Score Improvement: 2.4656503715192457E-5

Step Number: 20
Time Spent: 20.356325061 seconds
New Tree:
Tree: (((((6,7),(5,8)),(10,(9,11))),(((12,13),(14,18)),(15,(16,17)))),(((((36,30),(28,29)),((31,(32,33)),(34,35))),(((0,3),4),(2,1))),((20,(19,21)),(((25,27),26),(23,(22,24))))));
Tree Score: 12883.334425059937
Score Improvement: 0.0

TOTAL STEPS: 20
TOTAL TIME: 465.09327577 seconds
Final tree: Tree: (((((6,7),(5,8)),(10,(9,11))),(((12,13),(14,18)),(15,(16,17)))),(((((36,30),(28,29)),((31,(32,33)),(34,35))),(((0,3),4),(2,1))),((20,(19,21)),(((25,27),26),(23,(22,24))))));
Tree Score: 12883.334425059937
Total Score Improvement: 0.3375363283392365

--------------ITERATION 7--------------
Input tree: ((((0,1),((((2,((3,4),(5,(6,7)))),(8,(9,(((((10,11),(12,13)),((14,15),(16,17))),18),19)))),(20,((21,(22,23)),24))),25)),(26,27)),((28,29),((30,(((31,32),33),(34,35))),36)));
Initial Score: 7620.937097744154

Step Number: 1
Time Spent: 29.727130664 seconds
New Tree:
Tree: ((((0,1),((((2,((3,4),(5,(6,7)))),((((((10,11),(12,13)),((14,15),(16,17))),18),19),(9,8))),(20,((21,(22,23)),24))),25)),(26,27)),((28,29),((30,(((31,32),33),(34,35))),36)));
Tree Score: 8277.228772269704
Score Improvement: 0.08611692579378682

Step Number: 2
Time Spent: 30.346770634 seconds
New Tree:
Tree: ((((((2,((3,4),(5,(6,7)))),((((((10,11),(12,13)),((14,15),(16,17))),18),19),(9,8))),(20,((21,(22,23)),24))),((0,1),25)),(26,27)),((28,29),((30,(((31,32),33),(34,35))),36)));
Tree Score: 8786.93432399147
Score Improvement: 0.06157925143127341

Step Number: 3
Time Spent: 30.271517001 seconds
New Tree:
Tree: ((((((0,1),25),(20,((21,(22,23)),24))),((2,((3,4),(5,(6,7)))),((((((10,11),(12,13)),((14,15),(16,17))),18),19),(9,8)))),(26,27)),((28,29),((30,(((31,32),33),(34,35))),36)));
Tree Score: 9273.31032250969
Score Improvement: 0.05535218320572155

Step Number: 4
Time Spent: 28.685967888 seconds
New Tree:
Tree: ((((((0,1),25),(20,((21,(22,23)),24))),((2,((3,4),(5,(6,7)))),((((((10,11),(12,13)),((14,15),(16,17))),18),19),(9,8)))),((30,(((31,32),33),(34,35))),36)),((28,29),(26,27)));
Tree Score: 9834.411545810191
Score Improvement: 0.060507111677100545

Step Number: 5
Time Spent: 28.646766395 seconds
New Tree:
Tree: ((((((0,1),25),(20,((21,(22,23)),24))),((2,((3,4),(5,(6,7)))),(((19,18),(((10,11),(12,13)),((14,15),(16,17)))),(9,8)))),((30,(((31,32),33),(34,35))),36)),((28,29),(26,27)));
Tree Score: 10298.398947075297
Score Improvement: 0.04717998622528463

Step Number: 6
Time Spent: 27.791079718 seconds
New Tree:
Tree: ((((((0,1),25),(20,((21,(22,23)),24))),(((3,4),(2,(5,(6,7)))),(((19,18),(((10,11),(12,13)),((14,15),(16,17)))),(9,8)))),((30,(((31,32),33),(34,35))),36)),((28,29),(26,27)));
Tree Score: 10644.8983965505
Score Improvement: 0.033645953245344806

Step Number: 7
Time Spent: 27.790016734 seconds
New Tree:
Tree: ((((((0,1),25),(20,((21,(22,23)),24))),(((3,4),(2,(5,(6,7)))),(((19,18),(9,8)),(((10,11),(12,13)),((14,15),(16,17)))))),((30,(((31,32),33),(34,35))),36)),((28,29),(26,27)));
Tree Score: 10990.256071069009
Score Improvement: 0.03244349186371043

Step Number: 8
Time Spent: 27.444429072 seconds
New Tree:
Tree: ((((((0,1),25),(20,((21,(22,23)),24))),((((10,11),(12,13)),((14,15),(16,17))),(((19,18),(9,8)),((3,4),(2,(5,(6,7))))))),((30,(((31,32),33),(34,35))),36)),((28,29),(26,27)));
Tree Score: 11263.23704853417
Score Improvement: 0.024838454691129774

Step Number: 9
Time Spent: 27.498614804 seconds
New Tree:
Tree: ((((((21,(22,23)),24),(20,((0,1),25))),((((10,11),(12,13)),((14,15),(16,17))),(((19,18),(9,8)),((3,4),(2,(5,(6,7))))))),((30,(((31,32),33),(34,35))),36)),((28,29),(26,27)));
Tree Score: 11492.64942400689
Score Improvement: 0.0203682453351699

Step Number: 10
Time Spent: 27.577742324 seconds
New Tree:
Tree: ((((((21,(22,23)),24),(20,((0,1),25))),((((10,11),(12,13)),((14,15),(16,17))),((2,(5,(6,7))),((3,4),((19,18),(9,8)))))),((30,(((31,32),33),(34,35))),36)),((28,29),(26,27)));
Tree Score: 11631.228524698236
Score Improvement: 0.01205806386139896

Step Number: 11
Time Spent: 27.581410039 seconds
New Tree:
Tree: ((((((21,24),(22,23)),(20,((0,1),25))),((((10,11),(12,13)),((14,15),(16,17))),((2,(5,(6,7))),((3,4),((19,18),(9,8)))))),((30,(((31,32),33),(34,35))),36)),((28,29),(26,27)));
Tree Score: 11728.913299907756
Score Improvement: 0.00839849161265227

Step Number: 12
Time Spent: 27.516451429 seconds
New Tree:
Tree: ((((((21,24),(22,23)),((0,1),(20,25))),((((10,11),(12,13)),((14,15),(16,17))),((2,(5,(6,7))),((3,4),((19,18),(9,8)))))),((30,(((31,32),33),(34,35))),36)),((28,29),(26,27)));
Tree Score: 11803.512324928422
Score Improvement: 0.006360267410387754

Step Number: 13
Time Spent: 26.48605748 seconds
New Tree:
Tree: ((((((21,24),(22,23)),((0,1),(20,25))),((((10,11),(12,13)),((14,15),(16,17))),((2,(5,(6,7))),((19,18),((3,4),(9,8)))))),((30,(((31,32),33),(34,35))),36)),((28,29),(26,27)));
Tree Score: 11877.046100093532
Score Improvement: 0.006229821526073209

Step Number: 14
Time Spent: 19.485603373 seconds
New Tree:
Tree: ((((((21,24),(22,23)),((0,1),(20,25))),((((10,11),(12,13)),((14,15),(16,17))),((2,(5,(6,7))),((19,18),((3,4),(9,8)))))),((30,36),(((31,32),33),(34,35)))),((28,29),(26,27)));
Tree Score: 11931.565400114763
Score Improvement: 0.004590308024551737

Step Number: 15
Time Spent: 19.317725041 seconds
New Tree:
Tree: ((((((21,24),(22,23)),((0,1),(20,25))),((((10,11),(12,13)),((14,15),(16,17))),((2,(5,(6,7))),((19,18),((3,4),(9,8)))))),((34,35),(((31,32),33),(30,36)))),((28,29),(26,27)));
Tree Score: 12023.937525945264
Score Improvement: 0.007741827893732456

Step Number: 16
Time Spent: 19.323503848 seconds
New Tree:
Tree: ((((((21,24),(22,23)),((0,1),(20,25))),((((10,11),(12,13)),((14,15),(16,17))),(((6,7),(5,2)),((19,18),((3,4),(9,8)))))),((34,35),(((31,32),33),(30,36)))),((28,29),(26,27)));
Tree Score: 12070.277051243364
Score Improvement: 0.0038539392938550243

Step Number: 17
Time Spent: 19.380298989 seconds
New Tree:
Tree: ((((((21,24),(22,23)),((0,1),(20,25))),((((10,11),(12,13)),((14,15),(16,17))),(((3,4),(9,8)),((19,18),((6,7),(5,2)))))),((34,35),(((31,32),33),(30,36)))),((28,29),(26,27)));
Tree Score: 12072.162001358918
Score Improvement: 1.5616461060097286E-4

Step Number: 18
Time Spent: 19.379435892 seconds
New Tree:
Tree: ((((((21,24),(22,23)),((0,1),(20,25))),((((10,11),(12,13)),((14,15),(16,17))),(((3,4),(9,8)),((19,18),((6,7),(5,2)))))),((34,35),(((31,33),32),(30,36)))),((28,29),(26,27)));
Tree Score: 12072.266051492295
Score Improvement: 8.619014006505665E-6

Step Number: 19
Time Spent: 19.37548888 seconds
New Tree:
Tree: ((((((21,24),(22,23)),((0,1),(20,25))),((((10,11),(12,13)),((14,15),(16,17))),(((3,4),(9,8)),((19,18),((6,7),(5,2)))))),((34,35),(((31,33),32),(30,36)))),((28,29),(26,27)));
Tree Score: 12072.266051492295
Score Improvement: 0.0

TOTAL STEPS: 19
TOTAL TIME: 483.626010205 seconds
Final tree: Tree: ((((((21,24),(22,23)),((0,1),(20,25))),((((10,11),(12,13)),((14,15),(16,17))),(((3,4),(9,8)),((19,18),((6,7),(5,2)))))),((34,35),(((31,33),32),(30,36)))),((28,29),(26,27)));
Tree Score: 12072.266051492295
Total Score Improvement: 0.584092073803596

--------------ITERATION 8--------------
Input tree: (((((((0,1),(2,3)),4),5),((6,7),8)),(((9,10),11),((12,(13,14)),(15,(16,17))))),((((18,19),(20,21)),(((22,(23,24)),((25,26),27)),(28,29))),(((30,(31,(32,33))),(34,35)),36)));
Initial Score: 12103.234601358365

Step Number: 1
Time Spent: 18.920617769 seconds
New Tree:
Tree: ((((((6,7),8),5),(((0,1),(2,3)),4)),(((9,10),11),((12,(13,14)),(15,(16,17))))),((((18,19),(20,21)),(((22,(23,24)),((25,26),27)),(28,29))),(((30,(31,(32,33))),(34,35)),36)));
Tree Score: 12392.458201009262
Score Improvement: 0.023896388790021206

Step Number: 2
Time Spent: 18.781730973 seconds
New Tree:
Tree: (((((0,1),(2,3)),((((6,7),8),5),4)),(((9,10),11),((12,(13,14)),(15,(16,17))))),((((18,19),(20,21)),(((22,(23,24)),((25,26),27)),(28,29))),(((30,(31,(32,33))),(34,35)),36)));
Tree Score: 12731.747701274295
Score Improvement: 0.027378708466202495

Step Number: 3
Time Spent: 18.80816555 seconds
New Tree:
Tree: (((((0,1),(2,3)),((((6,7),8),5),4)),(((9,10),11),((12,(13,14)),(15,(16,17))))),((((18,19),(20,21)),(((30,(31,(32,33))),(34,35)),36)),(((22,(23,24)),((25,26),27)),(28,29))));
Tree Score: 12949.422427399884
Score Improvement: 0.017097002802199945

Step Number: 4
Time Spent: 18.812665075 seconds
New Tree:
Tree: (((((0,1),(2,3)),((((6,7),8),5),4)),(((9,10),11),((12,(13,14)),(15,(16,17))))),((((18,19),(20,21)),(((30,(31,(32,33))),(34,35)),36)),(((22,(23,24)),(28,29)),((25,26),27))));
Tree Score: 13192.063327110824
Score Improvement: 0.018737584712468003

Step Number: 5
Time Spent: 18.742558255 seconds
New Tree:
Tree: (((((0,1),(2,3)),((4,5),((6,7),8))),(((9,10),11),((12,(13,14)),(15,(16,17))))),((((18,19),(20,21)),(((30,(31,(32,33))),(34,35)),36)),(((22,(23,24)),(28,29)),((25,26),27))));
Tree Score: 13295.571652165134
Score Improvement: 0.007846257441896265

Step Number: 6
Time Spent: 18.555701671 seconds
New Tree:
Tree: (((((0,1),(2,3)),((4,5),((6,7),8))),(((9,10),11),((12,(13,14)),(15,(16,17))))),((((18,19),(20,21)),((36,(34,35)),(30,(31,(32,33))))),(((22,(23,24)),(28,29)),((25,26),27))));
Tree Score: 13377.195427630548
Score Improvement: 0.006139170063599542

Step Number: 7
Time Spent: 18.292839195 seconds
New Tree:
Tree: (((((0,1),(2,3)),((4,5),((6,7),8))),(((9,10),11),((12,(13,14)),(15,(16,17))))),((((18,19),(20,21)),((36,(34,35)),((32,33),(31,30)))),(((22,(23,24)),(28,29)),((25,26),27))));
Tree Score: 13456.08367760152
Score Improvement: 0.005897218919896252

Step Number: 8
Time Spent: 18.347628215 seconds
New Tree:
Tree: (((((0,1),(2,3)),((6,7),((4,5),8))),(((9,10),11),((12,(13,14)),(15,(16,17))))),((((18,19),(20,21)),((36,(34,35)),((32,33),(31,30)))),(((22,(23,24)),(28,29)),((25,26),27))));
Tree Score: 13508.84920290012
Score Improvement: 0.003921313701878315

Step Number: 9
Time Spent: 18.347850101 seconds
New Tree:
Tree: (((((0,1),(2,3)),((6,7),((8,5),4))),(((9,10),11),((12,(13,14)),(15,(16,17))))),((((18,19),(20,21)),((36,(34,35)),((32,33),(31,30)))),(((22,(23,24)),(28,29)),((25,26),27))));
Tree Score: 13532.52027795212
Score Improvement: 0.0017522643636378454

Step Number: 10
Time Spent: 18.354240787 seconds
New Tree:
Tree: (((((0,1),(2,3)),((6,7),((8,5),4))),(((9,10),11),((12,(13,14)),(15,(16,17))))),((((18,19),(20,21)),((34,(36,35)),((32,33),(31,30)))),(((22,(23,24)),(28,29)),((25,26),27))));
Tree Score: 13541.350727504396
Score Improvement: 6.52535475351268E-4

Step Number: 11
Time Spent: 18.353531061 seconds
New Tree:
Tree: (((((0,1),(2,3)),((6,7),((8,5),4))),(((9,10),11),((12,(13,14)),(15,(16,17))))),((((18,19),(20,21)),((34,(36,35)),((32,33),(31,30)))),((((28,29),(23,24)),22),((25,26),27))));
Tree Score: 13544.564252702796
Score Improvement: 2.37312012890456E-4

Step Number: 12
Time Spent: 18.459079259 seconds
New Tree:
Tree: (((((0,1),(2,3)),((6,7),((8,5),4))),(((9,10),11),((12,(13,14)),(15,(16,17))))),((((18,19),(20,21)),((34,(36,35)),((32,33),(31,30)))),((((25,26),27),22),((28,29),(23,24)))));
Tree Score: 13565.31162796919
Score Improvement: 0.0015317861010002431

Step Number: 13
Time Spent: 18.376710474 seconds
New Tree:
Tree: (((((0,1),(2,3)),((6,7),((8,5),4))),(((9,10),11),((12,(13,14)),(15,(16,17))))),((((18,19),(20,21)),((34,(36,35)),((32,33),(31,30)))),(((22,27),(25,26)),((28,29),(23,24)))));
Tree Score: 13619.127377646088
Score Improvement: 0.003967159115308538

Step Number: 14
Time Spent: 18.283419422 seconds
New Tree:
Tree: (((((0,1),(2,3)),((6,7),((8,5),4))),(((9,10),11),((12,(13,14)),(15,(16,17))))),((((18,19),(20,21)),((34,(36,35)),((32,33),(31,30)))),(((22,27),(25,26)),((28,29),(23,24)))));
Tree Score: 13619.127377646088
Score Improvement: 0.0

TOTAL STEPS: 14
TOTAL TIME: 259.436737807 seconds
Final tree: Tree: (((((0,1),(2,3)),((6,7),((8,5),4))),(((9,10),11),((12,(13,14)),(15,(16,17))))),((((18,19),(20,21)),((34,(36,35)),((32,33),(31,30)))),(((22,27),(25,26)),((28,29),(23,24)))));
Tree Score: 13619.127377646088
Total Score Improvement: 0.12524691342573768

--------------ITERATION 9--------------
Input tree: (((((((0,(1,2)),((((3,4),(5,6)),7),8)),(9,(10,11))),(12,13)),(14,15)),(((16,17),((18,19),20)),((((21,22),23),((24,((25,26),(27,28))),((29,(30,31)),32))),(33,34)))),(35,36));
Initial Score: 7990.553576050048

Step Number: 1
Time Spent: 20.624311235 seconds
New Tree:
Tree: (((((((0,(1,2)),((((3,4),(5,6)),7),8)),(9,(10,11))),(12,13)),(((16,17),((18,19),20)),((((21,22),23),((24,((25,26),(27,28))),((29,(30,31)),32))),(33,34)))),(14,15)),(35,36));
Tree Score: 8892.441978723962
Score Improvement: 0.11286932677319483

Step Number: 2
Time Spent: 21.125025675 seconds
New Tree:
Tree: (((((((0,(1,2)),((((3,4),(5,6)),7),8)),(9,(10,11))),(((16,17),((18,19),20)),((((21,22),23),((24,((25,26),(27,28))),((29,(30,31)),32))),(33,34)))),(12,13)),(14,15)),(35,36));
Tree Score: 10239.992230835956
Score Improvement: 0.15153882986654743

Step Number: 3
Time Spent: 21.664338671 seconds
New Tree:
Tree: (((((((0,(1,2)),((((3,4),(5,6)),7),8)),(((16,17),((18,19),20)),((((21,22),23),((24,((25,26),(27,28))),((29,(30,31)),32))),(33,34)))),(9,(10,11))),(12,13)),(14,15)),(35,36));
Tree Score: 11112.578130075406
Score Improvement: 0.08521353137474152

Step Number: 4
Time Spent: 22.163260636 seconds
New Tree:
Tree: (((((((0,(1,2)),((((3,4),(5,6)),7),8)),((((21,22),23),((24,((25,26),(27,28))),((29,(30,31)),32))),(((16,17),((18,19),20)),(33,34)))),(9,(10,11))),(12,13)),(14,15)),(35,36));
Tree Score: 11823.908353762581
Score Improvement: 0.06401126861479689

Step Number: 5
Time Spent: 22.124968895 seconds
New Tree:
Tree: (((((((0,(1,2)),((((3,4),(5,6)),7),8)),((((21,22),23),(((16,17),((18,19),20)),(33,34))),((24,((25,26),(27,28))),((29,(30,31)),32)))),(9,(10,11))),(12,13)),(14,15)),(35,36));
Tree Score: 13889.43247724717
Score Improvement: 0.1746904713471753

Step Number: 6
Time Spent: 22.027597575 seconds
New Tree:
Tree: (((((((0,(1,2)),((((3,4),(5,6)),7),8)),((((16,17),((18,19),20)),(((21,22),23),(33,34))),((24,((25,26),(27,28))),((29,(30,31)),32)))),(9,(10,11))),(12,13)),(14,15)),(35,36));
Tree Score: 14237.659102298949
Score Improvement: 0.025071335752718582

Step Number: 7
Time Spent: 22.017033591 seconds
New Tree:
Tree: (((((((0,(1,2)),((((3,4),(5,6)),7),8)),((((16,17),((18,19),20)),(((21,22),23),(33,34))),((24,((29,(30,31)),32)),((25,26),(27,28))))),(9,(10,11))),(12,13)),(14,15)),(35,36));
Tree Score: 14435.086527917232
Score Improvement: 0.013866565016042998

Step Number: 8
Time Spent: 22.018702518 seconds
New Tree:
Tree: (((((((0,(1,2)),((8,7),((3,4),(5,6)))),((((16,17),((18,19),20)),(((21,22),23),(33,34))),((24,((29,(30,31)),32)),((25,26),(27,28))))),(9,(10,11))),(12,13)),(14,15)),(35,36));
Tree Score: 14630.212777725352
Score Improvement: 0.013517497760110242

Step Number: 9
Time Spent: 21.756114518 seconds
New Tree:
Tree: (((((((0,(1,2)),((8,7),((3,4),(5,6)))),((((18,19),((16,17),20)),(((21,22),23),(33,34))),((24,((29,(30,31)),32)),((25,26),(27,28))))),(9,(10,11))),(12,13)),(14,15)),(35,36));
Tree Score: 14720.198452371595
Score Improvement: 0.006150674362251696

Step Number: 10
Time Spent: 21.769894412 seconds
New Tree:
Tree: (((((((0,(1,2)),((8,7),((3,4),(5,6)))),((((18,19),((16,17),20)),(((21,22),23),(33,34))),(((29,(30,31)),(24,32)),((25,26),(27,28))))),(9,(10,11))),(12,13)),(14,15)),(35,36));
Tree Score: 14784.687202465211
Score Improvement: 0.0043809701548709334

Step Number: 11
Time Spent: 24.185175574 seconds
New Tree:
Tree: ((((((((3,4),(5,6)),((8,7),(0,(1,2)))),((((18,19),((16,17),20)),(((21,22),23),(33,34))),(((29,(30,31)),(24,32)),((25,26),(27,28))))),(9,(10,11))),(12,13)),(14,15)),(35,36));
Tree Score: 14848.268326834266
Score Improvement: 0.004300471393027028

Step Number: 12
Time Spent: 21.63362862 seconds
New Tree:
Tree: ((((((((3,4),(5,6)),((8,7),(0,(1,2)))),((((18,19),((16,17),20)),(((21,22),23),(33,34))),(((29,(30,31)),(24,32)),((25,26),(27,28))))),(9,(10,11))),(14,15)),(12,13)),(35,36));
Tree Score: 14891.533426694936
Score Improvement: 0.0029138145208811306

Step Number: 13
Time Spent: 21.691763318 seconds
New Tree:
Tree: ((((((((3,4),(5,6)),((8,7),(0,(1,2)))),((((18,19),((20,17),16)),(((21,22),23),(33,34))),(((29,(30,31)),(24,32)),((25,26),(27,28))))),(9,(10,11))),(14,15)),(12,13)),(35,36));
Tree Score: 14919.486276677602
Score Improvement: 0.0018770968161383461

Step Number: 14
Time Spent: 30.70311567 seconds
New Tree:
Tree: ((((((((3,4),(5,6)),((1,2),(0,(8,7)))),((((18,19),((20,17),16)),(((21,22),23),(33,34))),(((29,(30,31)),(24,32)),((25,26),(27,28))))),(9,(10,11))),(14,15)),(12,13)),(35,36));
Tree Score: 14940.041477191055
Score Improvement: 0.0013777418425984234

Step Number: 15
Time Spent: 26.542490424 seconds
New Tree:
Tree: ((((((((3,4),(5,6)),((1,2),(7,(8,0)))),((((18,19),((20,17),16)),(((21,22),23),(33,34))),(((29,(30,31)),(24,32)),((25,26),(27,28))))),(9,(10,11))),(14,15)),(12,13)),(35,36));
Tree Score: 14961.44055223258
Score Improvement: 0.0014323303636201157

Step Number: 16
Time Spent: 31.684176041 seconds
New Tree:
Tree: ((((((((3,4),(5,6)),((1,2),(7,(8,0)))),((((18,19),((20,17),16)),(((21,22),23),(33,34))),(((29,(24,32)),(30,31)),((25,26),(27,28))))),(9,(10,11))),(14,15)),(12,13)),(35,36));
Tree Score: 14970.39035234207
Score Improvement: 5.981910684500491E-4

Step Number: 17
Time Spent: 31.393493964 seconds
New Tree:
Tree: ((((((((3,4),(5,6)),((1,2),(7,(8,0)))),((((18,19),((20,17),16)),(((33,34),23),(21,22))),(((29,(24,32)),(30,31)),((25,26),(27,28))))),(9,(10,11))),(14,15)),(12,13)),(35,36));
Tree Score: 14976.468777649538
Score Improvement: 4.0602984721216373E-4

Step Number: 18
Time Spent: 31.393977824 seconds
New Tree:
Tree: ((((((((3,4),(5,6)),((1,2),(7,(8,0)))),((((18,19),((20,17),16)),(((33,23),34),(21,22))),(((29,(24,32)),(30,31)),((25,26),(27,28))))),(9,(10,11))),(14,15)),(12,13)),(35,36));
Tree Score: 14989.863677415848
Score Improvement: 8.943964004586302E-4

Step Number: 19
Time Spent: 31.37874558 seconds
New Tree:
Tree: ((((((((3,4),(5,6)),((1,2),(7,(8,0)))),((((18,19),((20,17),16)),(((33,23),34),(21,22))),(((32,(24,29)),(30,31)),((25,26),(27,28))))),(9,(10,11))),(14,15)),(12,13)),(35,36));
Tree Score: 14993.94187729232
Score Improvement: 2.720638402213815E-4

Step Number: 20
Time Spent: 31.378355936 seconds
New Tree:
Tree: ((((((((3,4),(5,6)),((1,2),(7,(8,0)))),((((18,19),((20,17),16)),(((33,23),34),(21,22))),(((32,(24,29)),(30,31)),((25,26),(27,28))))),(11,(10,9))),(14,15)),(12,13)),(35,36));
Tree Score: 14994.033452512547
Score Improvement: 6.107481340000831E-6

Step Number: 21
Time Spent: 31.383156266 seconds
New Tree:
Tree: ((((((((3,4),(5,6)),((1,2),(7,(8,0)))),((((18,19),((20,17),16)),(((33,23),34),(21,22))),(((32,(24,29)),(30,31)),((25,26),(27,28))))),(11,(10,9))),(14,15)),(12,13)),(35,36));
Tree Score: 14994.033452512547
Score Improvement: 0.0

TOTAL STEPS: 21
TOTAL TIME: 530.659326943 seconds
Final tree: Tree: ((((((((3,4),(5,6)),((1,2),(7,(8,0)))),((((18,19),((20,17),16)),(((33,23),34),(21,22))),(((32,(24,29)),(30,31)),((25,26),(27,28))))),(11,(10,9))),(14,15)),(12,13)),(35,36));
Tree Score: 14994.033452512547
Total Score Improvement: 0.8764699228666599

--------------ITERATION 10--------------
Input tree: ((((((((0,1),2),((3,4),5)),6),(7,((8,9),(10,(11,12))))),13),((14,(15,16)),((17,18),19))),((20,21),(22,(((23,24),(25,((26,27),28))),((29,((30,31),32)),(33,((34,35),36)))))));
Initial Score: 6165.371926759144

Step Number: 1
Time Spent: 27.529786017 seconds
New Tree:
Tree: (((((14,(15,16)),((17,18),19)),13),(((((0,1),2),((3,4),5)),6),(7,((8,9),(10,(11,12)))))),((20,21),(22,(((23,24),(25,((26,27),28))),((29,((30,31),32)),(33,((34,35),36)))))));
Tree Score: 8052.963426505339
Score Improvement: 0.3061601996067116

Step Number: 2
Time Spent: 26.682458293 seconds
New Tree:
Tree: (((((14,(15,16)),((17,18),19)),13),(((((0,1),2),((3,4),5)),6),(7,((8,9),(10,(11,12)))))),((((23,24),(25,((26,27),28))),((29,((30,31),32)),(33,((34,35),36)))),(22,(20,21))));
Tree Score: 9225.889552300454
Score Improvement: 0.14565149047300685

Step Number: 3
Time Spent: 19.867563118 seconds
New Tree:
Tree: (((((14,(15,16)),((17,18),19)),13),(22,(20,21))),((((23,24),(25,((26,27),28))),((29,((30,31),32)),(33,((34,35),36)))),(((((0,1),2),((3,4),5)),6),(7,((8,9),(10,(11,12)))))));
Tree Score: 11076.932549286292
Score Improvement: 0.20063572043568256

Step Number: 4
Time Spent: 18.623568961 seconds
New Tree:
Tree: (((((14,(15,16)),((17,18),19)),13),(22,(20,21))),((((23,24),(25,((26,27),28))),((29,((30,31),32)),(33,((34,35),36)))),(((((0,1),2),6),((3,4),5)),(7,((8,9),(10,(11,12)))))));
Tree Score: 11672.719298516058
Score Improvement: 0.053786257754919076

Step Number: 5
Time Spent: 18.544572812 seconds
New Tree:
Tree: (((((14,(15,16)),((17,18),19)),13),(22,(20,21))),((((23,24),(25,((26,27),28))),((29,((30,31),32)),(33,((34,35),36)))),(((((0,1),2),6),((3,4),5)),((10,(11,12)),((8,9),7)))));
Tree Score: 12127.535923973315
Score Improvement: 0.03896406773998895

Step Number: 6
Time Spent: 18.65622919 seconds
New Tree:
Tree: (((((14,(15,16)),((17,18),19)),13),(22,(20,21))),(((((26,27),28),(25,(23,24))),((29,((30,31),32)),(33,((34,35),36)))),(((((0,1),2),6),((3,4),5)),((10,(11,12)),((8,9),7)))));
Tree Score: 12329.962174807333
Score Improvement: 0.016691457531275544

Step Number: 7
Time Spent: 18.677528058 seconds
New Tree:
Tree: ((((22,(20,21)),13),((14,(15,16)),((17,18),19))),(((((26,27),28),(25,(23,24))),((29,((30,31),32)),(33,((34,35),36)))),(((((0,1),2),6),((3,4),5)),((10,(11,12)),((8,9),7)))));
Tree Score: 12500.440974899782
Score Improvement: 0.01382638467786812

Step Number: 8
Time Spent: 18.464063482 seconds
New Tree:
Tree: ((((22,13),(20,21)),((14,(15,16)),((17,18),19))),(((((26,27),28),(25,(23,24))),((29,((30,31),32)),(33,((34,35),36)))),(((((0,1),2),6),((3,4),5)),((10,(11,12)),((8,9),7)))));
Tree Score: 12627.285650334943
Score Improvement: 0.010147216061406006

Step Number: 9
Time Spent: 18.425037849 seconds
New Tree:
Tree: ((((22,13),(20,21)),((14,(15,16)),((17,18),19))),(((((26,27),28),(25,(23,24))),((29,((30,31),32)),((34,35),(33,36)))),(((((0,1),2),6),((3,4),5)),((10,(11,12)),((8,9),7)))));
Tree Score: 12753.217449963715
Score Improvement: 0.009972990483939181

Step Number: 10
Time Spent: 18.436247795 seconds
New Tree:
Tree: ((((22,13),(20,21)),((14,(15,16)),((17,18),19))),(((((26,27),28),(25,(23,24))),((29,((30,31),32)),((34,35),(33,36)))),((((6,2),(0,1)),((3,4),5)),((10,(11,12)),((8,9),7)))));
Tree Score: 12848.60744997572
Score Improvement: 0.007479681138211625

Step Number: 11
Time Spent: 18.374681236 seconds
New Tree:
Tree: ((((22,13),(20,21)),((14,(15,16)),((17,18),19))),(((((26,27),28),(25,(23,24))),(((30,31),(29,32)),((34,35),(33,36)))),((((6,2),(0,1)),((3,4),5)),((10,(11,12)),((8,9),7)))));
Tree Score: 12901.169475267565
Score Improvement: 0.004090873310316878

Step Number: 12
Time Spent: 18.372559737 seconds
New Tree:
Tree: ((((22,13),(20,21)),(19,((17,18),(14,(15,16))))),(((((26,27),28),(25,(23,24))),(((30,31),(29,32)),((34,35),(33,36)))),((((6,2),(0,1)),((3,4),5)),((10,(11,12)),((8,9),7)))));
Tree Score: 12920.253026053582
Score Improvement: 0.0014792109213510596

Step Number: 13
Time Spent: 18.289714915 seconds
New Tree:
Tree: ((((22,13),(20,21)),(19,((17,18),(16,(15,14))))),(((((26,27),28),(25,(23,24))),(((30,31),(29,32)),((34,35),(33,36)))),((((6,2),(0,1)),((3,4),5)),((10,(11,12)),((8,9),7)))));
Tree Score: 12937.47395102707
Score Improvement: 0.001332862826971093

Step Number: 14
Time Spent: 18.290433302 seconds
New Tree:
Tree: ((((22,13),(20,21)),(19,((17,18),(16,(15,14))))),(((((26,28),27),(25,(23,24))),(((30,31),(29,32)),((34,35),(33,36)))),((((6,2),(0,1)),((3,4),5)),((10,(11,12)),((8,9),7)))));
Tree Score: 12942.730651092057
Score Improvement: 4.063157989639965E-4

Step Number: 15
Time Spent: 18.289870591 seconds
New Tree:
Tree: ((((22,13),(20,21)),(19,((17,18),(16,(15,14))))),(((((26,28),27),(25,(23,24))),(((30,31),(29,32)),((34,35),(33,36)))),((((6,2),(0,1)),((3,4),5)),((10,(11,12)),((7,9),8)))));
Tree Score: 12943.092475757276
Score Improvement: 2.795582130010743E-5

Step Number: 16
Time Spent: 18.290563346 seconds
New Tree:
Tree: ((((22,13),(20,21)),(19,((17,18),(16,(15,14))))),(((((26,28),27),(24,(23,25))),(((30,31),(29,32)),((34,35),(33,36)))),((((6,2),(0,1)),((3,4),5)),((10,(11,12)),((7,9),8)))));
Tree Score: 12943.251225776312
Score Improvement: 1.2265230997510201E-5

Step Number: 17
Time Spent: 18.291852407 seconds
New Tree:
Tree: ((((22,13),(20,21)),(19,((17,18),(16,(15,14))))),(((((26,28),27),(24,(23,25))),(((30,31),(29,32)),((34,35),(33,36)))),((((6,2),(0,1)),((3,4),5)),((12,(11,10)),((7,9),8)))));
Tree Score: 12943.260425753233
Score Improvement: 7.107933517325193E-7

Step Number: 18
Time Spent: 18.312063916 seconds
New Tree:
Tree: ((((22,13),(20,21)),(19,((17,18),(16,(15,14))))),(((((26,28),27),(24,(23,25))),(((30,31),(29,32)),((34,35),(33,36)))),((((6,2),(0,1)),((3,4),5)),((12,(11,10)),((7,9),8)))));
Tree Score: 12943.260425753233
Score Improvement: 0.0

TOTAL STEPS: 18
TOTAL TIME: 350.418795025 seconds
Final tree: Tree: ((((22,13),(20,21)),(19,((17,18),(16,(15,14))))),(((((26,28),27),(24,(23,25))),(((30,31),(29,32)),((34,35),(33,36)))),((((6,2),(0,1)),((3,4),5)),((12,(11,10)),((7,9),8)))));
Tree Score: 12943.260425753233
Total Score Improvement: 1.099347870576385

===========================================================
RESULTS FROM 10 ITERATION(S):
AVERAGE TIME PER RUN: 468.887321402 seconds
AVERAGE IMPROVEMENT: 0.585082394983342
BEST Tree: ((((((((3,4),(5,6)),((1,2),(7,(8,0)))),((((18,19),((20,17),16)),(((33,23),34),(21,22))),(((32,(24,29)),(30,31)),((25,26),(27,28))))),(11,(10,9))),(14,15)),(12,13)),(35,36));
Tree Score: 14994.033452512547
BEST'S IMPROVEMENT :0.8764699228666599
