--------------ITERATION 1--------------
Input tree: ((0,((1,2),((((3,4),5),6),(7,(8,9))))),((((10,(11,12)),(13,(14,(15,16)))),(17,18)),((((19,(20,(21,(22,23)))),((24,25),((26,(27,28)),29))),(30,(31,32))),((33,34),(35,36)))));
Initial Score: 9162.879979068086

Step Number: 1
Time Spent: 50.966009646 seconds
New Tree:
Tree: ((0,((1,2),((((3,4),5),6),(7,(8,9))))),((((10,(11,12)),(13,(14,(15,16)))),(17,18)),((((33,34),(35,36)),(30,(31,32))),((19,(20,(21,(22,23)))),((24,25),((26,(27,28)),29))))));
Tree Score: 10644.747928686607
Score Improvement: 0.1617251293265587

Step Number: 2
Time Spent: 50.653465362 seconds
New Tree:
Tree: ((((((3,4),5),6),(7,(8,9))),((1,2),0)),((((10,(11,12)),(13,(14,(15,16)))),(17,18)),((((33,34),(35,36)),(30,(31,32))),((19,(20,(21,(22,23)))),((24,25),((26,(27,28)),29))))));
Tree Score: 11440.53602863865
Score Improvement: 0.07475875476651428

Step Number: 3
Time Spent: 51.116359421 seconds
New Tree:
Tree: ((((((3,4),5),6),(7,(8,9))),((1,2),0)),((((10,(11,12)),(17,18)),(13,(14,(15,16)))),((((33,34),(35,36)),(30,(31,32))),((19,(20,(21,(22,23)))),((24,25),((26,(27,28)),29))))));
Tree Score: 12184.421252823558
Score Improvement: 0.0650218855412692

Step Number: 4
Time Spent: 51.072389723 seconds
New Tree:
Tree: ((((((3,4),5),6),(7,(8,9))),((1,2),0)),((((10,(11,12)),(17,18)),(13,(14,(15,16)))),((((33,34),(35,36)),(30,(31,32))),(((21,(22,23)),(20,19)),((24,25),((26,(27,28)),29))))));
Tree Score: 12501.690952994984
Score Improvement: 0.02603896349183632

Step Number: 5
Time Spent: 51.207727395 seconds
New Tree:
Tree: ((((((3,4),5),6),(7,(8,9))),((1,2),0)),((((10,(11,12)),(17,18)),((15,16),(14,13))),((((33,34),(35,36)),(30,(31,32))),(((21,(22,23)),(20,19)),((24,25),((26,(27,28)),29))))));
Tree Score: 12636.035102301401
Score Improvement: 0.010746078255456482

Step Number: 6
Time Spent: 51.223132845 seconds
New Tree:
Tree: (((((6,5),(3,4)),(7,(8,9))),((1,2),0)),((((10,(11,12)),(17,18)),((15,16),(14,13))),((((33,34),(35,36)),(30,(31,32))),(((21,(22,23)),(20,19)),((24,25),((26,(27,28)),29))))));
Tree Score: 12763.452377141111
Score Improvement: 0.010083643627778693

Step Number: 7
Time Spent: 51.0609456 seconds
New Tree:
Tree: (((((6,5),(3,4)),(7,(8,9))),((1,2),0)),((((10,(11,12)),(17,18)),((15,16),(14,13))),((((33,34),(35,36)),(30,(31,32))),(((21,(22,23)),(20,19)),((26,(27,28)),((24,25),29))))));
Tree Score: 12850.913951412433
Score Improvement: 0.006852501320721238

Step Number: 8
Time Spent: 51.040780397 seconds
New Tree:
Tree: (((((6,5),(3,4)),(7,(8,9))),((1,2),0)),((((10,(11,12)),(17,18)),((15,16),(14,13))),(((26,(27,28)),((24,25),29)),(((21,(22,23)),(20,19)),(((33,34),(35,36)),(30,(31,32)))))));
Tree Score: 12953.395175885307
Score Improvement: 0.007974625373754929

Step Number: 9
Time Spent: 51.020151866 seconds
New Tree:
Tree: (((((1,2),0),(7,(8,9))),((6,5),(3,4))),((((10,(11,12)),(17,18)),((15,16),(14,13))),(((26,(27,28)),((24,25),29)),(((21,(22,23)),(20,19)),(((33,34),(35,36)),(30,(31,32)))))));
Tree Score: 13031.004400864142
Score Improvement: 0.005991419540980036

Step Number: 10
Time Spent: 49.395928142 seconds
New Tree:
Tree: (((((1,2),0),(7,(8,9))),((6,5),(3,4))),((((10,(11,12)),(17,18)),((15,16),(14,13))),(((26,(27,28)),((29,25),24)),(((21,(22,23)),(20,19)),(((33,34),(35,36)),(30,(31,32)))))));
Tree Score: 13066.917051345008
Score Improvement: 0.0027559387884548148

Step Number: 11
Time Spent: 40.292059627 seconds
New Tree:
Tree: (((((1,2),0),(9,(8,7))),((6,5),(3,4))),((((10,(11,12)),(17,18)),((15,16),(14,13))),(((26,(27,28)),((29,25),24)),(((21,(22,23)),(20,19)),(((33,34),(35,36)),(30,(31,32)))))));
Tree Score: 13076.29160094996
Score Improvement: 7.17426273398436E-4

Step Number: 12
Time Spent: 40.093573004 seconds
New Tree:
Tree: (((((1,2),0),(9,(8,7))),((6,5),(3,4))),((((10,(11,12)),(17,18)),((15,16),(14,13))),(((26,(27,28)),((29,25),24)),(((22,(21,23)),(20,19)),(((33,34),(35,36)),(30,(31,32)))))));
Tree Score: 13084.209501095014
Score Improvement: 6.055157216346974E-4

Step Number: 13
Time Spent: 39.775705766 seconds
New Tree:
Tree: (((((1,2),0),(9,(8,7))),((6,5),(3,4))),((((11,(10,12)),(17,18)),((15,16),(14,13))),(((26,(27,28)),((29,25),24)),(((22,(21,23)),(20,19)),(((33,34),(35,36)),(30,(31,32)))))));
Tree Score: 13088.170325897532
Score Improvement: 3.0271792898051153E-4

Step Number: 14
Time Spent: 39.802690762 seconds
New Tree:
Tree: (((((1,2),0),(9,(8,7))),((6,5),(3,4))),((((11,(10,12)),(17,18)),((15,16),(14,13))),(((26,(27,28)),((29,25),24)),(((22,(21,23)),(20,19)),(((33,34),(35,36)),(30,(31,32)))))));
Tree Score: 13088.170325897532
Score Improvement: 0.0

TOTAL STEPS: 14
TOTAL TIME: 668.720919556 seconds
Final tree: Tree: (((((1,2),0),(9,(8,7))),((6,5),(3,4))),((((11,(10,12)),(17,18)),((15,16),(14,13))),(((26,(27,28)),((29,25),24)),(((22,(21,23)),(20,19)),(((33,34),(35,36)),(30,(31,32)))))));
Tree Score: 13088.170325897532
Total Score Improvement: 0.4283904575631765

--------------ITERATION 2--------------
Input tree: (((0,(1,2)),3),((((((4,((5,6),7)),8),9),10),((11,12),(((13,14),(((15,(16,((17,18),19))),(20,21)),((((22,23),24),25),((26,27),28)))),(29,30)))),((((31,32),(33,34)),35),36)));
Initial Score: 8373.485051327474

Step Number: 1
Time Spent: 41.231532586 seconds
New Tree:
Tree: (((0,(1,2)),3),(((((13,14),(((15,(16,((17,18),19))),(20,21)),((((22,23),24),25),((26,27),28)))),(29,30)),((11,12),((((4,((5,6),7)),8),9),10))),((((31,32),(33,34)),35),36)));
Tree Score: 9772.278152060551
Score Improvement: 0.1670502893548873

Step Number: 2
Time Spent: 41.506720374 seconds
New Tree:
Tree: (((0,(1,2)),3),(((((13,14),(29,30)),(((15,(16,((17,18),19))),(20,21)),((((22,23),24),25),((26,27),28)))),((11,12),((((4,((5,6),7)),8),9),10))),((((31,32),(33,34)),35),36)));
Tree Score: 10367.609652696616
Score Improvement: 0.060920441617857035

Step Number: 3
Time Spent: 41.017142404 seconds
New Tree:
Tree: (((0,(1,2)),3),(((((15,(16,((17,18),19))),(20,21)),(((13,14),(29,30)),((((22,23),24),25),((26,27),28)))),((11,12),((((4,((5,6),7)),8),9),10))),((((31,32),(33,34)),35),36)));
Tree Score: 11258.969000764177
Score Improvement: 0.08597539625112316

Step Number: 4
Time Spent: 40.989507885 seconds
New Tree:
Tree: (((0,(1,2)),3),(((((15,(16,((17,18),19))),(20,21)),(((13,14),(29,30)),((((22,23),24),25),((26,27),28)))),((((4,((5,6),7)),8),9),((11,12),10))),((((31,32),(33,34)),35),36)));
Tree Score: 11707.012100397362
Score Improvement: 0.03979432749151135

Step Number: 5
Time Spent: 40.977369889 seconds
New Tree:
Tree: (((0,(1,2)),3),(((((15,(16,((17,18),19))),(20,21)),(((13,14),(29,30)),((((22,23),24),25),((26,27),28)))),((((4,((5,6),7)),8),9),((11,12),10))),((36,35),((31,32),(33,34)))));
Tree Score: 11901.09660076884
Score Improvement: 0.016578482938861105

Step Number: 6
Time Spent: 40.729299865 seconds
New Tree:
Tree: (((0,(1,2)),3),(((((15,(16,((17,18),19))),(20,21)),(((13,14),(29,30)),((((22,23),24),25),((26,27),28)))),((((11,12),10),9),((4,((5,6),7)),8))),((36,35),((31,32),(33,34)))));
Tree Score: 12081.962426641883
Score Improvement: 0.015197408435568827

Step Number: 7
Time Spent: 40.537623745 seconds
New Tree:
Tree: (((0,3),(1,2)),(((((15,(16,((17,18),19))),(20,21)),(((13,14),(29,30)),((((22,23),24),25),((26,27),28)))),((((11,12),10),9),((4,((5,6),7)),8))),((36,35),((31,32),(33,34)))));
Tree Score: 12214.770175893718
Score Improvement: 0.010992233261624795

Step Number: 8
Time Spent: 40.590731825 seconds
New Tree:
Tree: (((0,3),(1,2)),(((((15,(20,21)),(16,((17,18),19))),(((13,14),(29,30)),((((22,23),24),25),((26,27),28)))),((((11,12),10),9),((4,((5,6),7)),8))),((36,35),((31,32),(33,34)))));
Tree Score: 12318.448625910347
Score Improvement: 0.008487957491107201

Step Number: 9
Time Spent: 40.515550966 seconds
New Tree:
Tree: (((0,3),(1,2)),(((((15,(20,21)),((17,18),(16,19))),(((13,14),(29,30)),((((22,23),24),25),((26,27),28)))),((((11,12),10),9),((4,((5,6),7)),8))),((36,35),((31,32),(33,34)))));
Tree Score: 12451.156051262278
Score Improvement: 0.010773063182063058

Step Number: 10
Time Spent: 40.556493603 seconds
New Tree:
Tree: (((0,3),(1,2)),(((((15,(20,21)),((17,18),(16,19))),((((22,23),24),25),(((13,14),(29,30)),((26,27),28)))),((((11,12),10),9),((4,((5,6),7)),8))),((36,35),((31,32),(33,34)))));
Tree Score: 12550.602199733836
Score Improvement: 0.007986900819661358

Step Number: 11
Time Spent: 40.811946478 seconds
New Tree:
Tree: (((0,3),(1,2)),((((((13,14),(29,30)),((26,27),28)),((((22,23),24),25),((15,(20,21)),((17,18),(16,19))))),((((11,12),10),9),((4,((5,6),7)),8))),((36,35),((31,32),(33,34)))));
Tree Score: 12636.958950406011
Score Improvement: 0.006880685826693433

Step Number: 12
Time Spent: 40.801915873 seconds
New Tree:
Tree: (((0,3),(1,2)),((((((13,14),(29,30)),((26,27),28)),((((22,23),24),25),((15,(20,21)),((17,18),(16,19))))),(((9,10),(11,12)),((4,((5,6),7)),8))),((36,35),((31,32),(33,34)))));
Tree Score: 12719.70217490017
Score Improvement: 0.006547716489298194

Step Number: 13
Time Spent: 40.702585156 seconds
New Tree:
Tree: (((0,3),(1,2)),((((((13,14),(29,30)),((26,27),28)),((((22,23),24),25),((15,(20,21)),((17,18),(16,19))))),(((9,10),(11,12)),((4,8),((5,6),7)))),((36,35),((31,32),(33,34)))));
Tree Score: 12802.030699849854
Score Improvement: 0.006472519860735604

Step Number: 14
Time Spent: 40.440016919 seconds
New Tree:
Tree: (((0,3),(1,2)),((((((13,14),(29,30)),((26,27),28)),((((22,23),24),25),((15,(20,21)),((17,18),(16,19))))),(((9,10),(11,12)),((4,8),((5,6),7)))),((33,34),((31,32),(36,35)))));
Tree Score: 12857.989499664078
Score Improvement: 0.004371087769292625

Step Number: 15
Time Spent: 40.445065187 seconds
New Tree:
Tree: (((0,3),(1,2)),((((((13,14),(29,30)),((26,27),28)),((((22,24),23),25),((15,(20,21)),((17,18),(16,19))))),(((9,10),(11,12)),((4,8),((5,6),7)))),((33,34),((31,32),(36,35)))));
Tree Score: 12862.86612456772
Score Improvement: 3.792680732683795E-4

Step Number: 16
Time Spent: 40.557974797 seconds
New Tree:
Tree: (((0,3),(1,2)),((((((13,14),(29,30)),((26,27),28)),(((25,23),(22,24)),((15,(20,21)),((17,18),(16,19))))),(((9,10),(11,12)),((4,8),((5,6),7)))),((33,34),((31,32),(36,35)))));
Tree Score: 12910.48607463404
Score Improvement: 0.003702125918528143

Step Number: 17
Time Spent: 28.424343138 seconds
New Tree:
Tree: (((0,3),(1,2)),((((((13,14),(29,30)),((26,27),28)),(((25,23),(22,24)),((21,(20,15)),((17,18),(16,19))))),(((9,10),(11,12)),((4,8),((5,6),7)))),((33,34),((31,32),(36,35)))));
Tree Score: 12914.230799470615
Score Improvement: 2.9005297050233025E-4

Step Number: 18
Time Spent: 20.393622332 seconds
New Tree:
Tree: (((0,3),(1,2)),((((((13,14),(29,30)),((26,27),28)),(((25,23),(22,24)),((21,(20,15)),((17,18),(16,19))))),(((9,10),(11,12)),((4,8),((5,7),6)))),((33,34),((31,32),(36,35)))));
Tree Score: 12916.96462442702
Score Improvement: 2.116908857257016E-4

Step Number: 19
Time Spent: 20.396943913 seconds
New Tree:
Tree: (((0,3),(1,2)),((((((13,14),(29,30)),((26,27),28)),(((25,23),(22,24)),((21,(20,15)),((17,18),(16,19))))),(((9,10),(11,12)),((4,8),((5,7),6)))),((33,34),((31,32),(36,35)))));
Tree Score: 12916.96462442702
Score Improvement: 0.0

TOTAL STEPS: 19
TOTAL TIME: 721.626386935 seconds
Final tree: Tree: (((0,3),(1,2)),((((((13,14),(29,30)),((26,27),28)),(((25,23),(22,24)),((21,(20,15)),((17,18),(16,19))))),(((9,10),(11,12)),((4,8),((5,7),6)))),((33,34),((31,32),(36,35)))));
Tree Score: 12916.96462442702
Total Score Improvement: 0.5426031748130076

--------------ITERATION 3--------------
Input tree: (((0,1),(((((2,3),(4,(5,6))),((7,(8,9)),((10,11),(12,13)))),(14,((15,16),((17,18),19)))),(20,(21,22)))),((((23,(24,25)),(26,((27,28),(29,(30,31))))),(32,33)),((34,35),36)));
Initial Score: 9377.579526031275

Step Number: 1
Time Spent: 20.791248804 seconds
New Tree:
Tree: (((0,1),(((20,(21,22)),(14,((15,16),((17,18),19)))),(((2,3),(4,(5,6))),((7,(8,9)),((10,11),(12,13)))))),((((23,(24,25)),(26,((27,28),(29,(30,31))))),(32,33)),((34,35),36)));
Tree Score: 10354.879248633666
Score Improvement: 0.10421662859691017

Step Number: 2
Time Spent: 20.094272812 seconds
New Tree:
Tree: (((0,1),((34,35),36)),((((23,(24,25)),(26,((27,28),(29,(30,31))))),(32,33)),(((20,(21,22)),(14,((15,16),((17,18),19)))),(((2,3),(4,(5,6))),((7,(8,9)),((10,11),(12,13)))))));
Tree Score: 11513.048498874216
Score Improvement: 0.11184768285862634

Step Number: 3
Time Spent: 19.875648573 seconds
New Tree:
Tree: (((0,1),((34,35),36)),((((23,(24,25)),(32,33)),(26,((27,28),(29,(30,31))))),(((20,(21,22)),(14,((15,16),((17,18),19)))),(((2,3),(4,(5,6))),((7,(8,9)),((10,11),(12,13)))))));
Tree Score: 12340.003298887668
Score Improvement: 0.07182761369365509

Step Number: 4
Time Spent: 19.717532447 seconds
New Tree:
Tree: (((0,1),((34,35),36)),((((2,3),(4,(5,6))),((7,(8,9)),((10,11),(12,13)))),(((20,(21,22)),(14,((15,16),((17,18),19)))),(((23,(24,25)),(32,33)),(26,((27,28),(29,(30,31))))))));
Tree Score: 12896.174599722615
Score Improvement: 0.04507059579838857

Step Number: 5
Time Spent: 19.698252341 seconds
New Tree:
Tree: (((0,1),((34,35),36)),(((((20,(21,22)),(14,((15,16),((17,18),19)))),(((23,(24,25)),(32,33)),(26,((27,28),(29,(30,31)))))),((7,(8,9)),((10,11),(12,13)))),((2,3),(4,(5,6)))));
Tree Score: 14083.106077430222
Score Improvement: 0.09203748511075038

Step Number: 6
Time Spent: 20.355746985 seconds
New Tree:
Tree: (((0,1),((34,35),36)),(((((20,(21,22)),(14,((15,16),((17,18),19)))),(((23,(24,25)),(32,33)),((29,(30,31)),((27,28),26)))),((7,(8,9)),((10,11),(12,13)))),((2,3),(4,(5,6)))));
Tree Score: 14401.255151524592
Score Improvement: 0.02259083133686257

Step Number: 7
Time Spent: 20.461928993 seconds
New Tree:
Tree: (((0,1),((34,35),36)),((((((15,16),((17,18),19)),(14,(20,(21,22)))),(((23,(24,25)),(32,33)),((29,(30,31)),((27,28),26)))),((7,(8,9)),((10,11),(12,13)))),((2,3),(4,(5,6)))));
Tree Score: 14508.562626645687
Score Improvement: 0.00745125851823647

Step Number: 8
Time Spent: 20.714228255 seconds
New Tree:
Tree: (((0,1),((34,35),36)),(((((19,((17,18),(15,16))),(14,(20,(21,22)))),(((23,(24,25)),(32,33)),((29,(30,31)),((27,28),26)))),((7,(8,9)),((10,11),(12,13)))),((2,3),(4,(5,6)))));
Tree Score: 14596.742902485197
Score Improvement: 0.006077809229534825

Step Number: 9
Time Spent: 20.558367863 seconds
New Tree:
Tree: (((0,1),((34,35),36)),(((((19,((17,18),(15,16))),((21,22),(20,14))),(((23,(24,25)),(32,33)),((29,(30,31)),((27,28),26)))),((7,(8,9)),((10,11),(12,13)))),((2,3),(4,(5,6)))));
Tree Score: 14676.314153074478
Score Improvement: 0.005451301781559392

Step Number: 10
Time Spent: 20.600052493 seconds
New Tree:
Tree: (((0,1),((34,35),36)),(((((19,((17,18),(15,16))),((21,22),(20,14))),(((24,(23,25)),(32,33)),((29,(30,31)),((27,28),26)))),((7,(8,9)),((10,11),(12,13)))),((2,3),(4,(5,6)))));
Tree Score: 14697.461578141158
Score Improvement: 0.0014409220766271602

Step Number: 11
Time Spent: 20.604457453 seconds
New Tree:
Tree: (((34,35),((0,1),36)),(((((19,((17,18),(15,16))),((21,22),(20,14))),(((24,(23,25)),(32,33)),((29,(30,31)),((27,28),26)))),((7,(8,9)),((10,11),(12,13)))),((2,3),(4,(5,6)))));
Tree Score: 14715.0139524594
Score Improvement: 0.0011942452936462011

Step Number: 12
Time Spent: 20.577742533 seconds
New Tree:
Tree: (((34,35),((0,1),36)),(((((19,((17,18),(15,16))),((21,22),(20,14))),(((24,(32,33)),(23,25)),((29,(30,31)),((27,28),26)))),((7,(8,9)),((10,11),(12,13)))),((2,3),(4,(5,6)))));
Tree Score: 14728.09352785368
Score Improvement: 8.888591907922905E-4

Step Number: 13
Time Spent: 20.539696005 seconds
New Tree:
Tree: (((34,35),((0,1),36)),(((((19,((17,18),(15,16))),((21,22),(20,14))),(((32,(24,33)),(23,25)),((29,(30,31)),((27,28),26)))),((7,(8,9)),((10,11),(12,13)))),((2,3),(4,(5,6)))));
Tree Score: 14745.981103101005
Score Improvement: 0.001214520753381798

Step Number: 14
Time Spent: 20.610201061 seconds
New Tree:
Tree: (((34,35),((0,1),36)),(((((19,((17,18),(15,16))),((21,22),(20,14))),(((32,(23,25)),(24,33)),((29,(30,31)),((27,28),26)))),((7,(8,9)),((10,11),(12,13)))),((2,3),(4,(5,6)))));
Tree Score: 14756.784903046866
Score Improvement: 7.326606395547941E-4

Step Number: 15
Time Spent: 20.563740543 seconds
New Tree:
Tree: (((34,35),((0,1),36)),(((((19,((17,18),(15,16))),((21,22),(20,14))),(((23,(32,25)),(24,33)),((29,(30,31)),((27,28),26)))),((7,(8,9)),((10,11),(12,13)))),((2,3),(4,(5,6)))));
Tree Score: 14761.3476780925
Score Improvement: 3.091984518044377E-4

Step Number: 16
Time Spent: 20.528455609 seconds
New Tree:
Tree: (((34,35),((0,1),36)),(((((19,((17,18),(15,16))),((21,22),(20,14))),(((23,(32,25)),(24,33)),((29,(30,31)),((27,28),26)))),((7,(8,9)),((10,11),(12,13)))),((2,3),(6,(5,4)))));
Tree Score: 14765.770877944962
Score Improvement: 2.996474271130811E-4

Step Number: 17
Time Spent: 20.549674299 seconds
New Tree:
Tree: (((34,35),((0,1),36)),(((((19,((17,18),(15,16))),((21,22),(20,14))),(((23,(32,25)),(24,33)),((29,(30,31)),((27,28),26)))),((7,(8,9)),((10,11),(12,13)))),((5,4),(6,(2,3)))));
Tree Score: 14794.286477758711
Score Improvement: 0.0019311961461043747

Step Number: 18
Time Spent: 20.572386615 seconds
New Tree:
Tree: (((34,35),((0,1),36)),(((((19,((17,18),(15,16))),((21,22),(20,14))),(((23,(32,25)),(24,33)),((30,(29,31)),((27,28),26)))),((7,(8,9)),((10,11),(12,13)))),((5,4),(6,(2,3)))));
Tree Score: 14795.645602851337
Score Improvement: 9.186824215334788E-5

Step Number: 19
Time Spent: 20.593719914 seconds
New Tree:
Tree: (((34,35),((0,36),1)),(((((19,((17,18),(15,16))),((21,22),(20,14))),(((23,(32,25)),(24,33)),((30,(29,31)),((27,28),26)))),((7,(8,9)),((10,11),(12,13)))),((5,4),(6,(2,3)))));
Tree Score: 14796.989027558988
Score Improvement: 9.07986541252015E-5

Step Number: 20
Time Spent: 20.603203104 seconds
New Tree:
Tree: (((34,35),((0,36),1)),(((((19,((17,18),(15,16))),((21,22),(20,14))),(((23,(32,25)),(24,33)),((30,(29,31)),((27,28),26)))),((8,(7,9)),((10,11),(12,13)))),((5,4),(6,(2,3)))));
Tree Score: 14797.461202058172
Score Improvement: 3.19101743133654E-5

Step Number: 21
Time Spent: 20.609060133 seconds
New Tree:
Tree: (((34,35),((0,36),1)),(((((19,((17,18),(15,16))),((21,22),(20,14))),(((23,(32,25)),(24,33)),((30,(29,31)),((27,26),28)))),((8,(7,9)),((10,11),(12,13)))),((5,4),(6,(2,3)))));
Tree Score: 14797.478277011936
Score Improvement: 1.1539110345015757E-6

Step Number: 22
Time Spent: 20.588297716 seconds
New Tree:
Tree: (((34,35),((0,36),1)),(((((19,((17,18),(15,16))),((21,22),(20,14))),(((23,(32,25)),(24,33)),((30,(29,31)),((27,26),28)))),((8,(7,9)),((10,11),(12,13)))),((5,4),(6,(2,3)))));
Tree Score: 14797.478277011936
Score Improvement: 0.0

TOTAL STEPS: 22
TOTAL TIME: 449.807914551 seconds
Final tree: Tree: (((34,35),((0,36),1)),(((((19,((17,18),(15,16))),((21,22),(20,14))),(((23,(32,25)),(24,33)),((30,(29,31)),((27,26),28)))),((8,(7,9)),((10,11),(12,13)))),((5,4),(6,(2,3)))));
Tree Score: 14797.478277011936
Total Score Improvement: 0.5779635071006899

--------------ITERATION 4--------------
Input tree: ((((0,1),((2,(3,4)),5)),(((((6,(7,8)),(9,10)),((11,12),(13,14))),15),((16,17),(18,19)))),(((20,21),(((22,((23,24),(25,26))),27),((28,29),(30,31)))),((32,33),((34,35),36))));
Initial Score: 9227.387124145182

Step Number: 1
Time Spent: 20.454294084 seconds
New Tree:
Tree: ((((0,1),((2,(3,4)),5)),(((((6,(7,8)),(9,10)),((11,12),(13,14))),15),((16,17),(18,19)))),(((20,21),((32,33),((34,35),36))),(((22,((23,24),(25,26))),27),((28,29),(30,31)))));
Tree Score: 10796.87249897957
Score Improvement: 0.1700899023438105

Step Number: 2
Time Spent: 20.353143581 seconds
New Tree:
Tree: ((((0,1),((2,(3,4)),5)),(((15,((11,12),(13,14))),((6,(7,8)),(9,10))),((16,17),(18,19)))),(((20,21),((32,33),((34,35),36))),(((22,((23,24),(25,26))),27),((28,29),(30,31)))));
Tree Score: 11971.069125940801
Score Improvement: 0.10875340308707049

Step Number: 3
Time Spent: 20.111604695 seconds
New Tree:
Tree: ((((15,((11,12),(13,14))),((6,(7,8)),(9,10))),(((0,1),((2,(3,4)),5)),((16,17),(18,19)))),(((20,21),((32,33),((34,35),36))),(((22,((23,24),(25,26))),27),((28,29),(30,31)))));
Tree Score: 12470.904325316758
Score Improvement: 0.04175359728671468

Step Number: 4
Time Spent: 20.150368634 seconds
New Tree:
Tree: ((((15,((11,12),(13,14))),((6,(7,8)),(9,10))),(((22,((23,24),(25,26))),27),((28,29),(30,31)))),(((20,21),((32,33),((34,35),36))),(((0,1),((2,(3,4)),5)),((16,17),(18,19)))));
Tree Score: 12848.562901203983
Score Improvement: 0.030283174823220627

Step Number: 5
Time Spent: 20.150191236 seconds
New Tree:
Tree: ((((15,((11,12),(13,14))),((6,(7,8)),(9,10))),(((22,((23,24),(25,26))),27),((28,29),(30,31)))),(((0,1),((2,(3,4)),5)),(((20,21),((32,33),((34,35),36))),((16,17),(18,19)))));
Tree Score: 13142.728528341726
Score Improvement: 0.02289482718025826

Step Number: 6
Time Spent: 20.220636717 seconds
New Tree:
Tree: (((((20,21),((32,33),((34,35),36))),((16,17),(18,19))),(((22,((23,24),(25,26))),27),((28,29),(30,31)))),(((0,1),((2,(3,4)),5)),((15,((11,12),(13,14))),((6,(7,8)),(9,10)))));
Tree Score: 14105.717327875314
Score Improvement: 0.0732716039486736

Step Number: 7
Time Spent: 20.249316202 seconds
New Tree:
Tree: ((((((34,35),36),((32,33),(20,21))),((16,17),(18,19))),(((22,((23,24),(25,26))),27),((28,29),(30,31)))),(((0,1),((2,(3,4)),5)),((15,((11,12),(13,14))),((6,(7,8)),(9,10)))));
Tree Score: 14278.973628062053
Score Improvement: 0.012282700422782122

Step Number: 8
Time Spent: 20.295839576 seconds
New Tree:
Tree: ((((((34,35),36),((32,33),(20,21))),((16,17),(18,19))),(((22,((23,24),(25,26))),27),((28,29),(30,31)))),(((2,(3,4)),((0,1),5)),((15,((11,12),(13,14))),((6,(7,8)),(9,10)))));
Tree Score: 14426.876028322844
Score Improvement: 0.010358055425645052

Step Number: 9
Time Spent: 20.28530346 seconds
New Tree:
Tree: ((((((34,35),36),((32,33),(20,21))),((16,17),(18,19))),(((22,27),((23,24),(25,26))),((28,29),(30,31)))),(((2,(3,4)),((0,1),5)),((15,((11,12),(13,14))),((6,(7,8)),(9,10)))));
Tree Score: 14563.94847847521
Score Improvement: 0.009501187220522622

Step Number: 10
Time Spent: 20.165176382 seconds
New Tree:
Tree: ((((((34,35),36),((32,33),(20,21))),((16,17),(18,19))),(((22,27),((23,24),(25,26))),((28,29),(30,31)))),(((2,(3,4)),((0,1),5)),(((13,14),((11,12),15)),((6,(7,8)),(9,10)))));
Tree Score: 14634.795628615186
Score Improvement: 0.00486455649336337

Step Number: 11
Time Spent: 20.18582866 seconds
New Tree:
Tree: ((((((34,35),36),((32,33),(20,21))),((16,17),(18,19))),(((22,27),((23,24),(25,26))),((28,29),(30,31)))),(((3,(2,4)),((0,1),5)),(((13,14),((11,12),15)),((6,(7,8)),(9,10)))));
Tree Score: 14674.090403898848
Score Improvement: 0.00268502384869862

Step Number: 12
Time Spent: 20.197710198 seconds
New Tree:
Tree: ((((((34,35),36),((32,33),(20,21))),((16,17),(18,19))),(((22,27),((23,24),(25,26))),((28,29),(30,31)))),(((3,(2,4)),((0,1),5)),(((13,14),((11,12),15)),((6,(9,10)),(7,8)))));
Tree Score: 14711.710704243971
Score Improvement: 0.0025637228141328627

Step Number: 13
Time Spent: 20.200843976 seconds
New Tree:
Tree: ((((((34,35),36),((32,33),(20,21))),((16,17),(18,19))),(((23,24),((22,27),(25,26))),((28,29),(30,31)))),(((3,(2,4)),((0,1),5)),(((13,14),((11,12),15)),((6,(9,10)),(7,8)))));
Tree Score: 14747.009654013553
Score Improvement: 0.0023993776440558445

Step Number: 14
Time Spent: 20.179494963 seconds
New Tree:
Tree: ((((((34,35),36),((32,33),(20,21))),((16,17),(18,19))),(((23,24),((22,27),(25,26))),((28,29),(30,31)))),(((3,(2,4)),((5,1),0)),(((13,14),((11,12),15)),((6,(9,10)),(7,8)))));
Tree Score: 14767.916253959873
Score Improvement: 0.0014176840211554964

Step Number: 15
Time Spent: 23.338650328 seconds
New Tree:
Tree: ((((((34,35),36),((32,33),(20,21))),((16,17),(18,19))),(((23,24),((22,27),(25,26))),((28,29),(30,31)))),(((3,(2,4)),((5,1),0)),(((13,14),((11,15),12)),((6,(9,10)),(7,8)))));
Tree Score: 14788.10755393386
Score Improvement: 0.0013672409584915002

Step Number: 16
Time Spent: 29.852623019 seconds
New Tree:
Tree: ((((((36,35),34),((32,33),(20,21))),((16,17),(18,19))),(((23,24),((22,27),(25,26))),((28,29),(30,31)))),(((3,(2,4)),((5,1),0)),(((13,14),((11,15),12)),((6,(9,10)),(7,8)))));
Tree Score: 14796.505478611329
Score Improvement: 5.678836623848049E-4

Step Number: 17
Time Spent: 20.545143765 seconds
New Tree:
Tree: ((((((36,35),34),((32,33),(20,21))),((16,17),(18,19))),(((23,24),((22,27),(25,26))),((28,29),(30,31)))),(((3,(2,4)),((5,1),0)),(((13,14),((11,15),12)),((10,(9,6)),(7,8)))));
Tree Score: 14798.925203492978
Score Improvement: 1.6353353737108556E-4

Step Number: 18
Time Spent: 23.69865323 seconds
New Tree:
Tree: ((((((36,35),34),((32,33),(20,21))),((16,17),(18,19))),(((23,24),((22,27),(25,26))),((28,29),(30,31)))),(((3,(2,4)),((5,1),0)),(((13,14),((11,15),12)),((10,(9,6)),(7,8)))));
Tree Score: 14798.925203492978
Score Improvement: 0.0

TOTAL STEPS: 18
TOTAL TIME: 380.634822706 seconds
Final tree: Tree: ((((((36,35),34),((32,33),(20,21))),((16,17),(18,19))),(((23,24),((22,27),(25,26))),((28,29),(30,31)))),(((3,(2,4)),((5,1),0)),(((13,14),((11,15),12)),((10,(9,6)),(7,8)))));
Tree Score: 14798.925203492978
Total Score Improvement: 0.6038045228176052

--------------ITERATION 5--------------
Input tree: ((0,1),((((2,(3,4)),((((5,6),7),((8,9),(10,11))),(12,(((13,(14,15)),16),((17,18),(19,20)))))),((((21,22),(23,(24,(25,26)))),(27,28)),(((29,(30,31)),32),33))),(34,(35,36))));
Initial Score: 10311.392072331393

Step Number: 1
Time Spent: 32.672781365 seconds
New Tree:
Tree: ((0,1),(((((((21,22),(23,(24,(25,26)))),(27,28)),(((29,(30,31)),32),33)),((((5,6),7),((8,9),(10,11))),(12,(((13,(14,15)),16),((17,18),(19,20)))))),(2,(3,4))),(34,(35,36))));
Tree Score: 12911.224722593208
Score Improvement: 0.2521320721804341

Step Number: 2
Time Spent: 33.885608499 seconds
New Tree:
Tree: ((0,1),((((((((29,(30,31)),32),33),(27,28)),((21,22),(23,(24,(25,26))))),((((5,6),7),((8,9),(10,11))),(12,(((13,(14,15)),16),((17,18),(19,20)))))),(2,(3,4))),(34,(35,36))));
Tree Score: 13166.75949654507
Score Improvement: 0.01979167580475183

Step Number: 3
Time Spent: 34.534508404 seconds
New Tree:
Tree: ((0,1),((((((((29,(30,31)),32),33),(27,28)),((21,22),(23,(24,(25,26))))),((((5,6),7),((8,9),(10,11))),(12,(((13,16),(14,15)),((17,18),(19,20)))))),(2,(3,4))),(34,(35,36))));
Tree Score: 13289.343146061176
Score Improvement: 0.009310084956611453

Step Number: 4
Time Spent: 34.555978872 seconds
New Tree:
Tree: ((0,1),(((((((33,32),(29,(30,31))),(27,28)),((21,22),(23,(24,(25,26))))),((((5,6),7),((8,9),(10,11))),(12,(((13,16),(14,15)),((17,18),(19,20)))))),(2,(3,4))),(34,(35,36))));
Tree Score: 13383.750746510574
Score Improvement: 0.007104008031983078

Step Number: 5
Time Spent: 24.363905565 seconds
New Tree:
Tree: ((0,1),(((((((33,32),(29,(30,31))),(27,28)),((21,22),(23,(24,(25,26))))),((((5,6),7),((8,9),(10,11))),(12,(((13,16),(14,15)),((17,18),(19,20)))))),(4,(3,2))),(34,(35,36))));
Tree Score: 13456.198196319281
Score Improvement: 0.005413090185320213

Step Number: 6
Time Spent: 26.696471737 seconds
New Tree:
Tree: ((0,1),(((((((33,32),(29,(30,31))),(27,28)),((21,22),((25,26),(24,23)))),((((5,6),7),((8,9),(10,11))),(12,(((13,16),(14,15)),((17,18),(19,20)))))),(4,(3,2))),(34,(35,36))));
Tree Score: 13519.963721651933
Score Improvement: 0.0047387474829327925

Step Number: 7
Time Spent: 22.256138509 seconds
New Tree:
Tree: ((0,1),(((((((33,32),(29,(30,31))),(27,28)),((24,23),((25,26),(21,22)))),((((5,6),7),((8,9),(10,11))),(12,(((13,16),(14,15)),((17,18),(19,20)))))),(4,(3,2))),(34,(35,36))));
Tree Score: 13592.613946947153
Score Improvement: 0.005373551792810849

Step Number: 8
Time Spent: 22.264634001 seconds
New Tree:
Tree: ((0,1),(((((((33,32),(27,28)),(29,(30,31))),((24,23),((25,26),(21,22)))),((((5,6),7),((8,9),(10,11))),(12,(((13,16),(14,15)),((17,18),(19,20)))))),(4,(3,2))),(34,(35,36))));
Tree Score: 13621.870797020267
Score Improvement: 0.00215240793178606

Step Number: 9
Time Spent: 22.226449398 seconds
New Tree:
Tree: ((0,1),(((((((33,32),(27,28)),(29,(30,31))),((24,23),((25,26),(21,22)))),((((5,6),7),((8,9),(10,11))),(((17,18),(19,20)),(((13,16),(14,15)),12)))),(4,(3,2))),(34,(35,36))));
Tree Score: 13650.56359699904
Score Improvement: 0.002106377340258536

Step Number: 10
Time Spent: 22.301209044 seconds
New Tree:
Tree: ((0,1),(((((((33,32),(27,28)),(29,(30,31))),((24,23),((25,26),(21,22)))),((((5,6),7),((8,9),(10,11))),(((17,18),(19,20)),(((13,16),12),(14,15))))),(4,(3,2))),(34,(35,36))));
Tree Score: 13853.635122081032
Score Improvement: 0.014876420569670534

Step Number: 11
Time Spent: 22.237626028 seconds
New Tree:
Tree: ((0,1),(((((((33,32),(27,28)),(29,(30,31))),((24,23),((25,26),(21,22)))),((((13,16),12),(14,15)),(((17,18),(19,20)),(((5,6),7),((8,9),(10,11)))))),(4,(3,2))),(34,(35,36))));
Tree Score: 14076.239121491439
Score Improvement: 0.01606827359380958

Step Number: 12
Time Spent: 27.380871479 seconds
New Tree:
Tree: ((0,1),(((((((33,32),(27,28)),(29,(30,31))),((24,23),((25,26),(21,22)))),((((13,16),12),(14,15)),(((17,18),(19,20)),(((5,6),7),((8,9),(10,11)))))),(34,(35,36))),(4,(3,2))));
Tree Score: 14080.053646603948
Score Improvement: 2.709903603930197E-4

Step Number: 13
Time Spent: 33.27517822 seconds
New Tree:
Tree: ((0,1),(((((((33,32),(27,28)),(30,(29,31))),((24,23),((25,26),(21,22)))),((((13,16),12),(14,15)),(((17,18),(19,20)),(((5,6),7),((8,9),(10,11)))))),(34,(35,36))),(4,(3,2))));
Tree Score: 14081.198296646005
Score Improvement: 8.129585801208705E-5

Step Number: 14
Time Spent: 33.301431279 seconds
New Tree:
Tree: ((0,1),(((((((33,32),(27,28)),(30,(29,31))),((24,23),((25,26),(21,22)))),((((13,16),12),(14,15)),(((17,18),(19,20)),(((7,6),5),((8,9),(10,11)))))),(34,(35,36))),(4,(3,2))));
Tree Score: 14081.81574675988
Score Improvement: 4.3849259194095325E-5

Step Number: 15
Time Spent: 33.895925733 seconds
New Tree:
Tree: ((0,1),(((((((33,32),(27,28)),(30,(29,31))),((24,23),((25,26),(21,22)))),((((13,16),12),(14,15)),(((17,18),(19,20)),(((7,6),5),((8,9),(10,11)))))),(34,(35,36))),(4,(3,2))));
Tree Score: 14081.81574675988
Score Improvement: 0.0

TOTAL STEPS: 15
TOTAL TIME: 425.848718133 seconds
Final tree: Tree: ((0,1),(((((((33,32),(27,28)),(30,(29,31))),((24,23),((25,26),(21,22)))),((((13,16),12),(14,15)),(((17,18),(19,20)),(((7,6),5),((8,9),(10,11)))))),(34,(35,36))),(4,(3,2))));
Tree Score: 14081.81574675988
Total Score Improvement: 0.36565612557257743

--------------ITERATION 6--------------
Input tree: ((((0,(1,(2,(3,4)))),(5,(6,7))),((((((8,9),(10,11)),12),(13,14)),((15,((16,17),18)),(19,20))),((21,((22,23),24)),25))),(26,((((27,28),((29,30),31)),((32,33),34)),(35,36))));
Initial Score: 9649.48549986007

Step Number: 1
Time Spent: 33.758251382 seconds
New Tree:
Tree: ((((21,((22,23),24)),25),((((((8,9),(10,11)),12),(13,14)),((15,((16,17),18)),(19,20))),((0,(1,(2,(3,4)))),(5,(6,7))))),(26,((((27,28),((29,30),31)),((32,33),34)),(35,36))));
Tree Score: 10710.37434963817
Score Improvement: 0.10994253007515109

Step Number: 2
Time Spent: 33.108022257 seconds
New Tree:
Tree: ((((21,((22,23),24)),25),((((((8,9),(10,11)),12),(13,14)),((15,((16,17),18)),(19,20))),((0,(5,(6,7))),(1,(2,(3,4)))))),(26,((((27,28),((29,30),31)),((32,33),34)),(35,36))));
Tree Score: 11016.12809946323
Score Improvement: 0.02854743819812322

Step Number: 3
Time Spent: 32.561401838 seconds
New Tree:
Tree: ((((21,((22,23),24)),25),((((((8,9),(10,11)),12),(13,14)),((15,((16,17),18)),(19,20))),((0,(5,(6,7))),(1,(2,(3,4)))))),((((27,28),((29,30),31)),((32,33),34)),(26,(35,36))));
Tree Score: 11318.316899536198
Score Improvement: 0.02743148929864847

Step Number: 4
Time Spent: 31.88616681 seconds
New Tree:
Tree: ((((21,25),((22,23),24)),((((((8,9),(10,11)),12),(13,14)),((15,((16,17),18)),(19,20))),((0,(5,(6,7))),(1,(2,(3,4)))))),((((27,28),((29,30),31)),((32,33),34)),(26,(35,36))));
Tree Score: 11607.900049746988
Score Improvement: 0.025585354499365165

Step Number: 5
Time Spent: 31.730122107 seconds
New Tree:
Tree: ((((21,25),((22,23),24)),((((((8,9),(10,11)),12),(13,14)),((15,((16,17),18)),(19,20))),((0,(5,(6,7))),(1,(2,(3,4)))))),(((26,(35,36)),((32,33),34)),((27,28),((29,30),31))));
Tree Score: 11815.598924646873
Score Improvement: 0.017892889670807488

Step Number: 6
Time Spent: 31.570453827 seconds
New Tree:
Tree: ((((21,25),((22,23),24)),(((((13,14),12),((8,9),(10,11))),((15,((16,17),18)),(19,20))),((0,(5,(6,7))),(1,(2,(3,4)))))),(((26,(35,36)),((32,33),34)),((27,28),((29,30),31))));
Tree Score: 11976.519700019408
Score Improvement: 0.013619349844116613

Step Number: 7
Time Spent: 31.350202705 seconds
New Tree:
Tree: ((((21,25),((22,23),24)),((27,28),((29,30),31))),(((26,(35,36)),((32,33),34)),(((((13,14),12),((8,9),(10,11))),((15,((16,17),18)),(19,20))),((0,(5,(6,7))),(1,(2,(3,4)))))));
Tree Score: 12097.746898362084
Score Improvement: 0.010122072303064833

Step Number: 8
Time Spent: 29.848508809 seconds
New Tree:
Tree: ((((21,25),((22,23),24)),((27,28),((29,30),31))),(((((13,14),12),((8,9),(10,11))),((15,((16,17),18)),(19,20))),(((26,(35,36)),((32,33),34)),((0,(5,(6,7))),(1,(2,(3,4)))))));
Tree Score: 12262.554149050431
Score Improvement: 0.013622970630230435

Step Number: 9
Time Spent: 30.546416133 seconds
New Tree:
Tree: ((((21,25),((22,23),24)),((27,28),((29,30),31))),(((((13,14),12),((8,9),(10,11))),(((26,(35,36)),((32,33),34)),((0,(5,(6,7))),(1,(2,(3,4)))))),((15,((16,17),18)),(19,20))));
Tree Score: 12510.487374580216
Score Improvement: 0.020218726255246233

Step Number: 10
Time Spent: 30.706679531 seconds
New Tree:
Tree: ((((21,25),((22,23),24)),((27,28),((29,30),31))),(((((13,14),12),((8,9),(10,11))),(((26,(35,36)),((32,33),34)),((0,(5,(6,7))),(1,(2,(3,4)))))),((15,(19,20)),((16,17),18))));
Tree Score: 12650.786149213232
Score Improvement: 0.011214493123432367

Step Number: 11
Time Spent: 30.644366089 seconds
New Tree:
Tree: ((((21,25),((22,23),24)),((27,28),((29,30),31))),(((((13,14),12),((8,9),(10,11))),(((26,(35,36)),((32,33),34)),((0,(5,(6,7))),((3,4),(2,1))))),((15,(19,20)),((16,17),18))));
Tree Score: 12738.843249244757
Score Improvement: 0.006960603000707666

Step Number: 12
Time Spent: 30.748407672 seconds
New Tree:
Tree: ((((21,25),((22,23),24)),((15,(19,20)),((16,17),18))),(((((13,14),12),((8,9),(10,11))),(((26,(35,36)),((32,33),34)),((0,(5,(6,7))),((3,4),(2,1))))),((27,28),((29,30),31))));
Tree Score: 12792.975223031917
Score Improvement: 0.00424936336275028

Step Number: 13
Time Spent: 30.850572899 seconds
New Tree:
Tree: ((((21,25),((22,23),24)),((15,(19,20)),((16,17),18))),(((((13,14),12),((8,9),(10,11))),(((26,(35,36)),((32,33),34)),(((6,7),(5,0)),((3,4),(2,1))))),((27,28),((29,30),31))));
Tree Score: 12846.4598980193
Score Improvement: 0.004180784692765727

Step Number: 14
Time Spent: 30.930849168 seconds
New Tree:
Tree: ((((21,25),((22,23),24)),((15,(19,20)),((16,17),18))),(((((13,12),14),((8,9),(10,11))),(((26,(35,36)),((32,33),34)),(((6,7),(5,0)),((3,4),(2,1))))),((27,28),((29,30),31))));
Tree Score: 12895.585598014386
Score Improvement: 0.0038240651809966497

Step Number: 15
Time Spent: 31.52793585 seconds
New Tree:
Tree: ((((21,25),((22,23),24)),((15,(19,20)),((16,17),18))),(((((13,12),14),((8,9),(10,11))),(((26,(35,36)),((34,33),32)),(((6,7),(5,0)),((3,4),(2,1))))),((27,28),((29,30),31))));
Tree Score: 12936.544323136306
Score Improvement: 0.0031761818655391405

Step Number: 16
Time Spent: 31.606049975 seconds
New Tree:
Tree: ((((21,25),((22,23),24)),((15,(19,20)),((16,17),18))),(((((13,12),14),((8,9),(10,11))),(((36,(35,26)),((34,33),32)),(((6,7),(5,0)),((3,4),(2,1))))),((27,28),((29,30),31))));
Tree Score: 12945.554123450976
Score Improvement: 6.964611328665882E-4

Step Number: 17
Time Spent: 31.566993261 seconds
New Tree:
Tree: ((((21,25),((24,23),22)),((15,(19,20)),((16,17),18))),(((((13,12),14),((8,9),(10,11))),(((36,(35,26)),((34,33),32)),(((6,7),(5,0)),((3,4),(2,1))))),((27,28),((29,30),31))));
Tree Score: 12950.531948352207
Score Improvement: 3.845200331913379E-4

Step Number: 18
Time Spent: 31.53772725 seconds
New Tree:
Tree: ((((21,25),((24,23),22)),((19,(15,20)),((16,17),18))),(((((13,12),14),((8,9),(10,11))),(((36,(35,26)),((34,33),32)),(((6,7),(5,0)),((3,4),(2,1))))),((27,28),((29,30),31))));
Tree Score: 12955.404173300405
Score Improvement: 3.762181327862102E-4

Step Number: 19
Time Spent: 31.567136785 seconds
New Tree:
Tree: ((((21,25),((24,23),22)),((19,(15,20)),((16,17),18))),(((((13,12),14),((8,9),(10,11))),(((36,(35,26)),((34,33),32)),(((6,7),(5,0)),((3,4),(2,1))))),((27,28),((29,30),31))));
Tree Score: 12955.404173300405
Score Improvement: 0.0

TOTAL STEPS: 19
TOTAL TIME: 598.046264348 seconds
Final tree: Tree: ((((21,25),((24,23),22)),((19,(15,20)),((16,17),18))),(((((13,12),14),((8,9),(10,11))),(((36,(35,26)),((34,33),32)),(((6,7),(5,0)),((3,4),(2,1))))),((27,28),((29,30),31))));
Tree Score: 12955.404173300405
Total Score Improvement: 0.3426005120675373

--------------ITERATION 7--------------
Input tree: (((0,1),(2,((3,4),(((5,6),7),8)))),((((((9,(10,11)),12),(13,(14,((15,16),((17,18),19))))),(20,21)),((22,23),24)),((((25,26),(27,28)),(((29,(30,31)),32),33)),((34,35),36))));
Initial Score: 8667.63927523928

Step Number: 1
Time Spent: 32.706951353 seconds
New Tree:
Tree: (((0,1),(2,((3,4),(((5,6),7),8)))),(((34,35),36),((((25,26),(27,28)),(((29,(30,31)),32),33)),(((((9,(10,11)),12),(13,(14,((15,16),((17,18),19))))),(20,21)),((22,23),24)))));
Tree Score: 10028.01635139758
Score Improvement: 0.1569489722587405

Step Number: 2
Time Spent: 33.14240079 seconds
New Tree:
Tree: (((0,1),(2,((3,4),(((5,6),7),8)))),(((34,35),36),((((25,26),(27,28)),(((29,(30,31)),32),33)),((((22,23),24),(20,21)),(((9,(10,11)),12),(13,(14,((15,16),((17,18),19)))))))));
Tree Score: 11263.256176324905
Score Improvement: 0.12317888021345036

Step Number: 3
Time Spent: 32.208994525 seconds
New Tree:
Tree: (((0,1),(2,((3,4),(((5,6),7),8)))),(((34,35),36),((((9,(10,11)),12),(13,(14,((15,16),((17,18),19))))),((((22,23),24),(20,21)),(((25,26),(27,28)),(((29,(30,31)),32),33))))));
Tree Score: 12418.363223901013
Score Improvement: 0.10255533830475372

Step Number: 4
Time Spent: 32.154507358 seconds
New Tree:
Tree: ((((((9,(10,11)),12),(13,(14,((15,16),((17,18),19))))),((((22,23),24),(20,21)),(((25,26),(27,28)),(((29,(30,31)),32),33)))),(2,((3,4),(((5,6),7),8)))),(((34,35),36),(0,1)));
Tree Score: 13029.707774570206
Score Improvement: 0.049229076299891705

Step Number: 5
Time Spent: 33.464858207 seconds
New Tree:
Tree: ((((((9,(10,11)),12),(13,(14,((15,16),((17,18),19))))),((((22,23),24),(20,21)),(((25,26),(27,28)),(((29,(30,31)),32),33)))),((((5,6),7),8),((3,4),2))),(((34,35),36),(0,1)));
Tree Score: 13290.714774861926
Score Improvement: 0.020031684885605916

Step Number: 6
Time Spent: 33.603635491 seconds
New Tree:
Tree: ((((((9,(10,11)),12),(((15,16),((17,18),19)),(14,13))),((((22,23),24),(20,21)),(((25,26),(27,28)),(((29,(30,31)),32),33)))),((((5,6),7),8),((3,4),2))),(((34,35),36),(0,1)));
Tree Score: 13492.28149930986
Score Improvement: 0.015165980751402186

Step Number: 7
Time Spent: 33.681295017 seconds
New Tree:
Tree: ((((((9,12),(10,11)),(((15,16),((17,18),19)),(14,13))),((((22,23),24),(20,21)),(((25,26),(27,28)),(((29,(30,31)),32),33)))),((((5,6),7),8),((3,4),2))),(((34,35),36),(0,1)));
Tree Score: 13595.423324091755
Score Improvement: 0.007644505844854432

Step Number: 8
Time Spent: 33.36312453 seconds
New Tree:
Tree: ((((((9,12),(10,11)),(((15,16),((17,18),19)),(14,13))),((((22,23),24),(20,21)),(((25,26),(27,28)),((33,32),(29,(30,31)))))),((((5,6),7),8),((3,4),2))),(((34,35),36),(0,1)));
Tree Score: 13672.500224385805
Score Improvement: 0.00566932698281386

Step Number: 9
Time Spent: 33.199059951 seconds
New Tree:
Tree: ((((((9,12),(10,11)),(((15,16),((17,18),19)),(14,13))),((((22,23),24),(20,21)),(((25,26),(27,28)),((33,32),(29,(30,31)))))),(((8,7),(5,6)),((3,4),2))),(((34,35),36),(0,1)));
Tree Score: 13722.775698881409
Score Improvement: 0.0036771236913883953

Step Number: 10
Time Spent: 33.465671299 seconds
New Tree:
Tree: ((((((9,12),(10,11)),(((15,16),((17,18),19)),(14,13))),((((22,23),24),(20,21)),(((25,26),(27,28)),((33,32),(29,(30,31)))))),(((8,7),(5,6)),((2,4),3))),(((34,35),36),(0,1)));
Tree Score: 13739.266223781322
Score Improvement: 0.001201690187303539

Step Number: 11
Time Spent: 32.800041961 seconds
New Tree:
Tree: ((((((9,12),(10,11)),(((15,16),((17,18),19)),(14,13))),((((22,23),24),(20,21)),(((25,26),(27,28)),((33,32),(29,(30,31)))))),(((8,7),(5,6)),((2,4),3))),(((36,35),34),(0,1)));
Tree Score: 13755.184548684907
Score Improvement: 0.0011586008047528296

Step Number: 12
Time Spent: 33.297169145 seconds
New Tree:
Tree: ((((((9,12),(10,11)),(((15,16),((17,18),19)),(14,13))),((((22,23),24),(20,21)),(((25,26),(27,28)),((33,32),(29,(30,31)))))),(((8,7),(5,6)),((2,4),3))),(((0,1),34),(36,35)));
Tree Score: 13777.17209792421
Score Improvement: 0.0015984917658851128

Step Number: 13
Time Spent: 33.24918993 seconds
New Tree:
Tree: ((((((9,12),(10,11)),(((15,16),((17,18),19)),(14,13))),((((22,23),24),(20,21)),(((25,26),(27,28)),((33,32),(29,(30,31)))))),(((8,7),(5,6)),((2,4),3))),(((34,1),0),(36,35)));
Tree Score: 13786.595798126002
Score Improvement: 6.840083098917926E-4

Step Number: 14
Time Spent: 30.254519866 seconds
New Tree:
Tree: ((((((9,12),(10,11)),((19,((17,18),(15,16))),(14,13))),((((22,23),24),(20,21)),(((25,26),(27,28)),((33,32),(29,(30,31)))))),(((8,7),(5,6)),((2,4),3))),(((34,1),0),(36,35)));
Tree Score: 13793.113073656865
Score Improvement: 4.7272551007471186E-4

Step Number: 15
Time Spent: 21.230418478 seconds
New Tree:
Tree: ((((((9,12),(10,11)),((19,(14,13)),((17,18),(15,16)))),((((22,23),24),(20,21)),(((25,26),(27,28)),((33,32),(29,(30,31)))))),(((8,7),(5,6)),((2,4),3))),(((34,1),0),(36,35)));
Tree Score: 13807.164374126081
Score Improvement: 0.001018718573115418

Step Number: 16
Time Spent: 21.160580896 seconds
New Tree:
Tree: ((((((9,12),(10,11)),((14,(19,13)),((17,18),(15,16)))),((((22,23),24),(20,21)),(((25,26),(27,28)),((33,32),(29,(30,31)))))),(((8,7),(5,6)),((2,4),3))),(((34,1),0),(36,35)));
Tree Score: 13854.629574082388
Score Improvement: 0.00343772252362351

Step Number: 17
Time Spent: 21.11192841 seconds
New Tree:
Tree: ((((((9,12),(10,11)),((14,(19,13)),((17,18),(15,16)))),((((22,23),24),(20,21)),(((25,26),(27,28)),((33,32),(30,(29,31)))))),(((8,7),(5,6)),((2,4),3))),(((34,1),0),(36,35)));
Tree Score: 13854.785924046828
Score Improvement: 1.1285033901797803E-5

Step Number: 18
Time Spent: 21.125988577 seconds
New Tree:
Tree: ((((((9,12),(10,11)),((14,(19,13)),((17,18),(15,16)))),((((22,23),24),(20,21)),(((25,26),(27,28)),((33,32),(30,(29,31)))))),(((8,7),(5,6)),((2,4),3))),(((34,1),0),(36,35)));
Tree Score: 13854.785924046828
Score Improvement: 0.0

TOTAL STEPS: 18
TOTAL TIME: 545.220335784 seconds
Final tree: Tree: ((((((9,12),(10,11)),((14,(19,13)),((17,18),(15,16)))),((((22,23),24),(20,21)),(((25,26),(27,28)),((33,32),(30,(29,31)))))),(((8,7),(5,6)),((2,4),3))),(((34,1),0),(36,35)));
Tree Score: 13854.785924046828
Total Score Improvement: 0.5984497605507875

--------------ITERATION 8--------------
Input tree: (((0,1),2),(((((3,4),((5,6),7)),(8,(9,(10,11)))),((12,(((13,14),(15,((16,(17,18)),19))),(20,21))),((22,23),((24,((25,26),(27,28))),(29,30))))),(((31,32),33),(34,(35,36)))));
Initial Score: 10368.812745629899

Step Number: 1
Time Spent: 20.598259737 seconds
New Tree:
Tree: (((0,1),2),(((((3,4),((5,6),7)),(8,(9,(10,11)))),(((24,((25,26),(27,28))),(29,30)),((22,23),(12,(((13,14),(15,((16,(17,18)),19))),(20,21)))))),(((31,32),33),(34,(35,36)))));
Tree Score: 11254.15727173639
Score Improvement: 0.08538533271127258

Step Number: 2
Time Spent: 20.500231071 seconds
New Tree:
Tree: (((0,1),2),(((((3,4),((5,6),7)),(8,(9,(10,11)))),(((24,((25,26),(27,28))),(29,30)),((((13,14),(15,((16,(17,18)),19))),(20,21)),(12,(22,23))))),(((31,32),33),(34,(35,36)))));
Tree Score: 11632.612021918148
Score Improvement: 0.03362799550813156

Step Number: 3
Time Spent: 20.797107649 seconds
New Tree:
Tree: (((0,1),2),(((((3,4),((5,6),7)),(8,(9,(10,11)))),(((24,((25,26),(27,28))),(29,30)),(((12,(22,23)),(20,21)),((13,14),(15,((16,(17,18)),19)))))),(((31,32),33),(34,(35,36)))));
Tree Score: 12236.986847093302
Score Improvement: 0.05195521212573673

Step Number: 4
Time Spent: 20.780859843 seconds
New Tree:
Tree: (((0,1),2),(((((3,4),((5,6),7)),(8,(9,(10,11)))),(((24,(29,30)),((25,26),(27,28))),(((12,(22,23)),(20,21)),((13,14),(15,((16,(17,18)),19)))))),(((31,32),33),(34,(35,36)))));
Tree Score: 12599.55699718182
Score Improvement: 0.02962903814631801

Step Number: 5
Time Spent: 20.699157345 seconds
New Tree:
Tree: (((0,1),2),(((((3,4),((5,6),7)),(8,(9,(10,11)))),(((24,(29,30)),((25,26),(27,28))),(((12,(22,23)),(20,21)),(((16,(17,18)),19),(15,(13,14)))))),(((31,32),33),(34,(35,36)))));
Tree Score: 12705.064197325715
Score Improvement: 0.00837388172992859

Step Number: 6
Time Spent: 20.768739098 seconds
New Tree:
Tree: (((0,1),2),(((((3,4),((5,6),7)),((10,11),(9,8))),(((24,(29,30)),((25,26),(27,28))),(((12,(22,23)),(20,21)),(((16,(17,18)),19),(15,(13,14)))))),(((31,32),33),(34,(35,36)))));
Tree Score: 12798.452046917388
Score Improvement: 0.00735044295260856

Step Number: 7
Time Spent: 20.84728051 seconds
New Tree:
Tree: (((0,1),2),(((((3,4),((5,6),7)),((10,11),(9,8))),(((24,(29,30)),((25,26),(27,28))),(((16,(17,18)),19),(((12,(22,23)),(20,21)),(15,(13,14)))))),(((31,32),33),(34,(35,36)))));
Tree Score: 12836.929322493801
Score Improvement: 0.0030064007299759332

Step Number: 8
Time Spent: 20.810987417 seconds
New Tree:
Tree: (((0,1),2),(((((3,4),((5,6),7)),((10,11),(9,8))),(((24,(29,30)),((25,26),(27,28))),(((16,19),(17,18)),(((12,(22,23)),(20,21)),(15,(13,14)))))),(((31,32),33),(34,(35,36)))));
Tree Score: 12864.633521988631
Score Improvement: 0.0021581640592416296

Step Number: 9
Time Spent: 20.759675794 seconds
New Tree:
Tree: (((0,1),2),(((((3,4),((5,6),7)),((10,11),(9,8))),(((30,(29,24)),((25,26),(27,28))),(((16,19),(17,18)),(((12,(22,23)),(20,21)),(15,(13,14)))))),(((31,32),33),(34,(35,36)))));
Tree Score: 12880.295371908338
Score Improvement: 0.0012174345964024447

Step Number: 10
Time Spent: 20.753554486 seconds
New Tree:
Tree: (((0,1),2),(((((3,4),((5,6),7)),((10,11),(9,8))),(((30,(29,24)),((25,26),(27,28))),(((16,19),(17,18)),(((12,(22,23)),(20,21)),(13,(15,14)))))),(((31,32),33),(34,(35,36)))));
Tree Score: 12891.282847407849
Score Improvement: 8.530453054262921E-4

Step Number: 11
Time Spent: 20.757060937 seconds
New Tree:
Tree: (((0,1),2),(((((3,4),((5,6),7)),((10,11),(9,8))),(((30,(29,24)),((25,26),(27,28))),(((16,19),(17,18)),(((12,(22,23)),(20,21)),(13,(15,14)))))),(((31,32),33),(36,(35,34)))));
Tree Score: 12892.196797984296
Score Improvement: 7.089679027805218E-5

Step Number: 12
Time Spent: 20.766965269 seconds
New Tree:
Tree: (((0,1),2),(((((3,4),((5,6),7)),((10,11),(9,8))),(((30,(29,24)),((25,26),(27,28))),(((16,19),(17,18)),(((12,(22,23)),(20,21)),(13,(15,14)))))),(((31,33),32),(36,(35,34)))));
Tree Score: 12892.331497980857
Score Improvement: 1.0448180296274145E-5

Step Number: 13
Time Spent: 20.822416943 seconds
New Tree:
Tree: (((0,1),2),(((((3,4),((5,6),7)),((10,11),(9,8))),(((30,(29,24)),((25,26),(27,28))),(((16,19),(17,18)),(((12,(22,23)),(20,21)),(13,(15,14)))))),(((31,33),32),(36,(35,34)))));
Tree Score: 12892.331497980857
Score Improvement: 0.0

TOTAL STEPS: 13
TOTAL TIME: 269.662296099 seconds
Final tree: Tree: (((0,1),2),(((((3,4),((5,6),7)),((10,11),(9,8))),(((30,(29,24)),((25,26),(27,28))),(((16,19),(17,18)),(((12,(22,23)),(20,21)),(13,(15,14)))))),(((31,33),32),(36,(35,34)))));
Tree Score: 12892.331497980857
Total Score Improvement: 0.24337586320232618

--------------ITERATION 9--------------
Input tree: (((0,1),(2,3)),((((4,(5,(6,(7,8)))),((((((9,10),11),((12,13),(14,15))),(16,17)),18),((19,20),((21,22),23)))),((((24,(25,(26,27))),28),((29,30),((31,32),33))),(34,35))),36));
Initial Score: 8547.301798743305

Step Number: 1
Time Spent: 21.982488486 seconds
New Tree:
Tree: (((0,1),(2,3)),(((34,35),((((24,(25,(26,27))),28),((29,30),((31,32),33))),((4,(5,(6,(7,8)))),((((((9,10),11),((12,13),(14,15))),(16,17)),18),((19,20),((21,22),23)))))),36));
Tree Score: 10448.527249169645
Score Improvement: 0.22243574582868653

Step Number: 2
Time Spent: 21.575613771 seconds
New Tree:
Tree: (((0,1),(2,3)),(((34,35),((((24,(25,(26,27))),28),((29,30),((31,32),33))),((4,(5,(6,(7,8)))),(((18,(16,17)),(((9,10),11),((12,13),(14,15)))),((19,20),((21,22),23)))))),36));
Tree Score: 11313.20674981469
Score Improvement: 0.08275611289751494

Step Number: 3
Time Spent: 21.125532793 seconds
New Tree:
Tree: (((0,1),(2,3)),(((34,35),((4,(5,(6,(7,8)))),((((24,(25,(26,27))),28),((29,30),((31,32),33))),(((18,(16,17)),(((9,10),11),((12,13),(14,15)))),((19,20),((21,22),23)))))),36));
Tree Score: 12129.378150416607
Score Improvement: 0.07214324096174463

Step Number: 4
Time Spent: 21.190740876 seconds
New Tree:
Tree: (((0,1),(2,3)),(((34,35),((4,(5,(6,(7,8)))),(((18,(16,17)),(((9,10),11),((12,13),(14,15)))),((((24,(25,(26,27))),28),((29,30),((31,32),33))),((19,20),((21,22),23)))))),36));
Tree Score: 12861.049827112362
Score Improvement: 0.060322274367430984

Step Number: 5
Time Spent: 21.159052699 seconds
New Tree:
Tree: (((0,1),(2,3)),(((34,35),((4,(5,(6,(7,8)))),((((12,13),(14,15)),(((9,10),11),(18,(16,17)))),((((24,(25,(26,27))),28),((29,30),((31,32),33))),((19,20),((21,22),23)))))),36));
Tree Score: 13571.265901167002
Score Improvement: 0.05522224729721792

Step Number: 6
Time Spent: 21.19232767 seconds
New Tree:
Tree: (((0,1),(2,3)),((((((12,13),(14,15)),(((9,10),11),(18,(16,17)))),((((24,(25,(26,27))),28),((29,30),((31,32),33))),((19,20),((21,22),23)))),((4,(5,(6,(7,8)))),(34,35))),36));
Tree Score: 13751.184649732835
Score Improvement: 0.013257329852358168

Step Number: 7
Time Spent: 21.690752365 seconds
New Tree:
Tree: ((36,(2,3)),((((((12,13),(14,15)),(((9,10),11),(18,(16,17)))),((((24,(25,(26,27))),28),((29,30),((31,32),33))),((19,20),((21,22),23)))),((4,(5,(6,(7,8)))),(34,35))),(0,1)));
Tree Score: 13966.443650613246
Score Improvement: 0.015653851385421858

Step Number: 8
Time Spent: 21.688171241 seconds
New Tree:
Tree: ((36,(2,3)),((((((12,13),(14,15)),(((9,10),11),(18,(16,17)))),((((24,28),(25,(26,27))),((29,30),((31,32),33))),((19,20),((21,22),23)))),((4,(5,(6,(7,8)))),(34,35))),(0,1)));
Tree Score: 14129.423025494614
Score Improvement: 0.011669353985773734

Step Number: 9
Time Spent: 21.609476317 seconds
New Tree:
Tree: ((36,(2,3)),((((((12,13),(14,15)),(((9,10),11),(18,(16,17)))),((((19,20),((21,22),23)),((29,30),((31,32),33))),((24,28),(25,(26,27))))),((4,(5,(6,(7,8)))),(34,35))),(0,1)));
Tree Score: 14234.063699475124
Score Improvement: 0.00740587027451145

Step Number: 10
Time Spent: 21.589985152 seconds
New Tree:
Tree: ((36,(2,3)),((((((12,13),(14,15)),(((9,10),11),(18,(16,17)))),((((19,20),((21,22),23)),((29,30),((31,32),33))),((24,28),(25,(26,27))))),(((6,(7,8)),(5,4)),(34,35))),(0,1)));
Tree Score: 14337.931524275902
Score Improvement: 0.007297130811955599

Step Number: 11
Time Spent: 21.6691089 seconds
New Tree:
Tree: ((36,(2,3)),((((((12,13),(14,15)),(((9,10),11),(18,(16,17)))),((((19,20),((21,22),23)),((29,30),((31,32),33))),((24,28),(25,(26,27))))),(((34,35),(5,4)),(6,(7,8)))),(0,1)));
Tree Score: 14426.852549164307
Score Improvement: 0.00620180287078731

Step Number: 12
Time Spent: 21.605163409 seconds
New Tree:
Tree: ((3,(2,36)),((((((12,13),(14,15)),(((9,10),11),(18,(16,17)))),((((19,20),((21,22),23)),((29,30),((31,32),33))),((24,28),(25,(26,27))))),(((34,35),(5,4)),(6,(7,8)))),(0,1)));
Tree Score: 14435.47672424976
Score Improvement: 5.977863193695754E-4

Step Number: 13
Time Spent: 21.614568515 seconds
New Tree:
Tree: ((3,(2,36)),((((((12,13),(14,15)),(((9,10),11),(18,(16,17)))),((((19,20),((21,23),22)),((29,30),((31,32),33))),((24,28),(25,(26,27))))),(((34,35),(5,4)),(6,(7,8)))),(0,1)));
Tree Score: 14443.482149345318
Score Improvement: 5.545660353640791E-4

Step Number: 14
Time Spent: 21.705065568 seconds
New Tree:
Tree: ((3,(2,36)),((((((12,13),(14,15)),(((9,10),11),(18,(16,17)))),((((19,20),((21,23),22)),((31,32),((29,30),33))),((24,28),(25,(26,27))))),(((34,35),(5,4)),(6,(7,8)))),(0,1)));
Tree Score: 14451.27549940672
Score Improvement: 5.395755663917257E-4

Step Number: 15
Time Spent: 21.675766521 seconds
New Tree:
Tree: ((3,(2,36)),((((((12,13),(14,15)),(((9,10),11),(18,(16,17)))),((((19,20),((21,23),22)),((31,32),((29,33),30))),((24,28),(25,(26,27))))),(((34,35),(5,4)),(6,(7,8)))),(0,1)));
Tree Score: 14465.243424416969
Score Improvement: 9.665530915123899E-4

Step Number: 16
Time Spent: 21.658650587 seconds
New Tree:
Tree: ((3,(2,36)),((((((12,13),(14,15)),(((9,10),11),(18,(16,17)))),((((19,20),((21,23),22)),((29,33),((31,32),30))),((24,28),(25,(26,27))))),(((34,35),(5,4)),(6,(7,8)))),(0,1)));
Tree Score: 14476.814974110091
Score Improvement: 7.99955407151387E-4

Step Number: 17
Time Spent: 21.733414355 seconds
New Tree:
Tree: ((3,(2,36)),((((((12,13),(14,15)),(((9,10),11),(18,(16,17)))),((((19,20),((21,23),22)),((29,33),((30,32),31))),((24,28),(25,(26,27))))),(((34,35),(5,4)),(6,(7,8)))),(0,1)));
Tree Score: 14480.517599079276
Score Improvement: 2.5576240186842014E-4

Step Number: 18
Time Spent: 21.763947008 seconds
New Tree:
Tree: ((3,(2,36)),((((((12,13),(14,15)),(((9,10),11),(18,(16,17)))),((((19,20),((21,23),22)),((29,33),((30,32),31))),((24,28),(27,(26,25))))),(((34,35),(5,4)),(6,(7,8)))),(0,1)));
Tree Score: 14483.7964990842
Score Improvement: 2.2643527639720773E-4

Step Number: 19
Time Spent: 21.887508042 seconds
New Tree:
Tree: ((3,(0,1)),((((((12,13),(14,15)),(((9,10),11),(18,(16,17)))),((((19,20),((21,23),22)),((29,33),((30,32),31))),((24,28),(27,(26,25))))),(((34,35),(5,4)),(6,(7,8)))),(2,36)));
Tree Score: 14486.30024853999
Score Improvement: 1.7286555054463193E-4

Step Number: 20
Time Spent: 21.850436987 seconds
New Tree:
Tree: ((3,(0,1)),((((((12,13),(14,15)),(((9,10),11),(18,(16,17)))),((((19,20),((21,23),22)),((30,32),((29,33),31))),((24,28),(27,(26,25))))),(((34,35),(5,4)),(6,(7,8)))),(2,36)));
Tree Score: 14487.622898598185
Score Improvement: 9.130350990260716E-5

Step Number: 21
Time Spent: 21.877512078 seconds
New Tree:
Tree: ((3,(0,1)),((((((12,13),(14,15)),(((9,10),11),(18,(16,17)))),((((19,20),((21,23),22)),((30,32),((29,33),31))),((26,25),(27,(24,28))))),(((34,35),(5,4)),(6,(7,8)))),(2,36)));
Tree Score: 14488.190848755634
Score Improvement: 3.920243931143652E-5

Step Number: 22
Time Spent: 21.921652397 seconds
New Tree:
Tree: ((3,(0,1)),((((((12,13),(14,15)),(((9,10),11),(18,(16,17)))),((((19,20),((21,23),22)),((30,32),((29,33),31))),((26,25),(27,(24,28))))),(((34,35),(5,4)),(6,(7,8)))),(2,36)));
Tree Score: 14488.190848755634
Score Improvement: 0.0

TOTAL STEPS: 22
TOTAL TIME: 475.766935737 seconds
Final tree: Tree: ((3,(0,1)),((((((12,13),(14,15)),(((9,10),11),(18,(16,17)))),((((19,20),((21,23),22)),((30,32),((29,33),31))),((26,25),(27,(24,28))))),(((34,35),(5,4)),(6,(7,8)))),(2,36)));
Tree Score: 14488.190848755634
Total Score Improvement: 0.6950601710221356

--------------ITERATION 10--------------
Input tree: (((((((0,(1,(2,3))),4),5),6),7),(((((8,9),((10,(11,12)),13)),14),(((15,16),(17,18)),(19,(20,21)))),(((22,23),((24,25),26)),(27,((28,29),((30,31),((32,33),34))))))),(35,36));
Initial Score: 10604.920050503832

Step Number: 1
Time Spent: 27.061342438 seconds
New Tree:
Tree: (((((((0,(1,(2,3))),4),5),6),7),(((((22,23),((24,25),26)),(27,((28,29),((30,31),((32,33),34))))),(((15,16),(17,18)),(19,(20,21)))),(((8,9),((10,(11,12)),13)),14))),(35,36));
Tree Score: 11259.604625103795
Score Improvement: 0.06173404150923889

Step Number: 2
Time Spent: 22.500208582 seconds
New Tree:
Tree: (((((((0,(1,(2,3))),4),5),6),7),(((((22,23),((24,25),26)),(27,((28,29),((30,31),((32,33),34))))),(((15,16),(17,18)),(19,(20,21)))),(((8,9),14),((10,(11,12)),13)))),(35,36));
Tree Score: 12016.373476373763
Score Improvement: 0.06721096134963012

Step Number: 3
Time Spent: 22.373041712 seconds
New Tree:
Tree: (((((((0,(1,(2,3))),4),5),6),7),(((((22,23),((24,25),26)),(((30,31),((32,33),34)),((28,29),27))),(((15,16),(17,18)),(19,(20,21)))),(((8,9),14),((10,(11,12)),13)))),(35,36));
Tree Score: 12300.45635115667
Score Improvement: 0.02364131535537428

Step Number: 4
Time Spent: 22.777301569 seconds
New Tree:
Tree: (((((((0,(1,(2,3))),4),5),6),7),(((((22,23),((24,25),26)),(((15,16),(17,18)),(19,(20,21)))),(((30,31),((32,33),34)),((28,29),27))),(((8,9),14),((10,(11,12)),13)))),(35,36));
Tree Score: 12521.114474070851
Score Improvement: 0.01793901922130159

Step Number: 5
Time Spent: 22.410103967 seconds
New Tree:
Tree: ((((7,6),(((0,(1,(2,3))),4),5)),(((((22,23),((24,25),26)),(((15,16),(17,18)),(19,(20,21)))),(((30,31),((32,33),34)),((28,29),27))),(((8,9),14),((10,(11,12)),13)))),(35,36));
Tree Score: 12735.281099388038
Score Improvement: 0.01710443792848393

Step Number: 6
Time Spent: 22.004529767 seconds
New Tree:
Tree: ((((7,6),((5,4),(0,(1,(2,3))))),(((((22,23),((24,25),26)),(((15,16),(17,18)),(19,(20,21)))),(((30,31),((32,33),34)),((28,29),27))),(((8,9),14),((10,(11,12)),13)))),(35,36));
Tree Score: 12943.592398950492
Score Improvement: 0.01635702407640327

Step Number: 7
Time Spent: 21.81526352 seconds
New Tree:
Tree: ((((((((22,23),((24,25),26)),(((15,16),(17,18)),(19,(20,21)))),(((30,31),((32,33),34)),((28,29),27))),(((8,9),14),((10,(11,12)),13))),((5,4),(0,(1,(2,3))))),(7,6)),(35,36));
Tree Score: 13109.20157372564
Score Improvement: 0.012794684015897895

Step Number: 8
Time Spent: 23.297676611 seconds
New Tree:
Tree: ((((5,4),((((((22,23),((24,25),26)),(((15,16),(17,18)),(19,(20,21)))),(((30,31),((32,33),34)),((28,29),27))),(((8,9),14),((10,(11,12)),13))),(0,(1,(2,3))))),(7,6)),(35,36));
Tree Score: 13278.17272334093
Score Improvement: 0.012889507317818127

Step Number: 9
Time Spent: 23.453175366 seconds
New Tree:
Tree: ((((5,4),((((((22,23),((24,25),26)),(((15,16),(17,18)),(19,(20,21)))),(((30,31),((32,33),34)),((28,29),27))),(((8,9),14),((10,(11,12)),13))),((2,3),(1,0)))),(7,6)),(35,36));
Tree Score: 13388.152648944535
Score Improvement: 0.008282760579720216

Step Number: 10
Time Spent: 23.512707238 seconds
New Tree:
Tree: ((((5,4),((((((24,25),((22,23),26)),(((15,16),(17,18)),(19,(20,21)))),(((30,31),((32,33),34)),((28,29),27))),(((8,9),14),((10,(11,12)),13))),((2,3),(1,0)))),(7,6)),(35,36));
Tree Score: 13472.520173901936
Score Improvement: 0.006301655438926579

Step Number: 11
Time Spent: 23.500782049 seconds
New Tree:
Tree: ((((5,4),((((((24,25),((22,23),26)),(((15,16),(19,(20,21))),(17,18))),(((30,31),((32,33),34)),((28,29),27))),(((8,9),14),((10,(11,12)),13))),((2,3),(1,0)))),(7,6)),(35,36));
Tree Score: 13534.472873230588
Score Improvement: 0.004598449178696562

Step Number: 12
Time Spent: 23.541504545 seconds
New Tree:
Tree: ((((5,4),((((((24,25),((22,23),26)),(((15,16),(19,(20,21))),(17,18))),(((30,31),((32,33),34)),((28,29),27))),(((8,9),14),((10,13),(11,12)))),((2,3),(1,0)))),(7,6)),(35,36));
Tree Score: 13586.014823169571
Score Improvement: 0.0038081978087913804

Step Number: 13
Time Spent: 23.634233586 seconds
New Tree:
Tree: ((((7,6),((((((24,25),((22,23),26)),(((15,16),(19,(20,21))),(17,18))),(((30,31),((32,33),34)),((28,29),27))),(((8,9),14),((10,13),(11,12)))),((2,3),(1,0)))),(5,4)),(35,36));
Tree Score: 13633.401398120397
Score Improvement: 0.0034878936588538245

Step Number: 14
Time Spent: 23.625042263 seconds
New Tree:
Tree: ((((7,6),((((((24,25),((22,23),26)),(((15,16),(19,(20,21))),(17,18))),(((32,33),((30,31),34)),((28,29),27))),(((8,9),14),((10,13),(11,12)))),((2,3),(1,0)))),(5,4)),(35,36));
Tree Score: 13675.432198429662
Score Improvement: 0.003082928396361817

Step Number: 15
Time Spent: 23.612500166 seconds
New Tree:
Tree: ((((7,6),((((((24,25),((22,23),26)),(((15,16),(21,(20,19))),(17,18))),(((32,33),((30,31),34)),((28,29),27))),(((8,9),14),((10,13),(11,12)))),((2,3),(1,0)))),(5,4)),(35,36));
Tree Score: 13696.208848459828
Score Improvement: 0.001519268256293227

Step Number: 16
Time Spent: 23.622549907 seconds
New Tree:
Tree: ((((7,6),((((((24,25),((22,26),23)),(((15,16),(21,(20,19))),(17,18))),(((32,33),((30,31),34)),((28,29),27))),(((8,9),14),((10,13),(11,12)))),((2,3),(1,0)))),(5,4)),(35,36));
Tree Score: 13710.175848679333
Score Improvement: 0.0010197712647377344

Step Number: 17
Time Spent: 23.63477304 seconds
New Tree:
Tree: ((((7,6),((((((24,25),((22,26),23)),(((15,16),(21,(20,19))),(17,18))),(((32,33),((30,31),34)),((28,29),27))),(((14,9),8),((10,13),(11,12)))),((2,3),(1,0)))),(5,4)),(35,36));
Tree Score: 13721.765173621192
Score Improvement: 8.453082637138731E-4

Step Number: 18
Time Spent: 23.627320625 seconds
New Tree:
Tree: ((((7,6),((((((24,25),((22,26),23)),(((15,16),(21,(20,19))),(17,18))),(((32,33),((30,31),34)),((28,29),27))),(((14,9),8),((10,13),(11,12)))),((2,3),(1,0)))),(5,4)),(35,36));
Tree Score: 13721.765173621192
Score Improvement: 0.0

TOTAL STEPS: 18
TOTAL TIME: 420.004056951 seconds
Final tree: Tree: ((((7,6),((((((24,25),((22,26),23)),(((15,16),(21,(20,19))),(17,18))),(((32,33),((30,31),34)),((28,29),27))),(((14,9),8),((10,13),(11,12)))),((2,3),(1,0)))),(5,4)),(35,36));
Tree Score: 13721.765173621192
Total Score Improvement: 0.2939055747967927

===========================================================
RESULTS FROM 10 ITERATION(S):
AVERAGE TIME PER RUN: 495.53386508 seconds
AVERAGE IMPROVEMENT: 0.4691809669506636
BEST Tree: ((((((36,35),34),((32,33),(20,21))),((16,17),(18,19))),(((23,24),((22,27),(25,26))),((28,29),(30,31)))),(((3,(2,4)),((5,1),0)),(((13,14),((11,15),12)),((10,(9,6)),(7,8)))));
Tree Score: 14798.925203492978
BEST'S IMPROVEMENT :0.6038045228176052
