--------------ITERATION 1--------------
Input tree: ((0,((1,2),(3,4))),(((((((5,6),7),(8,9)),((10,11),(12,13))),(14,15)),(16,17)),(((18,19),(20,(21,22))),(((((23,((24,25),26)),27),(28,29)),((30,31),32)),((33,(34,35)),36)))));
Initial Score: 10262.401474940663

Step Number: 1
Time Spent: 13.394804955 seconds
New Tree:
Tree: ((0,((1,2),(3,4))),(((((14,15),((10,11),(12,13))),(((5,6),7),(8,9))),(16,17)),(((18,19),(20,(21,22))),(((((23,((24,25),26)),27),(28,29)),((30,31),32)),((33,(34,35)),36)))));
Tree Score: 10670.18227554376
Score Improvement: 0.03973541686113524

Step Number: 2
Time Spent: 13.279436442 seconds
New Tree:
Tree: (((3,4),((1,2),0)),(((((14,15),((10,11),(12,13))),(((5,6),7),(8,9))),(16,17)),(((18,19),(20,(21,22))),(((((23,((24,25),26)),27),(28,29)),((30,31),32)),((33,(34,35)),36)))));
Tree Score: 10952.466950720947
Score Improvement: 0.026455468883993527

Step Number: 3
Time Spent: 12.560544886 seconds
New Tree:
Tree: (((3,4),((1,2),0)),(((((14,15),((10,11),(12,13))),(((5,6),7),(8,9))),(16,17)),(((18,19),(20,(21,22))),(((((28,29),27),(23,((24,25),26))),((30,31),32)),((33,(34,35)),36)))));
Tree Score: 11046.386026072738
Score Improvement: 0.008575152591134616

Step Number: 4
Time Spent: 12.495115196 seconds
New Tree:
Tree: (((3,4),((1,2),0)),(((((14,15),((10,11),(12,13))),(((5,6),7),(8,9))),(16,17)),(((18,19),(22,(21,20))),(((((28,29),27),(23,((24,25),26))),((30,31),32)),((33,(34,35)),36)))));
Tree Score: 11067.105826045808
Score Improvement: 0.0018757084827711878

Step Number: 5
Time Spent: 11.764485554 seconds
New Tree:
Tree: (((3,4),((1,2),0)),(((((14,15),((10,11),(12,13))),(((7,6),5),(8,9))),(16,17)),(((18,19),(22,(21,20))),(((((28,29),27),(23,((24,25),26))),((30,31),32)),((33,(34,35)),36)))));
Tree Score: 11082.577876086769
Score Improvement: 0.0013980213331428182

Step Number: 6
Time Spent: 11.033578083 seconds
New Tree:
Tree: (((3,4),((1,2),0)),(((((14,15),((10,11),(12,13))),(((7,6),5),(8,9))),(16,17)),(((18,19),(22,(21,20))),(((((28,27),29),(23,((24,25),26))),((30,31),32)),((33,(34,35)),36)))));
Tree Score: 11082.779201045123
Score Improvement: 1.8165896112476432E-5

Step Number: 7
Time Spent: 10.309155026 seconds
New Tree:
Tree: (((3,4),((1,2),0)),(((((14,15),((10,11),(12,13))),(((7,6),5),(8,9))),(16,17)),(((18,19),(22,(21,20))),(((((28,27),29),(23,((24,25),26))),((30,31),32)),((33,(34,35)),36)))));
Tree Score: 11082.779201045123
Score Improvement: 0.0

TOTAL STEPS: 7
TOTAL TIME: 84.837120142 seconds
Final tree: Tree: (((3,4),((1,2),0)),(((((14,15),((10,11),(12,13))),(((7,6),5),(8,9))),(16,17)),(((18,19),(22,(21,20))),(((((28,27),29),(23,((24,25),26))),((30,31),32)),((33,(34,35)),36)))));
Tree Score: 11082.779201045123
Total Score Improvement: 0.07994013176230785

--------------ITERATION 2--------------
Input tree: ((0,((1,((2,3),(4,(5,(6,7))))),(((8,9),10),(11,(12,13))))),(14,((15,16),(((17,18),(((19,20),21),(((22,(23,24)),25),(26,27)))),((((28,(29,30)),31),(32,(33,(34,35)))),36)))));
Initial Score: 8455.967674180181

Step Number: 1
Time Spent: 13.89282429 seconds
New Tree:
Tree: ((0,((1,((2,3),(4,(5,(6,7))))),(((8,9),10),(11,(12,13))))),((((17,18),(((19,20),21),(((22,(23,24)),25),(26,27)))),((((28,(29,30)),31),(32,(33,(34,35)))),36)),((15,16),14)));
Tree Score: 9711.546250486062
Score Improvement: 0.14848431601030354

Step Number: 2
Time Spent: 13.832822945 seconds
New Tree:
Tree: ((0,((1,((2,3),(4,(5,(6,7))))),(((8,9),10),(11,(12,13))))),((((((22,(23,24)),25),(26,27)),(((19,20),21),(17,18))),((((28,(29,30)),31),(32,(33,(34,35)))),36)),((15,16),14)));
Tree Score: 10810.522972384104
Score Improvement: 0.1131618687233289

Step Number: 3
Time Spent: 13.90450776 seconds
New Tree:
Tree: ((0,(((4,(5,(6,7))),((2,3),1)),(((8,9),10),(11,(12,13))))),((((((22,(23,24)),25),(26,27)),(((19,20),21),(17,18))),((((28,(29,30)),31),(32,(33,(34,35)))),36)),((15,16),14)));
Tree Score: 11168.858897406826
Score Improvement: 0.03314695560410019

Step Number: 4
Time Spent: 13.941448071 seconds
New Tree:
Tree: ((0,(((4,(5,(6,7))),((2,3),1)),(((8,9),10),(11,(12,13))))),((((((22,(23,24)),25),(26,27)),(((19,20),21),(17,18))),((36,(32,(33,(34,35)))),((28,(29,30)),31))),((15,16),14)));
Tree Score: 11287.99814849165
Score Improvement: 0.010667092509556664

Step Number: 5
Time Spent: 13.853376257 seconds
New Tree:
Tree: ((0,(((4,(5,(6,7))),((2,3),1)),(((8,9),10),(11,(12,13))))),((((((22,(23,24)),25),(26,27)),(((19,20),21),(17,18))),((36,((34,35),(33,32))),((28,(29,30)),31))),((15,16),14)));
Tree Score: 11360.33214807049
Score Improvement: 0.006408044954233638

Step Number: 6
Time Spent: 13.146489509 seconds
New Tree:
Tree: ((0,((((6,7),(5,4)),((2,3),1)),(((8,9),10),(11,(12,13))))),((((((22,(23,24)),25),(26,27)),(((19,20),21),(17,18))),((36,((34,35),(33,32))),((28,(29,30)),31))),((15,16),14)));
Tree Score: 11405.869947879037
Score Improvement: 0.004008491936239755

Step Number: 7
Time Spent: 12.438819559 seconds
New Tree:
Tree: ((0,((((6,7),(5,4)),((2,3),1)),(((8,9),10),(11,(12,13))))),((((((22,(23,24)),25),(26,27)),(((19,20),21),(17,18))),((36,((34,35),(33,32))),((28,(29,30)),31))),((15,16),14)));
Tree Score: 11405.869947879037
Score Improvement: 0.0

TOTAL STEPS: 7
TOTAL TIME: 95.010288391 seconds
Final tree: Tree: ((0,((((6,7),(5,4)),((2,3),1)),(((8,9),10),(11,(12,13))))),((((((22,(23,24)),25),(26,27)),(((19,20),21),(17,18))),((36,((34,35),(33,32))),((28,(29,30)),31))),((15,16),14)));
Tree Score: 11405.869947879037
Total Score Improvement: 0.3488544880210711

--------------ITERATION 3--------------
Input tree: (((0,1),2),(((((3,(4,(5,6))),((7,8),(9,(10,11)))),12),((13,14),15)),(((16,17),(((((18,(19,20)),(21,(22,23))),((24,25),26)),27),((28,(29,30)),(((31,32),33),34)))),(35,36))));
Initial Score: 7877.857676545253

Step Number: 1
Time Spent: 15.094986312 seconds
New Tree:
Tree: (((0,1),2),((35,36),(((16,17),(((((18,(19,20)),(21,(22,23))),((24,25),26)),27),((28,(29,30)),(((31,32),33),34)))),((((3,(4,(5,6))),((7,8),(9,(10,11)))),12),((13,14),15)))));
Tree Score: 9111.871450137907
Score Improvement: 0.15664331906714746

Step Number: 2
Time Spent: 15.114627007 seconds
New Tree:
Tree: (((0,1),2),((35,36),(((16,17),(((27,((24,25),26)),((18,(19,20)),(21,(22,23)))),((28,(29,30)),(((31,32),33),34)))),((((3,(4,(5,6))),((7,8),(9,(10,11)))),12),((13,14),15)))));
Tree Score: 9775.687649130112
Score Improvement: 0.07285179588240975

Step Number: 3
Time Spent: 14.952140352 seconds
New Tree:
Tree: (((0,1),2),((35,36),(((16,17),(((27,((24,25),26)),((28,(29,30)),(((31,32),33),34))),((18,(19,20)),(21,(22,23))))),((((3,(4,(5,6))),((7,8),(9,(10,11)))),12),((13,14),15)))));
Tree Score: 10557.061600685538
Score Improvement: 0.07993033120539161

Step Number: 4
Time Spent: 14.995541683 seconds
New Tree:
Tree: (((0,1),2),((35,36),((((27,((24,25),26)),((28,(29,30)),(((31,32),33),34))),((16,17),((18,(19,20)),(21,(22,23))))),((((3,(4,(5,6))),((7,8),(9,(10,11)))),12),((13,14),15)))));
Tree Score: 12509.288151124309
Score Improvement: 0.18492139425538645

Step Number: 5
Time Spent: 14.965555466 seconds
New Tree:
Tree: (((0,1),2),((35,36),((((27,((24,25),26)),((28,(29,30)),(((31,32),33),34))),((21,(22,23)),((18,(19,20)),(16,17)))),((((3,(4,(5,6))),((7,8),(9,(10,11)))),12),((13,14),15)))));
Tree Score: 13333.89344891616
Score Improvement: 0.0659194422440208

Step Number: 6
Time Spent: 14.184947891 seconds
New Tree:
Tree: (((0,1),2),((35,36),((((27,((24,25),26)),((28,(29,30)),(((31,32),33),34))),((21,(22,23)),((18,(19,20)),(16,17)))),((((13,14),15),12),((3,(4,(5,6))),((7,8),(9,(10,11))))))));
Tree Score: 13553.612147827529
Score Improvement: 0.016478210190679743

Step Number: 7
Time Spent: 13.252679548 seconds
New Tree:
Tree: (((0,1),2),((35,36),(((((24,25),(27,26)),((28,(29,30)),(((31,32),33),34))),((21,(22,23)),((18,(19,20)),(16,17)))),((((13,14),15),12),((3,(4,(5,6))),((7,8),(9,(10,11))))))));
Tree Score: 13659.744097535395
Score Improvement: 0.007830528758702604

Step Number: 8
Time Spent: 12.507931561 seconds
New Tree:
Tree: (((0,1),2),((35,36),(((((24,25),(27,26)),((28,(29,30)),(((31,32),33),34))),((21,(22,23)),((18,(19,20)),(16,17)))),((((13,14),15),12),(((5,6),(4,3)),((7,8),(9,(10,11))))))));
Tree Score: 13714.23422178185
Score Improvement: 0.003989102860007865

Step Number: 9
Time Spent: 11.818745736 seconds
New Tree:
Tree: (((0,1),2),((35,36),(((((24,25),(27,26)),((28,(29,30)),(((31,32),33),34))),((21,(22,23)),((20,(19,18)),(16,17)))),((((13,14),15),12),(((5,6),(4,3)),((7,8),(9,(10,11))))))));
Tree Score: 13733.72889701581
Score Improvement: 0.0014214920730315495

Step Number: 10
Time Spent: 11.085925732 seconds
New Tree:
Tree: (((0,1),2),((35,36),(((((24,25),(27,26)),(34,(((31,32),33),(28,(29,30))))),((21,(22,23)),((20,(19,18)),(16,17)))),((((13,14),15),12),(((5,6),(4,3)),((7,8),(9,(10,11))))))));
Tree Score: 13751.381121903438
Score Improvement: 0.0012853191598578562

Step Number: 11
Time Spent: 10.333995266 seconds
New Tree:
Tree: (((0,1),2),((35,36),(((((24,25),(27,26)),(34,(((31,32),33),(28,(29,30))))),((21,(22,23)),((20,(19,18)),(16,17)))),((((15,14),13),12),(((5,6),(4,3)),((7,8),(9,(10,11))))))));
Tree Score: 13764.3073723463
Score Improvement: 9.399965231327023E-4

Step Number: 12
Time Spent: 9.609811206 seconds
New Tree:
Tree: (((0,1),2),((35,36),(((((24,25),(27,26)),(34,(((31,32),33),(28,(29,30))))),((21,(22,23)),((20,(19,18)),(16,17)))),((((15,14),13),12),(((5,6),(4,3)),((7,8),(10,(9,11))))))));
Tree Score: 13768.636747330207
Score Improvement: 3.145363487453423E-4

Step Number: 13
Time Spent: 8.876495817 seconds
New Tree:
Tree: (((0,1),2),((35,36),(((((24,25),(27,26)),(34,(((31,32),33),(28,(29,30))))),((21,(22,23)),((20,(19,18)),(16,17)))),((((15,14),13),12),(((5,6),(4,3)),((7,8),(10,(9,11))))))));
Tree Score: 13768.636747330207
Score Improvement: 0.0

TOTAL STEPS: 13
TOTAL TIME: 166.793383577 seconds
Final tree: Tree: (((0,1),2),((35,36),(((((24,25),(27,26)),(34,(((31,32),33),(28,(29,30))))),((21,(22,23)),((20,(19,18)),(16,17)))),((((15,14),13),12),(((5,6),(4,3)),((7,8),(10,(9,11))))))));
Tree Score: 13768.636747330207
Total Score Improvement: 0.7477640892553279

--------------ITERATION 4--------------
Input tree: (((0,(1,((((2,3),4),((5,6),7)),((8,9),10)))),((11,12),(13,14))),((((((((15,16),(17,18)),19),20),((21,22),23)),24),25),((((26,27),((28,(29,30)),31)),32),((33,34),(35,36)))));
Initial Score: 8734.813424717093

Step Number: 1
Time Spent: 14.181926836 seconds
New Tree:
Tree: (((0,(1,((((2,3),4),((5,6),7)),((8,9),10)))),((11,12),(13,14))),(((25,24),(((((15,16),(17,18)),19),20),((21,22),23))),((((26,27),((28,(29,30)),31)),32),((33,34),(35,36)))));
Tree Score: 9532.791799740435
Score Improvement: 0.09135608698467279

Step Number: 2
Time Spent: 13.190263232 seconds
New Tree:
Tree: (((0,(1,((((2,3),4),((5,6),7)),((8,9),10)))),((11,12),(13,14))),(((25,24),((((26,27),((28,(29,30)),31)),32),((33,34),(35,36)))),(((((15,16),(17,18)),19),20),((21,22),23))));
Tree Score: 10470.88185035376
Score Improvement: 0.09840664417310241

Step Number: 3
Time Spent: 12.470547616 seconds
New Tree:
Tree: (((((((2,3),4),((5,6),7)),((8,9),10)),(1,0)),((11,12),(13,14))),(((25,24),((((26,27),((28,(29,30)),31)),32),((33,34),(35,36)))),(((((15,16),(17,18)),19),20),((21,22),23))));
Tree Score: 10959.677476249022
Score Improvement: 0.04668141928072167

Step Number: 4
Time Spent: 11.845841151 seconds
New Tree:
Tree: (((((((2,3),4),((5,6),7)),((8,9),10)),(1,0)),((11,12),(13,14))),((((33,34),(35,36)),((((26,27),((28,(29,30)),31)),32),(25,24))),(((((15,16),(17,18)),19),20),((21,22),23))));
Tree Score: 11277.736149547009
Score Improvement: 0.029020805948647643

Step Number: 5
Time Spent: 12.628668493 seconds
New Tree:
Tree: (((((((2,3),4),((5,6),7)),((8,9),10)),(1,0)),((11,12),(13,14))),(((((((15,16),(17,18)),19),20),((21,22),23)),((((26,27),((28,(29,30)),31)),32),(25,24))),((33,34),(35,36))));
Tree Score: 11412.586654453042
Score Improvement: 0.011957231763348952

Step Number: 6
Time Spent: 12.716838643 seconds
New Tree:
Tree: (((((((2,3),4),((5,6),7)),((8,9),10)),(1,0)),((11,12),(13,14))),(((((20,19),((15,16),(17,18))),((21,22),23)),((((26,27),((28,(29,30)),31)),32),(25,24))),((33,34),(35,36))));
Tree Score: 11523.224504432608
Score Improvement: 0.00969437107725235

Step Number: 7
Time Spent: 11.919538302 seconds
New Tree:
Tree: (((((((8,9),10),((5,6),7)),((2,3),4)),(1,0)),((11,12),(13,14))),(((((20,19),((15,16),(17,18))),((21,22),23)),((((26,27),((28,(29,30)),31)),32),(25,24))),((33,34),(35,36))));
Tree Score: 11536.602806568462
Score Improvement: 0.0011609859836287928

Step Number: 8
Time Spent: 11.902626863 seconds
New Tree:
Tree: (((((1,0),((2,3),4)),(((8,9),10),((5,6),7))),((11,12),(13,14))),(((((20,19),((15,16),(17,18))),((21,22),23)),((((26,27),((28,(29,30)),31)),32),(25,24))),((33,34),(35,36))));
Tree Score: 11882.181032096818
Score Improvement: 0.02995493832305618

Step Number: 9
Time Spent: 11.777878947 seconds
New Tree:
Tree: (((((11,12),(13,14)),(((8,9),10),((5,6),7))),((1,0),((2,3),4))),(((((20,19),((15,16),(17,18))),((21,22),23)),((((26,27),((28,(29,30)),31)),32),(25,24))),((33,34),(35,36))));
Tree Score: 12262.234930035393
Score Improvement: 0.031985196733827825

Step Number: 10
Time Spent: 12.469796684 seconds
New Tree:
Tree: ((((33,34),(35,36)),((1,0),((2,3),4))),(((((20,19),((15,16),(17,18))),((21,22),23)),((((26,27),((28,(29,30)),31)),32),(25,24))),(((11,12),(13,14)),(((8,9),10),((5,6),7)))));
Tree Score: 14578.132052897909
Score Improvement: 0.1888641945025784

Step Number: 11
Time Spent: 11.64169899 seconds
New Tree:
Tree: ((((33,34),(35,36)),((1,0),((2,3),4))),(((((20,19),((15,16),(17,18))),((21,22),23)),((((26,27),((28,(29,30)),31)),32),(25,24))),(((11,12),(13,14)),(((8,9),10),((7,6),5)))));
Tree Score: 14582.850677951672
Score Improvement: 3.236783036839608E-4

Step Number: 12
Time Spent: 10.914074199 seconds
New Tree:
Tree: ((((33,34),(35,36)),((1,0),((2,3),4))),(((((20,19),((15,16),(17,18))),((21,22),23)),((((26,27),((28,(29,30)),31)),32),(25,24))),(((11,12),(13,14)),(((8,9),10),((7,6),5)))));
Tree Score: 14582.850677951672
Score Improvement: 0.0

TOTAL STEPS: 12
TOTAL TIME: 147.659699956 seconds
Final tree: Tree: ((((33,34),(35,36)),((1,0),((2,3),4))),(((((20,19),((15,16),(17,18))),((21,22),23)),((((26,27),((28,(29,30)),31)),32),(25,24))),(((11,12),(13,14)),(((8,9),10),((7,6),5)))));
Tree Score: 14582.850677951672
Total Score Improvement: 0.6695091204451213

--------------ITERATION 5--------------
Input tree: ((0,((1,2),(3,(4,5)))),((((((6,7),((8,9),10)),(11,12)),((13,14),(15,16))),((((17,18),(19,20)),((21,(22,(23,24))),25)),((26,27),28))),(((29,((30,31),32)),33),(34,(35,36)))));
Initial Score: 13439.110997190233

Step Number: 1
Time Spent: 14.614809677 seconds
New Tree:
Tree: (((3,(4,5)),((1,2),0)),((((((6,7),((8,9),10)),(11,12)),((13,14),(15,16))),((((17,18),(19,20)),((21,(22,(23,24))),25)),((26,27),28))),(((29,((30,31),32)),33),(34,(35,36)))));
Tree Score: 13906.903023069259
Score Improvement: 0.034808256734900844

Step Number: 2
Time Spent: 13.920086766 seconds
New Tree:
Tree: (((3,(4,5)),((1,2),0)),((((((6,7),((8,9),10)),(11,12)),((13,14),(15,16))),((((17,18),(19,20)),(((23,24),(22,21)),25)),((26,27),28))),(((29,((30,31),32)),33),(34,(35,36)))));
Tree Score: 13927.500898151193
Score Improvement: 0.0014811259593718873

Step Number: 3
Time Spent: 13.928617738 seconds
New Tree:
Tree: (((5,(4,3)),((1,2),0)),((((((6,7),((8,9),10)),(11,12)),((13,14),(15,16))),((((17,18),(19,20)),(((23,24),(22,21)),25)),((26,27),28))),(((29,((30,31),32)),33),(34,(35,36)))));
Tree Score: 13936.83609785745
Score Improvement: 6.70270982175758E-4

Step Number: 4
Time Spent: 13.204969082 seconds
New Tree:
Tree: (((5,(4,3)),((1,2),0)),((((((6,7),((8,9),10)),(11,12)),((13,14),(15,16))),((((17,18),(19,20)),(((23,24),(22,21)),25)),((26,27),28))),(((29,((30,31),32)),33),(34,(35,36)))));
Tree Score: 13936.83609785745
Score Improvement: 0.0

TOTAL STEPS: 4
TOTAL TIME: 55.668483263 seconds
Final tree: Tree: (((5,(4,3)),((1,2),0)),((((((6,7),((8,9),10)),(11,12)),((13,14),(15,16))),((((17,18),(19,20)),(((23,24),(22,21)),25)),((26,27),28))),(((29,((30,31),32)),33),(34,(35,36)))));
Tree Score: 13936.83609785745
Total Score Improvement: 0.03703556736537683

--------------ITERATION 6--------------
Input tree: (((0,1),(((((2,3),4),5),6),(7,(8,9)))),((((10,11),(((12,13),(14,15)),((16,17),(18,19)))),20),((((21,22),(23,24)),((25,26),(27,28))),(((29,30),31),((32,(33,34)),(35,36))))));
Initial Score: 10282.039950370014

Step Number: 1
Time Spent: 12.305212485 seconds
New Tree:
Tree: (((7,(8,9)),(((((2,3),4),5),6),(0,1))),((((10,11),(((12,13),(14,15)),((16,17),(18,19)))),20),((((21,22),(23,24)),((25,26),(27,28))),(((29,30),31),((32,(33,34)),(35,36))))));
Tree Score: 10434.220375596702
Score Improvement: 0.014800606296147656

Step Number: 2
Time Spent: 12.384982686 seconds
New Tree:
Tree: ((((((21,22),(23,24)),((25,26),(27,28))),(((29,30),31),((32,(33,34)),(35,36)))),(((((2,3),4),5),6),(0,1))),((((10,11),(((12,13),(14,15)),((16,17),(18,19)))),20),(7,(8,9))));
Tree Score: 11209.710699272266
Score Improvement: 0.07432182719556701

Step Number: 3
Time Spent: 11.861024157 seconds
New Tree:
Tree: ((((((21,22),(23,24)),((25,26),(27,28))),(((29,30),31),((32,(33,34)),(35,36)))),(((((2,3),4),5),6),(0,1))),(((((16,17),(18,19)),(((12,13),(14,15)),(10,11))),20),(7,(8,9))));
Tree Score: 11324.914425461331
Score Improvement: 0.010277136429269751

Step Number: 4
Time Spent: 12.610443759 seconds
New Tree:
Tree: ((((((21,22),(23,24)),((25,26),(27,28))),(((29,30),31),((32,(33,34)),(35,36)))),(((((2,3),4),5),6),(0,1))),(((((16,17),(18,19)),20),(((12,13),(14,15)),(10,11))),(7,(8,9))));
Tree Score: 11611.74775047554
Score Improvement: 0.025327637299345396

Step Number: 5
Time Spent: 12.542342151 seconds
New Tree:
Tree: ((((((21,22),(23,24)),((25,26),(27,28))),(((29,30),31),((32,(33,34)),(35,36)))),(((((2,3),4),5),6),(0,1))),(((7,(8,9)),(((12,13),(14,15)),(10,11))),(((16,17),(18,19)),20)));
Tree Score: 11749.464423695
Score Improvement: 0.01186011582225599

Step Number: 6
Time Spent: 13.217410539 seconds
New Tree:
Tree: ((((((21,22),(23,24)),((25,26),(27,28))),(((29,30),31),((32,(33,34)),(35,36)))),(((16,17),(18,19)),20)),(((7,(8,9)),(((12,13),(14,15)),(10,11))),(((((2,3),4),5),6),(0,1))));
Tree Score: 12115.740576930231
Score Improvement: 0.03117385950772067

Step Number: 7
Time Spent: 12.034878388 seconds
New Tree:
Tree: ((((((21,22),(23,24)),((25,26),(27,28))),(((16,17),(18,19)),20)),(((29,30),31),((32,(33,34)),(35,36)))),(((7,(8,9)),(((12,13),(14,15)),(10,11))),(((((2,3),4),5),6),(0,1))));
Tree Score: 13054.145426229927
Score Improvement: 0.07745336270128855

Step Number: 8
Time Spent: 10.538743998 seconds
New Tree:
Tree: ((((((21,22),(23,24)),((25,26),(27,28))),((20,(18,19)),(16,17))),(((29,30),31),((32,(33,34)),(35,36)))),(((7,(8,9)),(((12,13),(14,15)),(10,11))),(((((2,3),4),5),6),(0,1))));
Tree Score: 13102.96122653224
Score Improvement: 0.0037394864779296544

Step Number: 9
Time Spent: 9.946154466 seconds
New Tree:
Tree: ((((((21,22),(23,24)),((25,26),(27,28))),((20,(18,19)),(16,17))),(((29,30),31),((32,(33,34)),(35,36)))),(((7,(8,9)),(((12,13),(14,15)),(10,11))),((((5,4),(2,3)),6),(0,1))));
Tree Score: 13133.378150990236
Score Improvement: 0.002321377887954501

Step Number: 10
Time Spent: 9.344182665 seconds
New Tree:
Tree: ((((((21,22),(23,24)),((25,26),(27,28))),((20,(18,19)),(16,17))),(((29,30),31),((32,(33,34)),(35,36)))),(((7,(8,9)),(((12,13),(14,15)),(10,11))),((((5,4),(2,3)),6),(0,1))));
Tree Score: 13133.378150990236
Score Improvement: 0.0

TOTAL STEPS: 10
TOTAL TIME: 116.785375294 seconds
Final tree: Tree: ((((((21,22),(23,24)),((25,26),(27,28))),((20,(18,19)),(16,17))),(((29,30),31),((32,(33,34)),(35,36)))),(((7,(8,9)),(((12,13),(14,15)),(10,11))),((((5,4),(2,3)),6),(0,1))));
Tree Score: 13133.378150990236
Total Score Improvement: 0.2773124996968732

--------------ITERATION 7--------------
Input tree: (((((0,1),((2,3),4)),((((5,6),(((7,8),9),(10,11))),((((12,(13,14)),(15,16)),17),(((18,19),20),(21,22)))),23)),((24,((25,(26,27)),28)),(29,30))),(((31,(32,33)),34),(35,36)));
Initial Score: 8857.758401043417

Step Number: 1
Time Spent: 10.256196406 seconds
New Tree:
Tree: (((((0,1),((2,3),4)),(((((18,19),20),(21,22)),((((12,(13,14)),(15,16)),17),((5,6),(((7,8),9),(10,11))))),23)),((24,((25,(26,27)),28)),(29,30))),(((31,(32,33)),34),(35,36)));
Tree Score: 10265.360725482931
Score Improvement: 0.15891179920573406

Step Number: 2
Time Spent: 12.539738468 seconds
New Tree:
Tree: (((((0,1),((2,3),4)),(((((18,19),20),(21,22)),23),((((12,(13,14)),(15,16)),17),((5,6),(((7,8),9),(10,11)))))),((24,((25,(26,27)),28)),(29,30))),(((31,(32,33)),34),(35,36)));
Tree Score: 11264.52887577436
Score Improvement: 0.09733395416013724

Step Number: 3
Time Spent: 12.67446908 seconds
New Tree:
Tree: (((((((18,19),20),(21,22)),23),(((0,1),((2,3),4)),((((12,(13,14)),(15,16)),17),((5,6),(((7,8),9),(10,11)))))),((24,((25,(26,27)),28)),(29,30))),(((31,(32,33)),34),(35,36)));
Tree Score: 11811.139475206113
Score Improvement: 0.048524941030361424

Step Number: 4
Time Spent: 11.925382411 seconds
New Tree:
Tree: (((((((18,19),20),23),(21,22)),(((0,1),((2,3),4)),((((12,(13,14)),(15,16)),17),((5,6),(((7,8),9),(10,11)))))),((24,((25,(26,27)),28)),(29,30))),(((31,(32,33)),34),(35,36)));
Tree Score: 12303.666600880646
Score Improvement: 0.04170022094044712

Step Number: 5
Time Spent: 11.159083288 seconds
New Tree:
Tree: (((((((18,19),20),23),(21,22)),((24,((25,(26,27)),28)),(29,30))),(((0,1),((2,3),4)),((((12,(13,14)),(15,16)),17),((5,6),(((7,8),9),(10,11)))))),(((31,(32,33)),34),(35,36)));
Tree Score: 12435.263799596327
Score Improvement: 0.01069577086120499

Step Number: 6
Time Spent: 10.326444236 seconds
New Tree:
Tree: (((((((18,19),20),23),(21,22)),((24,((25,(26,27)),28)),(29,30))),(((0,1),((2,3),4)),(((((15,16),(13,14)),12),17),((5,6),(((7,8),9),(10,11)))))),(((31,(32,33)),34),(35,36)));
Tree Score: 12438.453898917633
Score Improvement: 2.5653652167867413E-4

Step Number: 7
Time Spent: 11.084010474 seconds
New Tree:
Tree: (((((((18,19),20),23),(21,22)),((24,((25,(26,27)),28)),(29,30))),(((0,1),((2,3),4)),(((((15,16),(13,14)),12),17),((5,6),(((7,8),9),(10,11)))))),(((31,(32,33)),34),(35,36)));
Tree Score: 12438.453898917633
Score Improvement: 0.0

TOTAL STEPS: 7
TOTAL TIME: 79.965324363 seconds
Final tree: Tree: (((((((18,19),20),23),(21,22)),((24,((25,(26,27)),28)),(29,30))),(((0,1),((2,3),4)),(((((15,16),(13,14)),12),17),((5,6),(((7,8),9),(10,11)))))),(((31,(32,33)),34),(35,36)));
Tree Score: 12438.453898917633
Total Score Improvement: 0.40424397864051254

--------------ITERATION 8--------------
Input tree: (((0,(((1,(2,3)),4),(((5,6),(7,8)),(((9,10),(11,12)),((13,14),15))))),16),((((((17,18),19),(20,21)),((22,23),(24,(25,(26,27))))),(28,(29,((30,31),32)))),(33,(34,(35,36)))));
Initial Score: 9928.923874505213

Step Number: 1
Time Spent: 13.133560141 seconds
New Tree:
Tree: ((((((5,6),(7,8)),(((9,10),(11,12)),((13,14),15))),(((1,(2,3)),4),0)),16),((((((17,18),19),(20,21)),((22,23),(24,(25,(26,27))))),(28,(29,((30,31),32)))),(33,(34,(35,36)))));
Tree Score: 10146.859075843706
Score Improvement: 0.02194952888077739

Step Number: 2
Time Spent: 12.561152783 seconds
New Tree:
Tree: ((((((5,6),(7,8)),(((9,10),(11,12)),((13,14),15))),(((1,(2,3)),4),0)),16),((((((17,18),19),(20,21)),((22,23),(24,(25,(26,27))))),(((30,31),32),(29,28))),(33,(34,(35,36)))));
Tree Score: 10299.556950861006
Score Improvement: 0.015048782473073175

Step Number: 3
Time Spent: 11.851366016 seconds
New Tree:
Tree: ((((((5,6),(7,8)),(((9,10),(11,12)),((13,14),15))),(((1,(2,3)),4),0)),16),((((((17,18),19),(20,21)),((22,23),((26,27),(25,24)))),(((30,31),32),(29,28))),(33,(34,(35,36)))));
Tree Score: 10389.284001522581
Score Improvement: 0.008711738872813735

Step Number: 4
Time Spent: 11.13442296 seconds
New Tree:
Tree: ((((((5,6),(7,8)),(((9,10),(11,12)),((13,14),15))),(((1,(2,3)),4),0)),16),((((((17,18),19),(20,21)),((22,23),((26,27),(25,24)))),(((30,31),32),(29,28))),(33,(36,(35,34)))));
Tree Score: 10411.218551747384
Score Improvement: 0.0021112667842739796

Step Number: 5
Time Spent: 8.587674103 seconds
New Tree:
Tree: ((((((5,6),(7,8)),(((9,10),(11,12)),((15,14),13))),(((1,(2,3)),4),0)),16),((((((17,18),19),(20,21)),((22,23),((26,27),(25,24)))),(((30,31),32),(29,28))),(33,(36,(35,34)))));
Tree Score: 10420.086802460137
Score Improvement: 8.517975747674988E-4

Step Number: 6
Time Spent: 7.723842327 seconds
New Tree:
Tree: ((((((5,6),(7,8)),(((9,10),(11,12)),((15,14),13))),(((3,(2,1)),4),0)),16),((((((17,18),19),(20,21)),((22,23),((26,27),(25,24)))),(((30,31),32),(29,28))),(33,(36,(35,34)))));
Tree Score: 10420.510202448932
Score Improvement: 4.0633057749150936E-5

Step Number: 7
Time Spent: 7.129911423 seconds
New Tree:
Tree: ((((((5,6),(7,8)),(((9,10),(11,12)),((15,14),13))),(((3,4),(2,1)),0)),16),((((((17,18),19),(20,21)),((22,23),((26,27),(25,24)))),(((30,31),32),(29,28))),(33,(36,(35,34)))));
Tree Score: 10499.079552462907
Score Improvement: 0.007539875542323271

Step Number: 8
Time Spent: 7.121787973 seconds
New Tree:
Tree: ((((((5,6),(7,8)),(((9,10),(11,12)),((15,14),13))),((0,(2,1)),(3,4))),16),((((((17,18),19),(20,21)),((22,23),((26,27),(25,24)))),(((30,31),32),(29,28))),(33,(36,(35,34)))));
Tree Score: 10759.218052434386
Score Improvement: 0.02477726725200924

Step Number: 9
Time Spent: 6.523589068 seconds
New Tree:
Tree: ((((((5,6),(7,8)),(((9,10),(11,12)),((15,14),13))),((0,(2,1)),(3,4))),16),((((((17,18),19),(20,21)),((22,23),((26,27),(25,24)))),(((30,31),32),(29,28))),(33,(36,(35,34)))));
Tree Score: 10759.218052434386
Score Improvement: 0.0

TOTAL STEPS: 9
TOTAL TIME: 85.767306794 seconds
Final tree: Tree: ((((((5,6),(7,8)),(((9,10),(11,12)),((15,14),13))),((0,(2,1)),(3,4))),16),((((((17,18),19),(20,21)),((22,23),((26,27),(25,24)))),(((30,31),32),(29,28))),(33,(36,(35,34)))));
Tree Score: 10759.218052434386
Total Score Improvement: 0.08362378324413822

--------------ITERATION 9--------------
Input tree: ((0,1),(((((((2,3),4),5),6),(((((7,8),9),((10,(11,12)),13)),(14,15)),((((16,17),(18,(19,20))),21),((22,((23,24),25)),26)))),(((((27,28),29),30),31),(32,33))),(34,(35,36))));
Initial Score: 10954.799225184808

Step Number: 1
Time Spent: 9.687786904 seconds
New Tree:
Tree: ((0,1),((((((((27,28),29),30),31),(32,33)),(((((7,8),9),((10,(11,12)),13)),(14,15)),((((16,17),(18,(19,20))),21),((22,((23,24),25)),26)))),((((2,3),4),5),6)),(34,(35,36))));
Tree Score: 11619.634350637996
Score Improvement: 0.060688937495517736

Step Number: 2
Time Spent: 9.099873874 seconds
New Tree:
Tree: ((0,1),(((((((7,8),9),((10,(11,12)),13)),(14,15)),((((((27,28),29),30),31),(32,33)),((((16,17),(18,(19,20))),21),((22,((23,24),25)),26)))),((((2,3),4),5),6)),(34,(35,36))));
Tree Score: 13779.99877300853
Score Improvement: 0.18592361490720366

Step Number: 3
Time Spent: 9.704774749 seconds
New Tree:
Tree: ((0,1),((((((14,15),((10,(11,12)),13)),((7,8),9)),((((((27,28),29),30),31),(32,33)),((((16,17),(18,(19,20))),21),((22,((23,24),25)),26)))),((((2,3),4),5),6)),(34,(35,36))));
Tree Score: 14301.858999412452
Score Improvement: 0.03787084708789035

Step Number: 4
Time Spent: 9.085543769 seconds
New Tree:
Tree: ((0,1),((((((10,(11,12)),((14,15),13)),((7,8),9)),((((((27,28),29),30),31),(32,33)),((((16,17),(18,(19,20))),21),((22,((23,24),25)),26)))),((((2,3),4),5),6)),(34,(35,36))));
Tree Score: 14336.498125608956
Score Improvement: 0.0024220016571221414

Step Number: 5
Time Spent: 9.086492214 seconds
New Tree:
Tree: ((0,1),((((((10,(11,12)),((14,15),13)),((7,8),9)),((((((27,28),29),30),31),(32,33)),((((16,17),(18,(19,20))),21),((22,((23,24),25)),26)))),(((5,4),(2,3)),6)),(34,(35,36))));
Tree Score: 14366.915050066953
Score Improvement: 0.002121642551165648

Step Number: 6
Time Spent: 8.481293117 seconds
New Tree:
Tree: ((0,1),((((((10,(11,12)),((14,15),13)),((7,8),9)),((((((27,28),29),30),31),(32,33)),((((16,17),(20,(19,18))),21),((22,((23,24),25)),26)))),(((5,4),(2,3)),6)),(34,(35,36))));
Tree Score: 14386.409725300913
Score Improvement: 0.0013569144918044174

Step Number: 7
Time Spent: 7.878752738 seconds
New Tree:
Tree: ((0,1),((((((10,(11,12)),((14,15),13)),((7,8),9)),((((((27,28),29),30),31),(32,33)),((((16,17),(20,(19,18))),21),((22,((25,24),23)),26)))),(((5,4),(2,3)),6)),(34,(35,36))));
Tree Score: 14390.5004752641
Score Improvement: 2.843482176093648E-4

Step Number: 8
Time Spent: 7.882156035 seconds
New Tree:
Tree: ((0,1),((((((10,(11,12)),((14,15),13)),((7,8),9)),((((((27,28),29),30),31),(32,33)),((((16,17),(20,(19,18))),21),(((25,24),(22,23)),26)))),(((5,4),(2,3)),6)),(34,(35,36))));
Tree Score: 14450.361775445697
Score Improvement: 0.004159778896119182

Step Number: 9
Time Spent: 7.281063255 seconds
New Tree:
Tree: ((0,1),((((((10,(11,12)),((14,15),13)),((7,8),9)),((((((27,28),29),30),31),(32,33)),((((16,17),(20,(19,18))),21),(((25,24),(22,23)),26)))),(((5,4),(2,3)),6)),(34,(35,36))));
Tree Score: 14450.361775445697
Score Improvement: 0.0

TOTAL STEPS: 9
TOTAL TIME: 78.187736655 seconds
Final tree: Tree: ((0,1),((((((10,(11,12)),((14,15),13)),((7,8),9)),((((((27,28),29),30),31),(32,33)),((((16,17),(20,(19,18))),21),(((25,24),(22,23)),26)))),(((5,4),(2,3)),6)),(34,(35,36))));
Tree Score: 14450.361775445697
Total Score Improvement: 0.319089604328364

--------------ITERATION 10--------------
Input tree: ((((((((0,1),2),(3,4)),(5,6)),((7,8),(((9,10),(11,(12,13))),(14,((15,16),17))))),(18,((19,(20,21)),22))),((((23,24),25),26),((27,28),29))),((30,(31,32)),((33,34),(35,36))));
Initial Score: 11687.78582603509

Step Number: 1
Time Spent: 12.553874065 seconds
New Tree:
Tree: ((((((((0,1),2),(3,4)),(5,6)),((14,((15,16),17)),(((9,10),(11,(12,13))),(7,8)))),(18,((19,(20,21)),22))),((((23,24),25),26),((27,28),29))),((30,(31,32)),((33,34),(35,36))));
Tree Score: 12291.19227596243
Score Improvement: 0.05162709677509869

Step Number: 2
Time Spent: 11.98052371 seconds
New Tree:
Tree: (((((((23,24),25),26),((27,28),29)),(18,((19,(20,21)),22))),(((((0,1),2),(3,4)),(5,6)),((14,((15,16),17)),(((9,10),(11,(12,13))),(7,8))))),((30,(31,32)),((33,34),(35,36))));
Tree Score: 12830.527999454476
Score Improvement: 0.04387985407622419

Step Number: 3
Time Spent: 11.761107681 seconds
New Tree:
Tree: (((((((23,24),25),26),((27,28),29)),(18,((19,(20,21)),22))),((((5,6),(3,4)),((0,1),2)),((14,((15,16),17)),(((9,10),(11,(12,13))),(7,8))))),((30,(31,32)),((33,34),(35,36))));
Tree Score: 13239.920524213761
Score Improvement: 0.031907691154774875

Step Number: 4
Time Spent: 12.496558256 seconds
New Tree:
Tree: (((((((23,24),25),26),((27,28),29)),(18,((19,(20,21)),22))),((((5,6),(3,4)),((0,1),2)),((14,((15,16),17)),(((9,10),(7,8)),(11,(12,13)))))),((30,(31,32)),((33,34),(35,36))));
Tree Score: 13266.677799245641
Score Improvement: 0.00202095435414007

Step Number: 5
Time Spent: 12.486712592 seconds
New Tree:
Tree: (((((((23,24),25),26),((27,28),29)),(18,((19,(20,21)),22))),((((5,6),(3,4)),((0,1),2)),(((9,10),(7,8)),((14,((15,16),17)),(11,(12,13)))))),((30,(31,32)),((33,34),(35,36))));
Tree Score: 13441.051874647927
Score Improvement: 0.013143763498364436

Step Number: 6
Time Spent: 11.751202231 seconds
New Tree:
Tree: (((((((23,24),25),26),((27,28),29)),(18,((21,(20,19)),22))),((((5,6),(3,4)),((0,1),2)),(((9,10),(7,8)),((14,((15,16),17)),(11,(12,13)))))),((30,(31,32)),((33,34),(35,36))));
Tree Score: 13457.588124650609
Score Improvement: 0.001230279457061778

Step Number: 7
Time Spent: 11.020103464 seconds
New Tree:
Tree: (((((((25,24),23),26),((27,28),29)),(18,((21,(20,19)),22))),((((5,6),(3,4)),((0,1),2)),(((9,10),(7,8)),((14,((15,16),17)),(11,(12,13)))))),((30,(31,32)),((33,34),(35,36))));
Tree Score: 13466.821924401525
Score Improvement: 6.861407605425196E-4

Step Number: 8
Time Spent: 11.020115966 seconds
New Tree:
Tree: (((((((25,24),26),23),((27,28),29)),(18,((21,(20,19)),22))),((((5,6),(3,4)),((0,1),2)),(((9,10),(7,8)),((14,((15,16),17)),(11,(12,13)))))),((30,(31,32)),((33,34),(35,36))));
Tree Score: 13498.496924756173
Score Improvement: 0.002352076869543529

Step Number: 9
Time Spent: 10.295221201 seconds
New Tree:
Tree: (((((((25,24),26),23),((27,28),29)),(18,((21,(20,19)),22))),((((5,6),(3,4)),((0,1),2)),(((9,10),(7,8)),((14,((15,16),17)),(12,(11,13)))))),((30,(31,32)),((33,34),(35,36))));
Tree Score: 13502.955899624232
Score Improvement: 3.3033121338732485E-4

Step Number: 10
Time Spent: 7.902326058 seconds
New Tree:
Tree: (((((((25,24),26),23),((27,28),29)),(18,((21,(20,19)),22))),((((5,6),(3,4)),((0,1),2)),(((9,10),(7,8)),((14,((15,16),17)),(12,(11,13)))))),((30,(31,32)),((33,34),(35,36))));
Tree Score: 13502.955899624232
Score Improvement: 0.0

TOTAL STEPS: 10
TOTAL TIME: 113.267745224 seconds
Final tree: Tree: (((((((25,24),26),23),((27,28),29)),(18,((21,(20,19)),22))),((((5,6),(3,4)),((0,1),2)),(((9,10),(7,8)),((14,((15,16),17)),(12,(11,13)))))),((30,(31,32)),((33,34),(35,36))));
Tree Score: 13502.955899624232
Total Score Improvement: 0.15530487130811088

===========================================================
RESULTS FROM 10 ITERATION(S):
AVERAGE TIME PER RUN: 102.394246365 seconds
AVERAGE IMPROVEMENT: 0.3122678134067204
BEST Tree: ((((33,34),(35,36)),((1,0),((2,3),4))),(((((20,19),((15,16),(17,18))),((21,22),23)),((((26,27),((28,(29,30)),31)),32),(25,24))),(((11,12),(13,14)),(((8,9),10),((7,6),5)))));
Tree Score: 14582.850677951672
BEST'S IMPROVEMENT :0.6695091204451213
