--------------ITERATION 1--------------
Input tree: (((0,((1,2),(3,4))),((((5,6),7),(8,9)),((10,11),((12,13),14)))),((((15,(16,17)),((18,19),20)),21),((((22,(23,24)),(25,((26,27),(28,29)))),30),((31,32),((33,(34,35)),36)))));
Initial Score: 10798.313925961425

Step Number: 1
Time Spent: 13.643950185 seconds
New Tree:
Tree: (((0,((1,2),(3,4))),((((5,6),7),(8,9)),((10,11),((12,13),14)))),((((15,(16,17)),((18,19),20)),21),(((30,(25,((26,27),(28,29)))),(22,(23,24))),((31,32),((33,(34,35)),36)))));
Tree Score: 11400.065224405771
Score Improvement: 0.05572641271315604

Step Number: 2
Time Spent: 13.035675347 seconds
New Tree:
Tree: ((((3,4),((1,2),0)),((((5,6),7),(8,9)),((10,11),((12,13),14)))),((((15,(16,17)),((18,19),20)),21),(((30,(25,((26,27),(28,29)))),(22,(23,24))),((31,32),((33,(34,35)),36)))));
Tree Score: 11652.526724227166
Score Improvement: 0.02214561889355804

Step Number: 3
Time Spent: 10.186827389 seconds
New Tree:
Tree: ((((3,4),((1,2),0)),((((5,6),7),(8,9)),((10,11),((12,13),14)))),(((21,((18,19),20)),(15,(16,17))),(((30,(25,((26,27),(28,29)))),(22,(23,24))),((31,32),((33,(34,35)),36)))));
Tree Score: 11904.184001807278
Score Improvement: 0.021596799006423417

Step Number: 4
Time Spent: 10.148280658 seconds
New Tree:
Tree: ((((3,4),((1,2),0)),((((7,6),5),(8,9)),((10,11),((12,13),14)))),(((21,((18,19),20)),(15,(16,17))),(((30,(25,((26,27),(28,29)))),(22,(23,24))),((31,32),((33,(34,35)),36)))));
Tree Score: 11919.656051848238
Score Improvement: 0.001299715296622761

Step Number: 5
Time Spent: 9.587612643 seconds
New Tree:
Tree: ((((3,4),((1,2),0)),((((7,6),5),(8,9)),((10,11),((12,13),14)))),(((21,((18,19),20)),(15,(16,17))),(((30,(25,((26,27),(28,29)))),(22,(23,24))),((31,32),((33,(34,35)),36)))));
Tree Score: 11919.656051848238
Score Improvement: 0.0

TOTAL STEPS: 5
TOTAL TIME: 56.602346222 seconds
Final tree: Tree: ((((3,4),((1,2),0)),((((7,6),5),(8,9)),((10,11),((12,13),14)))),(((21,((18,19),20)),(15,(16,17))),(((30,(25,((26,27),(28,29)))),(22,(23,24))),((31,32),((33,(34,35)),36)))));
Tree Score: 11919.656051848238
Total Score Improvement: 0.1038441865623918

--------------ITERATION 2--------------
Input tree: (((0,1),((((((2,3),(4,5)),((6,(7,((8,9),(10,11)))),12)),(13,14)),((((15,16),((17,18),(19,20))),21),(22,(23,24)))),((25,(26,(27,28))),(29,30)))),((((31,32),33),(34,35)),36));
Initial Score: 10424.377073522412

Step Number: 1
Time Spent: 9.404826131 seconds
New Tree:
Tree: (((0,1),(((((13,14),((6,(7,((8,9),(10,11)))),12)),((2,3),(4,5))),((((15,16),((17,18),(19,20))),21),(22,(23,24)))),((25,(26,(27,28))),(29,30)))),((((31,32),33),(34,35)),36));
Tree Score: 11435.915599133923
Score Improvement: 0.09703587259720181

Step Number: 2
Time Spent: 9.353343886 seconds
New Tree:
Tree: (((0,1),((((25,(26,(27,28))),(29,30)),((((15,16),((17,18),(19,20))),21),(22,(23,24)))),(((13,14),((6,(7,((8,9),(10,11)))),12)),((2,3),(4,5))))),((((31,32),33),(34,35)),36));
Tree Score: 11766.38269644067
Score Improvement: 0.028897301177334134

Step Number: 3
Time Spent: 9.830744468 seconds
New Tree:
Tree: (((0,1),(((2,3),(4,5)),(((13,14),((6,(7,((8,9),(10,11)))),12)),(((25,(26,(27,28))),(29,30)),((((15,16),((17,18),(19,20))),21),(22,(23,24))))))),((((31,32),33),(34,35)),36));
Tree Score: 12849.817698712135
Score Improvement: 0.0920788512683004

Step Number: 4
Time Spent: 9.182357548 seconds
New Tree:
Tree: (((0,1),36),((((31,32),33),(34,35)),(((2,3),(4,5)),(((13,14),((6,(7,((8,9),(10,11)))),12)),(((25,(26,(27,28))),(29,30)),((((15,16),((17,18),(19,20))),21),(22,(23,24))))))));
Tree Score: 12950.394123148779
Score Improvement: 0.00782707014175954

Step Number: 5
Time Spent: 9.160360825 seconds
New Tree:
Tree: (((0,1),36),((((31,32),33),(((2,3),(4,5)),(((13,14),((6,(7,((8,9),(10,11)))),12)),(((25,(26,(27,28))),(29,30)),((((15,16),((17,18),(19,20))),21),(22,(23,24))))))),(34,35)));
Tree Score: 13108.04669949473
Score Improvement: 0.012173573626160783

Step Number: 6
Time Spent: 8.609534704 seconds
New Tree:
Tree: (((0,1),36),((((31,32),33),(((2,3),(4,5)),(((13,14),((6,((10,11),((8,9),7))),12)),(((25,(26,(27,28))),(29,30)),((((15,16),((17,18),(19,20))),21),(22,(23,24))))))),(34,35)));
Tree Score: 13140.824950121949
Score Improvement: 0.0025006205255952985

Step Number: 7
Time Spent: 9.187528666 seconds
New Tree:
Tree: (((0,1),36),((((31,32),33),(((2,3),(4,5)),(((13,14),((((8,9),7),((10,11),6)),12)),(((25,(26,(27,28))),(29,30)),((((15,16),((17,18),(19,20))),21),(22,(23,24))))))),(34,35)));
Tree Score: 13239.06582499356
Score Improvement: 0.0074760051400502014

Step Number: 8
Time Spent: 8.622760269 seconds
New Tree:
Tree: (((0,1),36),((((31,32),33),(((2,3),(4,5)),(((13,14),((((8,9),7),((10,11),6)),12)),(((25,(27,(26,28))),(29,30)),((((15,16),((17,18),(19,20))),21),(22,(23,24))))))),(34,35)));
Tree Score: 13258.792825118313
Score Improvement: 0.0014900598263898335

Step Number: 9
Time Spent: 8.045616834 seconds
New Tree:
Tree: (((0,36),1),((((31,32),33),(((2,3),(4,5)),(((13,14),((((8,9),7),((10,11),6)),12)),(((25,(27,(26,28))),(29,30)),((((15,16),((17,18),(19,20))),21),(22,(23,24))))))),(34,35)));
Tree Score: 13260.136249825964
Score Improvement: 1.0132330487166996E-4

Step Number: 10
Time Spent: 7.48958656 seconds
New Tree:
Tree: (((0,36),1),((((31,32),33),(((2,3),(4,5)),(((13,14),((((8,9),7),((10,11),6)),12)),(((25,(27,(26,28))),(29,30)),((((15,16),((17,18),(19,20))),21),(22,(23,24))))))),(34,35)));
Tree Score: 13260.136249825964
Score Improvement: 0.0

TOTAL STEPS: 10
TOTAL TIME: 88.886659891 seconds
Final tree: Tree: (((0,36),1),((((31,32),33),(((2,3),(4,5)),(((13,14),((((8,9),7),((10,11),6)),12)),(((25,(27,(26,28))),(29,30)),((((15,16),((17,18),(19,20))),21),(22,(23,24))))))),(34,35)));
Tree Score: 13260.136249825964
Total Score Improvement: 0.27203152344769754

--------------ITERATION 3--------------
Input tree: ((((((0,1),((2,3),(4,5))),((6,7),8)),(((9,10),11),((12,13),(((14,15),(16,17)),(18,19))))),(20,(21,((22,23),24)))),((25,(26,27)),(28,(((29,(30,(31,(32,33)))),34),(35,36)))));
Initial Score: 10279.451675829296

Step Number: 1
Time Spent: 10.890855534 seconds
New Tree:
Tree: ((((((0,1),((2,3),(4,5))),((6,7),8)),(((9,10),11),((12,13),(((14,15),(16,17)),(18,19))))),(28,(((29,(30,(31,(32,33)))),34),(35,36)))),((25,(26,27)),(20,(21,((22,23),24)))));
Tree Score: 10766.472951859636
Score Improvement: 0.047378137607816395

Step Number: 2
Time Spent: 10.290458794 seconds
New Tree:
Tree: ((((((0,1),((2,3),(4,5))),((6,7),8)),((((14,15),(16,17)),(18,19)),((12,13),((9,10),11)))),(28,(((29,(30,(31,(32,33)))),34),(35,36)))),((25,(26,27)),(20,(21,((22,23),24)))));
Tree Score: 11127.346728921599
Score Improvement: 0.03351829133603412

Step Number: 3
Time Spent: 10.31886059 seconds
New Tree:
Tree: ((((((0,1),((2,3),(4,5))),((6,7),8)),((((14,15),(16,17)),(18,19)),((12,13),((9,10),11)))),((35,36),(((29,(30,(31,(32,33)))),34),28))),((25,(26,27)),(20,(21,((22,23),24)))));
Tree Score: 11391.659078715624
Score Improvement: 0.023753402876090624

Step Number: 4
Time Spent: 9.77478428 seconds
New Tree:
Tree: ((((((0,1),((2,3),(4,5))),((6,7),8)),((((14,15),(16,17)),(18,19)),((12,13),((9,10),11)))),((35,36),(((29,(30,(31,(32,33)))),34),28))),((25,(26,27)),(((22,23),24),(21,20))));
Tree Score: 11516.662978675937
Score Improvement: 0.010973283092176933

Step Number: 5
Time Spent: 9.225749238 seconds
New Tree:
Tree: ((((((0,1),((2,3),(4,5))),((6,7),8)),((((14,15),(16,17)),(18,19)),((12,13),((9,10),11)))),((35,36),((((31,(32,33)),(30,29)),34),28))),((25,(26,27)),(((22,23),24),(21,20))));
Tree Score: 11616.200353753542
Score Improvement: 0.008642900748411897

Step Number: 6
Time Spent: 8.667393179 seconds
New Tree:
Tree: ((((((0,1),((2,3),(4,5))),((6,7),8)),((((14,15),(16,17)),(18,19)),((12,13),((9,10),11)))),((35,36),((((31,(30,29)),(32,33)),34),28))),((25,(26,27)),(((22,23),24),(21,20))));
Tree Score: 11636.224228848492
Score Improvement: 0.0017237887162027121

Step Number: 7
Time Spent: 8.095851994 seconds
New Tree:
Tree: ((((((0,1),((2,3),(4,5))),((6,7),8)),((((14,15),(16,17)),(18,19)),((12,13),((9,10),11)))),((35,36),((((31,(30,29)),(32,33)),34),28))),((25,(26,27)),(((22,23),24),(21,20))));
Tree Score: 11636.224228848492
Score Improvement: 0.0

TOTAL STEPS: 7
TOTAL TIME: 67.263953609 seconds
Final tree: Tree: ((((((0,1),((2,3),(4,5))),((6,7),8)),((((14,15),(16,17)),(18,19)),((12,13),((9,10),11)))),((35,36),((((31,(30,29)),(32,33)),34),28))),((25,(26,27)),(((22,23),24),(21,20))));
Tree Score: 11636.224228848492
Total Score Improvement: 0.13198880599920115

--------------ITERATION 4--------------
Input tree: (((0,1),((((2,((3,4),(5,6))),(7,8)),9),(((((10,11),12),(((((13,14),15),16),17),((18,19),(20,21)))),(22,(23,24))),25))),((((((26,27),28),29),(30,(31,32))),33),(34,(35,36))));
Initial Score: 6651.713252721878

Step Number: 1
Time Spent: 11.674195162 seconds
New Tree:
Tree: (((0,1),((((2,((3,4),(5,6))),(7,8)),9),((25,(22,(23,24))),(((10,11),12),(((((13,14),15),16),17),((18,19),(20,21))))))),((((((26,27),28),29),(30,(31,32))),33),(34,(35,36))));
Tree Score: 8127.601953040867
Score Improvement: 0.22188098678412738

Step Number: 2
Time Spent: 11.435045616 seconds
New Tree:
Tree: (((0,1),(34,(35,36))),((((((26,27),28),29),(30,(31,32))),33),((((2,((3,4),(5,6))),(7,8)),9),((25,(22,(23,24))),(((10,11),12),(((((13,14),15),16),17),((18,19),(20,21))))))));
Tree Score: 8891.848352886795
Score Improvement: 0.09403098284851308

Step Number: 3
Time Spent: 10.845300579 seconds
New Tree:
Tree: (((0,1),(34,(35,36))),((((2,((3,4),(5,6))),(7,8)),9),((((((26,27),28),29),(30,(31,32))),33),((25,(22,(23,24))),(((10,11),12),(((((13,14),15),16),17),((18,19),(20,21))))))));
Tree Score: 9837.178804764815
Score Improvement: 0.10631427959194939

Step Number: 4
Time Spent: 10.861532602 seconds
New Tree:
Tree: (((0,1),(34,(35,36))),((((2,((3,4),(5,6))),(7,8)),9),((((10,11),12),(((((13,14),15),16),17),((18,19),(20,21)))),((25,(22,(23,24))),(((((26,27),28),29),(30,(31,32))),33)))));
Tree Score: 11383.37342789449
Score Improvement: 0.15717866410852954

Step Number: 5
Time Spent: 10.897870323 seconds
New Tree:
Tree: (((0,1),(34,(35,36))),((((2,((3,4),(5,6))),(7,8)),9),((((10,11),12),(((((13,14),15),16),17),((18,19),(20,21)))),(((((26,27),28),29),(30,(31,32))),((25,(22,(23,24))),33)))));
Tree Score: 11961.874101702648
Score Improvement: 0.05081979234649059

Step Number: 6
Time Spent: 10.334229374 seconds
New Tree:
Tree: (((0,1),(34,(35,36))),(((9,(7,8)),(2,((3,4),(5,6)))),((((10,11),12),(((((13,14),15),16),17),((18,19),(20,21)))),(((((26,27),28),29),(30,(31,32))),((25,(22,(23,24))),33)))));
Tree Score: 12187.703175749222
Score Improvement: 0.018879071299908512

Step Number: 7
Time Spent: 9.675256749 seconds
New Tree:
Tree: (((0,1),(34,(35,36))),(((9,(7,8)),(2,((3,4),(5,6)))),((((18,19),(20,21)),(((((13,14),15),16),17),((10,11),12))),(((((26,27),28),29),(30,(31,32))),((25,(22,(23,24))),33)))));
Tree Score: 12379.893050211345
Score Improvement: 0.015769162711850138

Step Number: 8
Time Spent: 9.108407431 seconds
New Tree:
Tree: (((0,1),(34,(35,36))),(((9,(7,8)),(2,((3,4),(5,6)))),((((18,19),(20,21)),(((((26,27),28),29),(30,(31,32))),((25,(22,(23,24))),33))),(((((13,14),15),16),17),((10,11),12)))));
Tree Score: 12652.494878919897
Score Improvement: 0.022019724047930955

Step Number: 9
Time Spent: 9.723329622 seconds
New Tree:
Tree: (((0,1),(34,(35,36))),(((9,(7,8)),(2,((3,4),(5,6)))),((((((26,27),28),29),(30,(31,32))),(((18,19),(20,21)),((25,(22,(23,24))),33))),(((((13,14),15),16),17),((10,11),12)))));
Tree Score: 14183.871476479253
Score Improvement: 0.12103356786263197

Step Number: 10
Time Spent: 9.716466877 seconds
New Tree:
Tree: (((0,1),(34,(35,36))),(((9,(7,8)),(2,((3,4),(5,6)))),((((((26,27),28),29),(30,(31,32))),(((18,19),(20,21)),((33,(22,(23,24))),25))),(((((13,14),15),16),17),((10,11),12)))));
Tree Score: 14245.893451608164
Score Improvement: 0.004372711303240573

Step Number: 11
Time Spent: 9.148036423 seconds
New Tree:
Tree: (((0,1),(34,(35,36))),(((9,(7,8)),(2,((3,4),(5,6)))),((((((26,27),28),29),(30,(31,32))),(((18,19),(20,21)),(((23,24),(22,33)),25))),(((((13,14),15),16),17),((10,11),12)))));
Tree Score: 14265.510701666033
Score Improvement: 0.0013770459623685394

Step Number: 12
Time Spent: 9.157239479 seconds
New Tree:
Tree: (((0,1),(34,(35,36))),(((9,(7,8)),(2,((3,4),(5,6)))),((((((26,27),28),29),(32,(31,30))),(((18,19),(20,21)),(((23,24),(22,33)),25))),(((((13,14),15),16),17),((10,11),12)))));
Tree Score: 14283.735651610798
Score Improvement: 0.0012775532769839781

Step Number: 13
Time Spent: 8.580378134 seconds
New Tree:
Tree: (((0,1),(34,(35,36))),(((9,(7,8)),(2,((3,4),(5,6)))),((((((26,28),27),29),(32,(31,30))),(((18,19),(20,21)),(((23,24),(22,33)),25))),(((((13,14),15),16),17),((10,11),12)))));
Tree Score: 14296.595551723993
Score Improvement: 9.003177058757306E-4

Step Number: 14
Time Spent: 7.994378405 seconds
New Tree:
Tree: (((0,1),(34,(35,36))),(((9,(7,8)),(2,((3,4),(5,6)))),((((((26,28),27),29),(32,(31,30))),(((18,19),(20,21)),(((23,24),(22,33)),25))),(((((15,14),13),16),17),((10,11),12)))));
Tree Score: 14303.154526839411
Score Improvement: 4.5877881147915467E-4

Step Number: 15
Time Spent: 7.419012153 seconds
New Tree:
Tree: (((0,1),(34,(35,36))),(((9,(7,8)),(2,((3,4),(5,6)))),((((((26,28),27),29),(32,(31,30))),(((18,19),(20,21)),(((23,24),(22,33)),25))),(((((15,14),13),16),17),((10,11),12)))));
Tree Score: 14303.154526839411
Score Improvement: 0.0

TOTAL STEPS: 15
TOTAL TIME: 146.570678929 seconds
Final tree: Tree: (((0,1),(34,(35,36))),(((9,(7,8)),(2,((3,4),(5,6)))),((((((26,28),27),29),(32,(31,30))),(((18,19),(20,21)),(((23,24),(22,33)),25))),(((((15,14),13),16),17),((10,11),12)))));
Tree Score: 14303.154526839411
Total Score Improvement: 1.1502963196717126

--------------ITERATION 5--------------
Input tree: (((0,(1,((2,3),4))),((5,((6,(7,8)),9)),(((10,11),12),13))),(((((14,(15,16)),(17,18)),19),((((20,21),22),(23,24)),((25,26),(27,28)))),(((29,(30,31)),(32,33)),(34,(35,36)))));
Initial Score: 11333.154373897989

Step Number: 1
Time Spent: 8.998938273 seconds
New Tree:
Tree: (((0,(1,((2,3),4))),((5,((6,(7,8)),9)),(((10,11),12),13))),(((((16,(15,14)),(17,18)),19),((((20,21),22),(23,24)),((25,26),(27,28)))),(((29,(30,31)),(32,33)),(34,(35,36)))));
Tree Score: 11350.375298871477
Score Improvement: 0.0015195173740110146

Step Number: 2
Time Spent: 8.434142009 seconds
New Tree:
Tree: (((0,(1,((2,3),4))),((5,((9,(7,8)),6)),(((10,11),12),13))),(((((16,(15,14)),(17,18)),19),((((20,21),22),(23,24)),((25,26),(27,28)))),(((29,(30,31)),(32,33)),(34,(35,36)))));
Tree Score: 11353.22204904147
Score Improvement: 2.5080669978150283E-4

Step Number: 3
Time Spent: 7.883864422 seconds
New Tree:
Tree: (((0,(1,((4,3),2))),((5,((9,(7,8)),6)),(((10,11),12),13))),(((((16,(15,14)),(17,18)),19),((((20,21),22),(23,24)),((25,26),(27,28)))),(((29,(30,31)),(32,33)),(34,(35,36)))));
Tree Score: 11354.757323921709
Score Improvement: 1.3522812058175404E-4

Step Number: 4
Time Spent: 7.88144526 seconds
New Tree:
Tree: (((0,((4,3),(1,2))),((5,((9,(7,8)),6)),(((10,11),12),13))),(((((16,(15,14)),(17,18)),19),((((20,21),22),(23,24)),((25,26),(27,28)))),(((29,(30,31)),(32,33)),(34,(35,36)))));
Tree Score: 11435.90682411292
Score Improvement: 0.007146740161522391

Step Number: 5
Time Spent: 7.88244797 seconds
New Tree:
Tree: ((((4,3),(0,(1,2))),((5,((9,(7,8)),6)),(((10,11),12),13))),(((((16,(15,14)),(17,18)),19),((((20,21),22),(23,24)),((25,26),(27,28)))),(((29,(30,31)),(32,33)),(34,(35,36)))));
Tree Score: 11676.674773563682
Score Improvement: 0.021053682331784618

Step Number: 6
Time Spent: 7.328953284 seconds
New Tree:
Tree: ((((4,3),(0,(1,2))),((5,((9,(7,8)),6)),(((10,12),11),13))),(((((16,(15,14)),(17,18)),19),((((20,21),22),(23,24)),((25,26),(27,28)))),(((29,(30,31)),(32,33)),(34,(35,36)))));
Tree Score: 11678.074548472701
Score Improvement: 1.1987787072631484E-4

Step Number: 7
Time Spent: 7.326840306 seconds
New Tree:
Tree: ((((4,3),(0,(1,2))),((5,((9,(7,8)),6)),((13,11),(10,12)))),(((((16,(15,14)),(17,18)),19),((((20,21),22),(23,24)),((25,26),(27,28)))),(((29,(30,31)),(32,33)),(34,(35,36)))));
Tree Score: 11744.434198687835
Score Improvement: 0.0056824136495867705

Step Number: 8
Time Spent: 7.31455271 seconds
New Tree:
Tree: ((((4,3),(0,(1,2))),((5,((9,(7,8)),6)),((13,11),(10,12)))),(((((16,(15,14)),(17,18)),19),((((20,21),22),(23,24)),((25,26),(27,28)))),(((29,(30,31)),(32,33)),(34,(35,36)))));
Tree Score: 11744.434198687835
Score Improvement: 0.0

TOTAL STEPS: 8
TOTAL TIME: 63.051184234 seconds
Final tree: Tree: ((((4,3),(0,(1,2))),((5,((9,(7,8)),6)),((13,11),(10,12)))),(((((16,(15,14)),(17,18)),19),((((20,21),22),(23,24)),((25,26),(27,28)))),(((29,(30,31)),(32,33)),(34,(35,36)))));
Tree Score: 11744.434198687835
Total Score Improvement: 0.036289969343141326

--------------ITERATION 6--------------
Input tree: ((0,1),(((((2,3),4),(5,6)),((7,8),(9,10))),(((11,((12,(13,(14,15))),(16,17))),(18,(19,(20,21)))),(22,((23,(24,((((25,(26,(27,28))),29),30),(31,(32,33))))),((34,35),36))))));
Initial Score: 7505.690924226561

Step Number: 1
Time Spent: 10.306153737 seconds
New Tree:
Tree: ((0,1),(((((2,3),4),(5,6)),((7,8),(9,10))),(((22,((23,(24,((((25,(26,(27,28))),29),30),(31,(32,33))))),((34,35),36))),(18,(19,(20,21)))),(11,((12,(13,(14,15))),(16,17))))));
Tree Score: 8862.077675984145
Score Improvement: 0.18071444260774094

Step Number: 2
Time Spent: 11.079187794 seconds
New Tree:
Tree: ((0,1),(((((2,3),4),(5,6)),((7,8),(9,10))),(((22,(18,(19,(20,21)))),((23,(24,((((25,(26,(27,28))),29),30),(31,(32,33))))),((34,35),36))),(11,((12,(13,(14,15))),(16,17))))));
Tree Score: 9451.273426096266
Score Improvement: 0.06648505820579942

Step Number: 3
Time Spent: 10.388965734 seconds
New Tree:
Tree: ((0,1),(((((2,3),4),(5,6)),((7,8),(9,10))),(((22,(18,(19,(20,21)))),((23,(24,((((25,(26,(27,28))),29),30),(31,(32,33))))),((34,35),36))),((16,17),((12,(13,(14,15))),11)))));
Tree Score: 9687.518776954104
Score Improvement: 0.024996139695369735

Step Number: 4
Time Spent: 10.397530021 seconds
New Tree:
Tree: ((0,1),(((((2,3),4),(5,6)),((7,8),(9,10))),(((22,(18,(19,(20,21)))),((23,(24,(((30,29),(25,(26,(27,28)))),(31,(32,33))))),((34,35),36))),((16,17),((12,(13,(14,15))),11)))));
Tree Score: 9897.674826656421
Score Improvement: 0.021693485663456302

Step Number: 5
Time Spent: 9.753968574 seconds
New Tree:
Tree: ((0,1),(((((2,3),4),(5,6)),((7,8),(9,10))),(((22,((20,21),(19,18))),((23,(24,(((30,29),(25,(26,(27,28)))),(31,(32,33))))),((34,35),36))),((16,17),((12,(13,(14,15))),11)))));
Tree Score: 9972.916402352927
Score Improvement: 0.007601944599540111

Step Number: 6
Time Spent: 9.176366492 seconds
New Tree:
Tree: ((0,1),(((((22,((20,21),(19,18))),((23,(24,(((30,29),(25,(26,(27,28)))),(31,(32,33))))),((34,35),36))),((16,17),((12,(13,(14,15))),11))),((7,8),(9,10))),(((2,3),4),(5,6))));
Tree Score: 10001.80697692274
Score Improvement: 0.0028969033133574573

Step Number: 7
Time Spent: 9.415963371 seconds
New Tree:
Tree: ((0,1),(((((7,8),(9,10)),((16,17),((12,(13,(14,15))),11))),((22,((20,21),(19,18))),((23,(24,(((30,29),(25,(26,(27,28)))),(31,(32,33))))),((34,35),36)))),(((2,3),4),(5,6))));
Tree Score: 11375.648926700424
Score Improvement: 0.13735937445579194

Step Number: 8
Time Spent: 8.582438731 seconds
New Tree:
Tree: ((0,1),(((((7,8),(9,10)),((16,17),((12,(13,(14,15))),11))),((22,((20,21),(19,18))),((23,(24,(((30,29),(25,(27,(26,28)))),(31,(32,33))))),((34,35),36)))),(((2,3),4),(5,6))));
Tree Score: 11395.375926825176
Score Improvement: 0.0017341428389592295

Step Number: 9
Time Spent: 8.017757985 seconds
New Tree:
Tree: ((0,1),(((((7,8),(9,10)),((16,17),((11,(13,(14,15))),12))),((22,((20,21),(19,18))),((23,(24,(((30,29),(25,(27,(26,28)))),(31,(32,33))))),((34,35),36)))),(((2,3),4),(5,6))));
Tree Score: 11408.374002153943
Score Improvement: 0.0011406447152102483

Step Number: 10
Time Spent: 7.385574939 seconds
New Tree:
Tree: ((0,1),(((((7,8),(9,10)),((16,17),((11,(13,(14,15))),12))),((22,((20,21),(19,18))),((23,(24,(((30,29),(25,(27,(26,28)))),(31,(32,33))))),((34,35),36)))),(((4,3),2),(5,6))));
Tree Score: 11409.290402391185
Score Improvement: 8.032698060822518E-5

Step Number: 11
Time Spent: 7.371512747 seconds
New Tree:
Tree: ((0,1),(((((7,8),(9,10)),((16,17),((11,(13,(14,15))),12))),((22,((20,21),(19,18))),((23,(24,(((30,29),(25,(27,(26,28)))),(31,(32,33))))),((34,35),36)))),(((4,3),2),(5,6))));
Tree Score: 11409.290402391185
Score Improvement: 0.0

TOTAL STEPS: 11
TOTAL TIME: 101.875420125 seconds
Final tree: Tree: ((0,1),(((((7,8),(9,10)),((16,17),((11,(13,(14,15))),12))),((22,((20,21),(19,18))),((23,(24,(((30,29),(25,(27,(26,28)))),(31,(32,33))))),((34,35),36)))),(((4,3),2),(5,6))));
Tree Score: 11409.290402391185
Total Score Improvement: 0.5200852949546251

--------------ITERATION 7--------------
Input tree: ((0,((1,2),(3,4))),(5,(((6,7),((8,(9,10)),((11,(12,13)),14))),(((15,(((16,17),18),19)),(20,((21,22),(((23,(24,25)),((26,27),(((28,29),30),31))),(32,33))))),(34,(35,36))))));
Initial Score: 8284.557175136442

Step Number: 1
Time Spent: 12.044517323 seconds
New Tree:
Tree: ((0,((1,2),(3,4))),(5,((34,(35,36)),(((15,(((16,17),18),19)),(20,((21,22),(((23,(24,25)),((26,27),(((28,29),30),31))),(32,33))))),((6,7),((8,(9,10)),((11,(12,13)),14)))))));
Tree Score: 10549.976926419922
Score Improvement: 0.27345091637274743

Step Number: 2
Time Spent: 11.413440145 seconds
New Tree:
Tree: ((0,((1,2),(3,4))),(5,((34,(35,36)),((((21,22),(((23,(24,25)),((26,27),(((28,29),30),31))),(32,33))),(20,(15,(((16,17),18),19)))),((6,7),((8,(9,10)),((11,(12,13)),14)))))));
Tree Score: 11994.646002089756
Score Improvement: 0.13693575689743942

Step Number: 3
Time Spent: 10.910600294 seconds
New Tree:
Tree: ((0,((1,2),(3,4))),(5,((34,(35,36)),((((21,22),(20,(15,(((16,17),18),19)))),(((23,(24,25)),((26,27),(((28,29),30),31))),(32,33))),((6,7),((8,(9,10)),((11,(12,13)),14)))))));
Tree Score: 13173.854650951598
Score Improvement: 0.0983112505910051

Step Number: 4
Time Spent: 10.845898211 seconds
New Tree:
Tree: ((0,((1,2),(3,4))),(5,((34,(35,36)),((((23,(24,25)),((26,27),(((28,29),30),31))),(((21,22),(20,(15,(((16,17),18),19)))),(32,33))),((6,7),((8,(9,10)),((11,(12,13)),14)))))));
Tree Score: 14073.976652792808
Score Improvement: 0.06832639540137864

Step Number: 5
Time Spent: 10.832527726 seconds
New Tree:
Tree: ((0,((1,2),(3,4))),(5,((34,(35,36)),((((23,(24,25)),((26,27),(((28,29),30),31))),(((21,22),(20,(15,(((16,17),18),19)))),(32,33))),(((11,(12,13)),14),((8,(9,10)),(6,7)))))));
Tree Score: 14895.425552013017
Score Improvement: 0.0583665100124493

Step Number: 6
Time Spent: 10.263212871 seconds
New Tree:
Tree: ((0,((1,2),(3,4))),(5,((34,(35,36)),((((23,(24,25)),((26,27),(((28,29),30),31))),(((21,22),(32,33)),(20,(15,(((16,17),18),19))))),(((11,(12,13)),14),((8,(9,10)),(6,7)))))));
Tree Score: 15502.26000004647
Score Improvement: 0.040739651640999464

Step Number: 7
Time Spent: 9.094187536 seconds
New Tree:
Tree: ((0,((1,2),(3,4))),(5,((34,(35,36)),((((23,(24,25)),((26,27),(((28,29),30),31))),(((21,22),(32,33)),(20,(15,((19,18),(16,17)))))),(((11,(12,13)),14),((8,(9,10)),(6,7)))))));
Tree Score: 15523.574275518738
Score Improvement: 0.0013749140752512545

Step Number: 8
Time Spent: 8.542820215 seconds
New Tree:
Tree: (((3,4),((1,2),0)),(5,((34,(35,36)),((((23,(24,25)),((26,27),(((28,29),30),31))),(((21,22),(32,33)),(20,(15,((19,18),(16,17)))))),(((11,(12,13)),14),((8,(9,10)),(6,7)))))));
Tree Score: 15533.816825597518
Score Improvement: 6.598061694420565E-4

Step Number: 9
Time Spent: 8.004512097 seconds
New Tree:
Tree: ((((34,(35,36)),((((23,(24,25)),((26,27),(((28,29),30),31))),(((21,22),(32,33)),(20,(15,((19,18),(16,17)))))),(((11,(12,13)),14),((8,(9,10)),(6,7))))),((1,2),0)),(5,(3,4)));
Tree Score: 15645.814000169717
Score Improvement: 0.0072098941187233034

Step Number: 10
Time Spent: 8.186578265 seconds
New Tree:
Tree: ((((34,(35,36)),((1,2),0)),((((23,(24,25)),((26,27),(((28,29),30),31))),(((21,22),(32,33)),(20,(15,((19,18),(16,17)))))),(((11,(12,13)),14),((8,(9,10)),(6,7))))),(5,(3,4)));
Tree Score: 15704.074476073467
Score Improvement: 0.0037237101184455224

Step Number: 11
Time Spent: 7.444788685 seconds
New Tree:
Tree: ((((34,(35,36)),((1,2),0)),((((23,(24,25)),((26,27),(((28,29),30),31))),(((21,22),(32,33)),(20,(15,((19,18),(16,17)))))),(((11,(12,13)),14),((10,(9,8)),(6,7))))),(5,(3,4)));
Tree Score: 15714.25612585523
Score Improvement: 6.483444660987381E-4

Step Number: 12
Time Spent: 6.878634427 seconds
New Tree:
Tree: ((((34,(35,36)),((1,2),0)),((((23,(24,25)),((26,27),(((28,29),30),31))),(((21,22),(32,33)),(20,(15,((19,18),(16,17)))))),(((12,(11,13)),14),((10,(9,8)),(6,7))))),(5,(3,4)));
Tree Score: 15720.981325860106
Score Improvement: 4.279680788585871E-4

Step Number: 13
Time Spent: 6.307694296 seconds
New Tree:
Tree: ((((34,(35,36)),((1,2),0)),((((23,(24,25)),((26,27),(((30,29),28),31))),(((21,22),(32,33)),(20,(15,((19,18),(16,17)))))),(((12,(11,13)),14),((10,(9,8)),(6,7))))),(5,(3,4)));
Tree Score: 15722.159025783621
Score Improvement: 7.491262149006417E-5

Step Number: 14
Time Spent: 5.72184312 seconds
New Tree:
Tree: ((((34,(35,36)),((1,2),0)),((((23,(24,25)),((26,27),(((30,29),28),31))),(((21,22),(32,33)),(20,(15,((19,18),(16,17)))))),(((12,(11,13)),14),((10,(9,8)),(6,7))))),(5,(3,4)));
Tree Score: 15722.159025783621
Score Improvement: 0.0

TOTAL STEPS: 14
TOTAL TIME: 126.491255211 seconds
Final tree: Tree: ((((34,(35,36)),((1,2),0)),((((23,(24,25)),((26,27),(((30,29),28),31))),(((21,22),(32,33)),(20,(15,((19,18),(16,17)))))),(((12,(11,13)),14),((10,(9,8)),(6,7))))),(5,(3,4)));
Tree Score: 15722.159025783621
Total Score Improvement: 0.8977669769687704

--------------ITERATION 8--------------
Input tree: ((((0,(((1,2),(3,4)),(5,6))),(7,8)),((9,(10,(11,12))),(((13,14),15),16))),((((17,18),19),((((((20,21),22),23),24),25),26)),(((27,28),29),((30,(31,((32,33),34))),(35,36)))));
Initial Score: 13052.28677709034

Step Number: 1
Time Spent: 9.579979968 seconds
New Tree:
Tree: ((((0,(((1,2),(3,4)),(5,6))),(7,8)),((9,(10,(11,12))),(((13,14),15),16))),((((17,18),19),(((25,24),(((20,21),22),23)),26)),(((27,28),29),((30,(31,((32,33),34))),(35,36)))));
Tree Score: 13238.420601956255
Score Improvement: 0.0142606294241574

Step Number: 2
Time Spent: 8.993013987 seconds
New Tree:
Tree: ((((0,(((1,2),(3,4)),(5,6))),(7,8)),((9,(10,(11,12))),(((13,14),15),16))),((((17,18),19),(((25,24),(((20,21),22),23)),26)),(((27,28),29),((((32,33),34),(31,30)),(35,36)))));
Tree Score: 13303.406026807555
Score Improvement: 0.004908850293040112

Step Number: 3
Time Spent: 8.989766226 seconds
New Tree:
Tree: ((((0,(((5,6),(3,4)),(1,2))),(7,8)),((9,(10,(11,12))),(((13,14),15),16))),((((17,18),19),(((25,24),(((20,21),22),23)),26)),(((27,28),29),((((32,33),34),(31,30)),(35,36)))));
Tree Score: 13337.632826626243
Score Improvement: 0.002572784725183741

Step Number: 4
Time Spent: 8.436626195 seconds
New Tree:
Tree: ((((((5,6),(3,4)),(0,(1,2))),(7,8)),((9,(10,(11,12))),(((13,14),15),16))),((((17,18),19),(((25,24),(((20,21),22),23)),26)),(((27,28),29),((((32,33),34),(31,30)),(35,36)))));
Tree Score: 13561.357452277036
Score Improvement: 0.01677393796627591

Step Number: 5
Time Spent: 7.888385108 seconds
New Tree:
Tree: (((((9,(10,(11,12))),(((13,14),15),16)),(7,8)),(((5,6),(3,4)),(0,(1,2)))),((((17,18),19),(((25,24),(((20,21),22),23)),26)),(((27,28),29),((((32,33),34),(31,30)),(35,36)))));
Tree Score: 13636.581174027117
Score Improvement: 0.005546916819705983

Step Number: 6
Time Spent: 7.92382942 seconds
New Tree:
Tree: (((((7,8),(((13,14),15),16)),(9,(10,(11,12)))),(((5,6),(3,4)),(0,(1,2)))),((((17,18),19),(((25,24),(((20,21),22),23)),26)),(((27,28),29),((((32,33),34),(31,30)),(35,36)))));
Tree Score: 14352.08359866956
Score Improvement: 0.05246934077620735

Step Number: 7
Time Spent: 7.333467545 seconds
New Tree:
Tree: (((((7,8),(((13,14),15),16)),(9,(10,(11,12)))),(((5,6),(3,4)),(0,(1,2)))),((((17,18),19),(((25,24),26),(((20,21),22),23))),(((27,28),29),((((32,33),34),(31,30)),(35,36)))));
Tree Score: 14360.275673988217
Score Improvement: 5.707934504657342E-4

Step Number: 8
Time Spent: 6.749520942 seconds
New Tree:
Tree: (((((7,8),(((15,14),13),16)),(9,(10,(11,12)))),(((5,6),(3,4)),(0,(1,2)))),((((17,18),19),(((25,24),26),(((20,21),22),23))),(((27,28),29),((((32,33),34),(31,30)),(35,36)))));
Tree Score: 14366.834649103635
Score Improvement: 4.5674437345932795E-4

Step Number: 9
Time Spent: 6.186097757 seconds
New Tree:
Tree: (((((7,8),(((15,14),13),16)),(9,(11,(10,12)))),(((5,6),(3,4)),(0,(1,2)))),((((17,18),19),(((25,24),26),(((20,21),22),23))),(((27,28),29),((((32,33),34),(31,30)),(35,36)))));
Tree Score: 14367.807073834294
Score Improvement: 6.768538473567176E-5

Step Number: 10
Time Spent: 6.19098986 seconds
New Tree:
Tree: (((((7,8),(((15,14),13),16)),((10,12),(11,9))),(((5,6),(3,4)),(0,(1,2)))),((((17,18),19),(((25,24),26),(((20,21),22),23))),(((27,28),29),((((32,33),34),(31,30)),(35,36)))));
Tree Score: 14427.62059898948
Score Improvement: 0.00416302396376933

Step Number: 11
Time Spent: 5.635055198 seconds
New Tree:
Tree: (((((7,8),(((15,14),13),16)),((10,12),(11,9))),(((5,6),(3,4)),(0,(1,2)))),((((17,18),19),(((25,24),26),(((20,21),22),23))),(((27,28),29),((((32,33),34),(31,30)),(35,36)))));
Tree Score: 14427.62059898948
Score Improvement: 0.0

TOTAL STEPS: 11
TOTAL TIME: 83.906732206 seconds
Final tree: Tree: (((((7,8),(((15,14),13),16)),((10,12),(11,9))),(((5,6),(3,4)),(0,(1,2)))),((((17,18),19),(((25,24),26),(((20,21),22),23))),(((27,28),29),((((32,33),34),(31,30)),(35,36)))));
Tree Score: 14427.62059898948
Total Score Improvement: 0.10537110051191623

--------------ITERATION 9--------------
Input tree: ((((0,1),((2,((((3,(4,5)),6),((7,8),9)),10)),(((((11,12),13),14),((15,(16,17)),18)),((19,20),21)))),(((22,23),24),25)),((26,(27,(28,29))),(((30,31),32),(33,((34,35),36)))));
Initial Score: 7918.925424564841

Step Number: 1
Time Spent: 11.490904465 seconds
New Tree:
Tree: ((((((((11,12),13),14),((15,(16,17)),18)),((19,20),21)),((2,((((3,(4,5)),6),((7,8),9)),10)),(0,1))),(((22,23),24),25)),((26,(27,(28,29))),(((30,31),32),(33,((34,35),36)))));
Tree Score: 9464.6842746712
Score Improvement: 0.19519805620486697

Step Number: 2
Time Spent: 10.981376962 seconds
New Tree:
Tree: ((((((((11,12),13),14),((15,(16,17)),18)),((19,20),21)),((2,((((3,(4,5)),6),((7,8),9)),10)),(0,1))),(((30,31),32),(33,((34,35),36)))),((26,(27,(28,29))),(((22,23),24),25)));
Tree Score: 10220.408825274157
Score Improvement: 0.07984677868498813

Step Number: 3
Time Spent: 10.983362549 seconds
New Tree:
Tree: ((((((((11,12),13),14),((15,(16,17)),18)),((19,20),21)),((2,(0,1)),((((3,(4,5)),6),((7,8),9)),10))),(((30,31),32),(33,((34,35),36)))),((26,(27,(28,29))),(((22,23),24),25)));
Tree Score: 10879.96472526907
Score Improvement: 0.06453322085941315

Step Number: 4
Time Spent: 10.930058425 seconds
New Tree:
Tree: ((((((((11,12),13),14),((15,(16,17)),18)),((19,20),21)),((2,(0,1)),(((((7,8),9),6),(3,(4,5))),10))),(((30,31),32),(33,((34,35),36)))),((26,(27,(28,29))),(((22,23),24),25)));
Tree Score: 11055.150150312176
Score Improvement: 0.01610165377064443

Step Number: 5
Time Spent: 10.399611152 seconds
New Tree:
Tree: (((((((19,20),21),((15,(16,17)),18)),(((11,12),13),14)),((2,(0,1)),(((((7,8),9),6),(3,(4,5))),10))),(((30,31),32),(33,((34,35),36)))),((26,(27,(28,29))),(((22,23),24),25)));
Tree Score: 11215.17852540592
Score Improvement: 0.01447545921293747

Step Number: 6
Time Spent: 10.375193242 seconds
New Tree:
Tree: (((((((19,20),21),((15,(16,17)),18)),((14,13),(11,12))),((2,(0,1)),(((((7,8),9),6),(3,(4,5))),10))),(((30,31),32),(33,((34,35),36)))),((26,(27,(28,29))),(((22,23),24),25)));
Tree Score: 11341.118625472283
Score Improvement: 0.01122943337737059

Step Number: 7
Time Spent: 9.782592396 seconds
New Tree:
Tree: (((((((19,20),21),((15,(16,17)),18)),((14,13),(11,12))),((2,(0,1)),(((((7,8),9),6),10),(3,(4,5))))),(((30,31),32),(33,((34,35),36)))),((26,(27,(28,29))),(((22,23),24),25)));
Tree Score: 11373.946850704013
Score Improvement: 0.0028946196857511097

Step Number: 8
Time Spent: 9.758871083 seconds
New Tree:
Tree: (((((((19,20),21),((15,(16,17)),18)),((14,13),(11,12))),(((((7,8),9),6),10),((2,(0,1)),(3,(4,5))))),(((30,31),32),(33,((34,35),36)))),((26,(27,(28,29))),(((22,23),24),25)));
Tree Score: 11706.64347495137
Score Improvement: 0.02925076304772456

Step Number: 9
Time Spent: 9.761030505 seconds
New Tree:
Tree: (((((((19,20),21),((15,(16,17)),18)),((14,13),(11,12))),(((((7,8),9),6),10),((2,(0,1)),(3,(4,5))))),(((30,31),32),(33,((34,35),36)))),((26,(27,(28,29))),((25,24),(22,23))));
Tree Score: 11728.901299101284
Score Improvement: 0.001901298540229579

Step Number: 10
Time Spent: 9.166342871 seconds
New Tree:
Tree: (((((((19,20),21),((15,(16,17)),18)),((14,13),(11,12))),(((((7,8),9),6),10),((2,(0,1)),(5,(4,3))))),(((30,31),32),(33,((34,35),36)))),((26,(27,(28,29))),((25,24),(22,23))));
Tree Score: 11738.23649880754
Score Improvement: 7.959142521705154E-4

Step Number: 11
Time Spent: 8.57306631 seconds
New Tree:
Tree: (((((((19,20),21),((18,(16,17)),15)),((14,13),(11,12))),(((((7,8),9),6),10),((2,(0,1)),(5,(4,3))))),(((30,31),32),(33,((34,35),36)))),((26,(27,(28,29))),((25,24),(22,23))));
Tree Score: 11746.176474417372
Score Improvement: 6.764198021260714E-4

Step Number: 12
Time Spent: 7.994344183 seconds
New Tree:
Tree: (((((((19,20),21),((18,(16,17)),15)),((14,13),(11,12))),(((((7,8),9),6),10),((2,(0,1)),(5,(4,3))))),(((30,31),32),(33,((34,35),36)))),((26,(29,(28,27))),((25,24),(22,23))));
Tree Score: 11750.472274388
Score Improvement: 3.657190048167447E-4

Step Number: 13
Time Spent: 7.429800257 seconds
New Tree:
Tree: (((((((19,20),21),((16,(18,17)),15)),((14,13),(11,12))),(((((7,8),9),6),10),((2,(0,1)),(5,(4,3))))),(((30,31),32),(33,((34,35),36)))),((26,(29,(28,27))),((25,24),(22,23))));
Tree Score: 11753.06314936476
Score Improvement: 2.2049113569733159E-4

Step Number: 14
Time Spent: 7.42304395 seconds
New Tree:
Tree: (((((((19,20),21),((16,15),(18,17))),((14,13),(11,12))),(((((7,8),9),6),10),((2,(0,1)),(5,(4,3))))),(((30,31),32),(33,((34,35),36)))),((26,(29,(28,27))),((25,24),(22,23))));
Tree Score: 11762.464824408897
Score Improvement: 7.999340192981208E-4

Step Number: 15
Time Spent: 6.857367965 seconds
New Tree:
Tree: (((((((19,20),21),((16,15),(18,17))),((14,13),(11,12))),(((((7,8),9),6),10),((2,(0,1)),(5,(4,3))))),(((30,31),32),(33,((34,35),36)))),((26,(29,(28,27))),((25,24),(22,23))));
Tree Score: 11762.464824408897
Score Improvement: 0.0

TOTAL STEPS: 15
TOTAL TIME: 141.906966315 seconds
Final tree: Tree: (((((((19,20),21),((16,15),(18,17))),((14,13),(11,12))),(((((7,8),9),6),10),((2,(0,1)),(5,(4,3))))),(((30,31),32),(33,((34,35),36)))),((26,(29,(28,27))),((25,24),(22,23))));
Tree Score: 11762.464824408897
Total Score Improvement: 0.48536123195720915

--------------ITERATION 10--------------
Input tree: ((((0,1),((((2,3),4),((5,6),7)),((8,9),10))),(11,(((12,(13,14)),15),((((16,(17,(18,19))),20),(((21,22),(23,24)),(25,(26,27)))),(28,29))))),((30,(31,32)),((33,34),(35,36))));
Initial Score: 8183.804596812879

Step Number: 1
Time Spent: 10.803319542 seconds
New Tree:
Tree: ((((0,1),((((2,3),4),((5,6),7)),((8,9),10))),(((((16,(17,(18,19))),20),(((21,22),(23,24)),(25,(26,27)))),(28,29)),(((12,(13,14)),15),11))),((30,(31,32)),((33,34),(35,36))));
Tree Score: 9161.970097568767
Score Improvement: 0.1195245425503959

Step Number: 2
Time Spent: 10.397510536 seconds
New Tree:
Tree: ((((((16,(17,(18,19))),20),(((21,22),(23,24)),(25,(26,27)))),(28,29)),(((0,1),((((2,3),4),((5,6),7)),((8,9),10))),(((12,(13,14)),15),11))),((30,(31,32)),((33,34),(35,36))));
Tree Score: 10449.554551767367
Score Improvement: 0.1405357625583472

Step Number: 3
Time Spent: 10.387989772 seconds
New Tree:
Tree: (((((28,29),(((21,22),(23,24)),(25,(26,27)))),((16,(17,(18,19))),20)),(((0,1),((((2,3),4),((5,6),7)),((8,9),10))),(((12,(13,14)),15),11))),((30,(31,32)),((33,34),(35,36))));
Tree Score: 11415.57772780209
Score Improvement: 0.09244634986582634

Step Number: 4
Time Spent: 9.750632465 seconds
New Tree:
Tree: ((((((21,22),(23,24)),((28,29),(25,(26,27)))),((16,(17,(18,19))),20)),(((0,1),((((2,3),4),((5,6),7)),((8,9),10))),(((12,(13,14)),15),11))),((30,(31,32)),((33,34),(35,36))));
Tree Score: 11615.934076201745
Score Improvement: 0.017551135227409143

Step Number: 5
Time Spent: 10.891869351 seconds
New Tree:
Tree: ((((((21,22),(23,24)),((16,(17,(18,19))),20)),((28,29),(25,(26,27)))),(((0,1),((((2,3),4),((5,6),7)),((8,9),10))),(((12,(13,14)),15),11))),((30,(31,32)),((33,34),(35,36))));
Tree Score: 11954.946049874467
Score Improvement: 0.029185080721771284

Step Number: 6
Time Spent: 10.868792184 seconds
New Tree:
Tree: ((((((21,22),(23,24)),((16,(19,(18,17))),20)),((28,29),(25,(26,27)))),(((0,1),((((2,3),4),((5,6),7)),((8,9),10))),(((12,(13,14)),15),11))),((30,(31,32)),((33,34),(35,36))));
Tree Score: 11968.372124424022
Score Improvement: 0.0011230560550874458

Step Number: 7
Time Spent: 10.279852836 seconds
New Tree:
Tree: ((((((21,22),(23,24)),((16,(19,(18,17))),20)),((28,29),(25,(26,27)))),(((0,1),((((8,9),10),((5,6),7)),((2,3),4))),(((12,(13,14)),15),11))),((30,(31,32)),((33,34),(35,36))));
Tree Score: 11981.750426559876
Score Improvement: 0.001117804660213828

Step Number: 8
Time Spent: 10.279750938 seconds
New Tree:
Tree: ((((((21,22),(23,24)),((16,(19,(18,17))),20)),((28,29),(25,(26,27)))),(((((8,9),10),((5,6),7)),((0,1),((2,3),4))),(((12,(13,14)),15),11))),((30,(31,32)),((33,34),(35,36))));
Tree Score: 12299.111302354075
Score Improvement: 0.026487021052508775

Step Number: 9
Time Spent: 10.270552422 seconds
New Tree:
Tree: ((((((21,22),(23,24)),((16,(19,(18,17))),20)),((28,29),(25,(26,27)))),(((((8,9),10),((5,6),7)),(((12,(13,14)),15),11)),((0,1),((2,3),4)))),((30,(31,32)),((33,34),(35,36))));
Tree Score: 12858.020273926137
Score Improvement: 0.04544303712944564

Step Number: 10
Time Spent: 10.271316415 seconds
New Tree:
Tree: ((((((21,22),(23,24)),((16,(19,(18,17))),20)),((28,29),(25,(26,27)))),(((((8,9),10),((7,6),5)),(((12,(13,14)),15),11)),((0,1),((2,3),4)))),((30,(31,32)),((33,34),(35,36))));
Tree Score: 12862.7388989799
Score Improvement: 3.6697912689809264E-4

Step Number: 11
Time Spent: 9.724544302 seconds
New Tree:
Tree: ((((((21,22),(23,24)),((16,(19,(18,17))),20)),((28,29),(25,(26,27)))),(((((8,9),10),((7,6),5)),(((12,(13,14)),15),11)),((0,1),((2,3),4)))),((30,(31,32)),((33,34),(35,36))));
Tree Score: 12862.7388989799
Score Improvement: 0.0

TOTAL STEPS: 11
TOTAL TIME: 113.926130763 seconds
Final tree: Tree: ((((((21,22),(23,24)),((16,(19,(18,17))),20)),((28,29),(25,(26,27)))),(((((8,9),10),((7,6),5)),(((12,(13,14)),15),11)),((0,1),((2,3),4)))),((30,(31,32)),((33,34),(35,36))));
Tree Score: 12862.7388989799
Total Score Improvement: 0.5717309408864915

===========================================================
RESULTS FROM 10 ITERATION(S):
AVERAGE TIME PER RUN: 99.04813275 seconds
AVERAGE IMPROVEMENT: 0.4274766350303157
BEST Tree: ((((34,(35,36)),((1,2),0)),((((23,(24,25)),((26,27),(((30,29),28),31))),(((21,22),(32,33)),(20,(15,((19,18),(16,17)))))),(((12,(11,13)),14),((10,(9,8)),(6,7))))),(5,(3,4)));
Tree Score: 15722.159025783621
BEST'S IMPROVEMENT :0.8977669769687704
