--------------ITERATION 1--------------
Input tree: (0,(1,((((2,3),(4,((5,6),7))),((((8,9),10),11),(((12,13),14),15))),((16,((17,(18,(((19,20),21),(22,23)))),((24,(25,(26,27))),28))),((((((29,30),31),32),33),(34,35)),36)))));
Initial Score: 8140.4563471481815

Step Number: 1
Time Spent: 11.796234493 seconds
New Tree:
Tree: (0,(1,((((16,((17,(18,(((19,20),21),(22,23)))),((24,(25,(26,27))),28))),((((((29,30),31),32),33),(34,35)),36)),((((8,9),10),11),(((12,13),14),15))),((2,3),(4,((5,6),7))))));
Tree Score: 10563.486076064102
Score Improvement: 0.29765281276457833

Step Number: 2
Time Spent: 11.455048998 seconds
New Tree:
Tree: (0,(1,((((16,(((((19,20),21),(22,23)),(18,17)),((24,(25,(26,27))),28))),((((((29,30),31),32),33),(34,35)),36)),((((8,9),10),11),(((12,13),14),15))),((2,3),(4,((5,6),7))))));
Tree Score: 11144.930949605056
Score Improvement: 0.05504289676288354

Step Number: 3
Time Spent: 10.944780129 seconds
New Tree:
Tree: (0,(1,((2,3),((((16,(((((19,20),21),(22,23)),(18,17)),((24,(25,(26,27))),28))),((((((29,30),31),32),33),(34,35)),36)),((((8,9),10),11),(((12,13),14),15))),(4,((5,6),7))))));
Tree Score: 11325.829623490208
Score Improvement: 0.016231475520408045

Step Number: 4
Time Spent: 11.562685032 seconds
New Tree:
Tree: (0,(1,((2,3),((((16,(((((19,20),21),(22,23)),(18,17)),((24,(25,(26,27))),28))),((((33,32),((29,30),31)),(34,35)),36)),((((8,9),10),11),(((12,13),14),15))),(4,((5,6),7))))));
Tree Score: 11473.531724011162
Score Improvement: 0.01304117273798755

Step Number: 5
Time Spent: 10.930916494 seconds
New Tree:
Tree: (0,(1,((2,3),((((16,(((((19,20),21),(22,23)),(18,17)),((24,(25,(26,27))),28))),((36,(34,35)),((33,32),((29,30),31)))),((((8,9),10),11),(((12,13),14),15))),(4,((5,6),7))))));
Tree Score: 11612.084823732832
Score Improvement: 0.012075889364711934

Step Number: 6
Time Spent: 10.26886806 seconds
New Tree:
Tree: (0,(1,((2,3),((((16,(((((19,20),21),(22,23)),(18,17)),((24,(25,(26,27))),28))),((36,(34,35)),((33,32),((29,30),31)))),((((8,9),10),11),((15,14),(12,13)))),(4,((5,6),7))))));
Tree Score: 11681.454773647347
Score Improvement: 0.0059739444697075594

Step Number: 7
Time Spent: 9.674666939 seconds
New Tree:
Tree: (0,(1,((2,3),((((16,(((((19,20),21),(18,17)),(22,23)),((24,(25,(26,27))),28))),((36,(34,35)),((33,32),((29,30),31)))),((((8,9),10),11),((15,14),(12,13)))),(4,((5,6),7))))));
Tree Score: 11739.450023512924
Score Improvement: 0.004964728365546511

Step Number: 8
Time Spent: 9.672508425 seconds
New Tree:
Tree: (0,(1,((2,3),((((16,(((((19,20),21),(18,17)),(22,23)),(((26,27),(25,24)),28))),((36,(34,35)),((33,32),((29,30),31)))),((((8,9),10),11),((15,14),(12,13)))),(4,((5,6),7))))));
Tree Score: 11791.927573501234
Score Improvement: 0.004470188116411311

Step Number: 9
Time Spent: 9.138465513 seconds
New Tree:
Tree: (0,(1,((2,3),((((16,(((((19,20),21),(18,17)),(22,23)),(((26,27),28),(25,24)))),((36,(34,35)),((33,32),((29,30),31)))),((((8,9),10),11),((15,14),(12,13)))),(4,((5,6),7))))));
Tree Score: 11947.697574746897
Score Improvement: 0.013209884497230817

Step Number: 10
Time Spent: 9.137552828 seconds
New Tree:
Tree: (0,(1,((2,3),((((16,(((((19,20),21),(18,17)),(22,23)),(((26,27),28),(25,24)))),((36,(34,35)),((33,32),((29,30),31)))),((((8,9),10),11),((15,14),(12,13)))),(7,((5,6),4))))));
Tree Score: 11959.793324891929
Score Improvement: 0.0010123917239583946

Step Number: 11
Time Spent: 8.612904546 seconds
New Tree:
Tree: (0,(1,((2,3),((((16,(((((19,20),21),(18,17)),(22,23)),(((26,28),27),(25,24)))),((36,(34,35)),((33,32),((29,30),31)))),((((8,9),10),11),((15,14),(12,13)))),(7,((5,6),4))))));
Tree Score: 11969.760974973891
Score Improvement: 8.334299608017126E-4

Step Number: 12
Time Spent: 8.070333315 seconds
New Tree:
Tree: (0,(1,((2,3),((((16,(((((19,20),21),(18,17)),(22,23)),(((26,28),27),(25,24)))),((36,(34,35)),((33,32),((29,30),31)))),((((8,9),10),11),((15,14),(12,13)))),(7,((5,4),6))))));
Tree Score: 11972.817274859626
Score Improvement: 2.5533508080277656E-4

Step Number: 13
Time Spent: 8.001430839 seconds
New Tree:
Tree: (0,(1,((2,3),((((16,(((((19,20),21),(18,17)),(22,23)),(((26,28),27),(25,24)))),((36,(34,35)),((33,32),((29,30),31)))),((((8,9),10),11),((15,14),(12,13)))),((5,4),(7,6))))));
Tree Score: 11988.481824991744
Score Improvement: 0.0013083428713984713

Step Number: 14
Time Spent: 7.436436645 seconds
New Tree:
Tree: (0,(1,((2,3),((((16,(((((19,20),21),(18,17)),(22,23)),(((26,28),27),(25,24)))),((36,(34,35)),((33,32),((29,30),31)))),((((8,9),10),11),((15,14),(12,13)))),((5,4),(7,6))))));
Tree Score: 11988.481824991744
Score Improvement: 0.0

TOTAL STEPS: 14
TOTAL TIME: 136.702832256 seconds
Final tree: Tree: (0,(1,((2,3),((((16,(((((19,20),21),(18,17)),(22,23)),(((26,28),27),(25,24)))),((36,(34,35)),((33,32),((29,30),31)))),((((8,9),10),11),((15,14),(12,13)))),((5,4),(7,6))))));
Tree Score: 11988.481824991744
Total Score Improvement: 0.47270390181400934

--------------ITERATION 2--------------
Input tree: ((((((0,1),((2,3),4)),((5,((6,7),8)),((9,10),11))),12),((13,14),(15,((16,17),18)))),((((((19,20),21),22),((((23,(24,25)),26),(27,28)),(((29,30),31),32))),(33,34)),(35,36)));
Initial Score: 8264.055499743565

Step Number: 1
Time Spent: 8.940755525 seconds
New Tree:
Tree: ((((((0,1),((2,3),4)),((5,((6,7),8)),((9,10),11))),12),(35,36)),((((((19,20),21),22),((((23,(24,25)),26),(27,28)),(((29,30),31),32))),(33,34)),((13,14),(15,((16,17),18)))));
Tree Score: 8950.907100668643
Score Improvement: 0.083113139904057

Step Number: 2
Time Spent: 8.371130086 seconds
New Tree:
Tree: ((((((0,1),((2,3),4)),((5,((6,7),8)),((9,10),11))),12),(35,36)),((((((19,20),21),22),((((26,(24,25)),23),(27,28)),(((29,30),31),32))),(33,34)),((13,14),(15,((16,17),18)))));
Tree Score: 8985.55535097653
Score Improvement: 0.0038709205579063877

Step Number: 3
Time Spent: 7.820455032 seconds
New Tree:
Tree: ((((((0,1),((2,3),4)),((5,((8,7),6)),((9,10),11))),12),(35,36)),((((((19,20),21),22),((((26,(24,25)),23),(27,28)),(((29,30),31),32))),(33,34)),((13,14),(15,((16,17),18)))));
Tree Score: 9006.967825795058
Score Improvement: 0.002382988472293013

Step Number: 4
Time Spent: 7.259990254 seconds
New Tree:
Tree: ((((((0,1),((2,3),4)),((5,((8,7),6)),((9,11),10))),12),(35,36)),((((((19,20),21),22),((((26,(24,25)),23),(27,28)),(((29,30),31),32))),(33,34)),((13,14),(15,((16,17),18)))));
Tree Score: 9009.594701106194
Score Improvement: 2.916492388940206E-4

Step Number: 5
Time Spent: 6.697753116 seconds
New Tree:
Tree: ((((((0,1),((2,3),4)),((5,((8,7),6)),((9,11),10))),12),(35,36)),((((((19,20),21),22),((((26,(24,25)),23),(27,28)),(((29,30),31),32))),(33,34)),((13,14),(15,((18,17),16)))));
Tree Score: 9012.185576082955
Score Improvement: 2.875684270728929E-4

Step Number: 6
Time Spent: 6.730452245 seconds
New Tree:
Tree: ((((((0,1),((2,3),4)),((5,((8,7),6)),((9,11),10))),12),(35,36)),((((((19,20),21),22),((((26,(24,25)),23),(27,28)),(((29,30),31),32))),(33,34)),((13,14),((18,17),(15,16)))));
Tree Score: 9089.851451049259
Score Improvement: 0.008617873468165005

Step Number: 7
Time Spent: 6.141308472 seconds
New Tree:
Tree: ((((((0,1),((2,3),4)),((5,((8,7),6)),((9,11),10))),12),(35,36)),((((((19,20),21),22),((((26,(24,25)),23),(27,28)),(((29,30),31),32))),(33,34)),((13,14),((18,17),(15,16)))));
Tree Score: 9089.851451049259
Score Improvement: 0.0

TOTAL STEPS: 7
TOTAL TIME: 51.96184473 seconds
Final tree: Tree: ((((((0,1),((2,3),4)),((5,((8,7),6)),((9,11),10))),12),(35,36)),((((((19,20),21),22),((((26,(24,25)),23),(27,28)),(((29,30),31),32))),(33,34)),((13,14),((18,17),(15,16)))));
Tree Score: 9089.851451049259
Total Score Improvement: 0.0999262349256147

--------------ITERATION 3--------------
Input tree: (((((((((0,1),2),3),(4,(5,6))),((7,(8,9)),((10,(11,(12,13))),(14,15)))),(16,((17,((18,19),20)),21))),(22,((23,24),(25,((26,27),28))))),29),((((30,31),32),(33,34)),(35,36)));
Initial Score: 10839.784375868825

Step Number: 1
Time Spent: 12.411284843 seconds
New Tree:
Tree: (((((22,((23,24),(25,((26,27),28)))),(16,((17,((18,19),20)),21))),(((((0,1),2),3),(4,(5,6))),((7,(8,9)),((10,(11,(12,13))),(14,15))))),29),((((30,31),32),(33,34)),(35,36)));
Tree Score: 11794.155399973475
Score Improvement: 0.08804335870640001

Step Number: 2
Time Spent: 12.200005043 seconds
New Tree:
Tree: (((((22,(16,((17,((18,19),20)),21))),((23,24),(25,((26,27),28)))),(((((0,1),2),3),(4,(5,6))),((7,(8,9)),((10,(11,(12,13))),(14,15))))),29),((((30,31),32),(33,34)),(35,36)));
Tree Score: 12329.677949912497
Score Improvement: 0.04540575664623048

Step Number: 3
Time Spent: 11.630927299 seconds
New Tree:
Tree: (((((22,(16,((17,((18,19),20)),21))),(((26,27),28),(25,(23,24)))),(((((0,1),2),3),(4,(5,6))),((7,(8,9)),((10,(11,(12,13))),(14,15))))),29),((((30,31),32),(33,34)),(35,36)));
Tree Score: 12563.91050150583
Score Improvement: 0.018997459020817065

Step Number: 4
Time Spent: 10.550220527 seconds
New Tree:
Tree: (((((22,(16,((17,((18,19),20)),21))),(((26,27),28),(25,(23,24)))),(((((0,1),2),3),(4,(5,6))),((7,(8,9)),((10,(11,(12,13))),(14,15))))),(35,36)),((((30,31),32),(33,34)),29));
Tree Score: 12753.301601268584
Score Improvement: 0.01507421592505409

Step Number: 5
Time Spent: 9.981138873 seconds
New Tree:
Tree: (((((22,(16,((17,((18,19),20)),21))),(((26,27),28),(25,(23,24)))),((((4,(5,6)),3),((0,1),2)),((7,(8,9)),((10,(11,(12,13))),(14,15))))),(35,36)),((((30,31),32),(33,34)),29));
Tree Score: 12875.6449017243
Score Improvement: 0.009593068860187959

Step Number: 6
Time Spent: 9.427847215 seconds
New Tree:
Tree: (((((22,(16,((17,((18,19),20)),21))),(((26,27),28),(25,(23,24)))),((((4,3),(5,6)),((0,1),2)),((7,(8,9)),((10,(11,(12,13))),(14,15))))),(35,36)),((((30,31),32),(33,34)),29));
Tree Score: 12931.76512613811
Score Improvement: 0.004358634060053657

Step Number: 7
Time Spent: 8.864571116 seconds
New Tree:
Tree: (((((22,(16,((17,((18,19),20)),21))),(((26,27),28),(25,(23,24)))),((((4,3),(5,6)),((0,1),2)),((7,(8,9)),((10,(11,(12,13))),(14,15))))),(35,36)),((((30,31),32),29),(33,34)));
Tree Score: 12974.998626642511
Score Improvement: 0.003343201804447915

Step Number: 8
Time Spent: 8.850157272 seconds
New Tree:
Tree: (((33,34),(35,36)),((((30,31),32),29),(((22,(16,((17,((18,19),20)),21))),(((26,27),28),(25,(23,24)))),((((4,3),(5,6)),((0,1),2)),((7,(8,9)),((10,(11,(12,13))),(14,15)))))));
Tree Score: 13116.523000423214
Score Improvement: 0.010907467341853883

Step Number: 9
Time Spent: 8.699278799 seconds
New Tree:
Tree: (((33,34),(35,36)),((((30,31),32),29),(((22,(16,((20,((18,19),17)),21))),(((26,27),28),(25,(23,24)))),((((4,3),(5,6)),((0,1),2)),((7,(8,9)),((10,(11,(12,13))),(14,15)))))));
Tree Score: 13144.294325357652
Score Improvement: 0.0021172779503793038

Step Number: 10
Time Spent: 8.698141642 seconds
New Tree:
Tree: (((33,34),(35,36)),((((30,31),32),29),(((22,(16,((20,((18,17),19)),21))),(((26,27),28),(25,(23,24)))),((((4,3),(5,6)),((0,1),2)),((7,(8,9)),((10,(11,(12,13))),(14,15)))))));
Tree Score: 13154.179500213242
Score Improvement: 7.520506320768394E-4

Step Number: 11
Time Spent: 8.16076793 seconds
New Tree:
Tree: (((33,34),(35,36)),((((30,31),32),29),(((22,(16,((20,((18,17),19)),21))),(((26,28),27),(25,(23,24)))),((((4,3),(5,6)),((0,1),2)),((7,(8,9)),((10,(11,(12,13))),(14,15)))))));
Tree Score: 13159.436200278229
Score Improvement: 3.996220414128615E-4

Step Number: 12
Time Spent: 7.625286847 seconds
New Tree:
Tree: (((33,34),(35,36)),((((30,31),32),29),(((22,(16,((20,((18,17),19)),21))),(((26,28),27),(25,(23,24)))),((((4,3),(5,6)),((0,1),2)),((7,(8,9)),((10,(12,(11,13))),(14,15)))))));
Tree Score: 13160.018425185583
Score Improvement: 4.4243909730790065E-5

Step Number: 13
Time Spent: 7.094814432 seconds
New Tree:
Tree: (((33,34),(35,36)),((((30,31),32),29),(((22,(16,((20,((18,17),19)),21))),(((26,28),27),(25,(23,24)))),((((4,3),(5,6)),((0,1),2)),((7,(8,9)),(((11,13),(12,10)),(14,15)))))));
Tree Score: 13180.322425030521
Score Improvement: 0.0015428549709384232

Step Number: 14
Time Spent: 6.572442418 seconds
New Tree:
Tree: (((33,34),(35,36)),((((30,31),32),29),(((22,(16,((20,((18,17),19)),21))),(((26,28),27),(25,(23,24)))),((((4,3),(5,6)),((0,1),2)),((7,(8,9)),(((11,13),(12,10)),(14,15)))))));
Tree Score: 13180.322425030521
Score Improvement: 0.0

TOTAL STEPS: 14
TOTAL TIME: 130.766884256 seconds
Final tree: Tree: (((33,34),(35,36)),((((30,31),32),29),(((22,(16,((20,((18,17),19)),21))),(((26,28),27),(25,(23,24)))),((((4,3),(5,6)),((0,1),2)),((7,(8,9)),(((11,13),(12,10)),(14,15)))))));
Tree Score: 13180.322425030521
Total Score Improvement: 0.2159210892028558

--------------ITERATION 4--------------
Input tree: ((((((0,((1,2),(3,4))),(5,6)),(7,(8,(9,10)))),((((((11,12),13),(14,15)),(((((16,17),(18,19)),20),(21,22)),23)),((24,25),(26,(27,28)))),29)),((((30,31),(32,33)),34),35)),36);
Initial Score: 8260.256826080167

Step Number: 1
Time Spent: 10.728180379 seconds
New Tree:
Tree: ((((((0,((1,2),(3,4))),(5,6)),(7,(8,(9,10)))),((29,((24,25),(26,(27,28)))),((((11,12),13),(14,15)),(((((16,17),(18,19)),20),(21,22)),23)))),((((30,31),(32,33)),34),35)),36);
Tree Score: 9526.093050553947
Score Improvement: 0.15324417280551694

Step Number: 2
Time Spent: 11.036268998 seconds
New Tree:
Tree: ((((((0,((1,2),(3,4))),(5,6)),(7,(8,(9,10)))),((((11,12),13),(14,15)),((29,((24,25),(26,(27,28)))),(((((16,17),(18,19)),20),(21,22)),23)))),((((30,31),(32,33)),34),35)),36);
Tree Score: 10542.830995583925
Score Improvement: 0.10673189308925068

Step Number: 3
Time Spent: 10.495086212 seconds
New Tree:
Tree: ((((((0,((1,2),(3,4))),(5,6)),(7,(8,(9,10)))),((((11,12),13),(14,15)),((29,((24,25),(26,(27,28)))),(((((16,17),(18,19)),20),23),(21,22))))),((((30,31),(32,33)),34),35)),36);
Tree Score: 10945.912846424293
Score Improvement: 0.038232790700069685

Step Number: 4
Time Spent: 9.928006487 seconds
New Tree:
Tree: (((((29,((24,25),(26,(27,28)))),(((((16,17),(18,19)),20),23),(21,22))),((((11,12),13),(14,15)),(((0,((1,2),(3,4))),(5,6)),(7,(8,(9,10)))))),((((30,31),(32,33)),34),35)),36);
Tree Score: 11339.772027351337
Score Improvement: 0.0359823055831936

Step Number: 5
Time Spent: 9.609269727 seconds
New Tree:
Tree: (((((29,((24,25),(26,(27,28)))),(((((16,17),(18,19)),20),23),(21,22))),(((0,((1,2),(3,4))),(5,6)),((((11,12),13),(14,15)),(7,(8,(9,10)))))),((((30,31),(32,33)),34),35)),36);
Tree Score: 12477.399149639907
Score Improvement: 0.10032186886514416

Step Number: 6
Time Spent: 9.442858621 seconds
New Tree:
Tree: ((((((24,25),(29,(26,(27,28)))),(((((16,17),(18,19)),20),23),(21,22))),(((0,((1,2),(3,4))),(5,6)),((((11,12),13),(14,15)),(7,(8,(9,10)))))),((((30,31),(32,33)),34),35)),36);
Tree Score: 12753.348750947418
Score Improvement: 0.022115955256226227

Step Number: 7
Time Spent: 8.860198563 seconds
New Tree:
Tree: ((35,((((30,31),(32,33)),34),((((24,25),(29,(26,(27,28)))),(((((16,17),(18,19)),20),23),(21,22))),(((0,((1,2),(3,4))),(5,6)),((((11,12),13),(14,15)),(7,(8,(9,10)))))))),36);
Tree Score: 13016.762051559428
Score Improvement: 0.0206544418847201

Step Number: 8
Time Spent: 8.367126434 seconds
New Tree:
Tree: ((35,((((30,31),(32,33)),34),((((24,25),(29,(26,(27,28)))),(((((16,17),(18,19)),20),23),(21,22))),((((3,4),((1,2),0)),(5,6)),((((11,12),13),(14,15)),(7,(8,(9,10)))))))),36);
Tree Score: 13069.726126390884
Score Improvement: 0.004068913192210477

Step Number: 9
Time Spent: 8.38857134 seconds
New Tree:
Tree: ((35,((((30,31),(32,33)),34),((((24,25),(29,(26,(27,28)))),(((((16,17),(18,19)),20),23),(21,22))),((((3,4),(5,6)),((1,2),0)),((((11,12),13),(14,15)),(7,(8,(9,10)))))))),36);
Tree Score: 13444.764151310923
Score Improvement: 0.028695170908191292

Step Number: 10
Time Spent: 7.266782739 seconds
New Tree:
Tree: ((35,((((30,31),(32,33)),34),((((24,25),(29,(26,(27,28)))),(((((16,17),(18,19)),20),23),(21,22))),((((3,4),(5,6)),((1,2),0)),((((11,12),13),(14,15)),((9,10),(8,7))))))),36);
Tree Score: 13477.697026489677
Score Improvement: 0.00244949445063658

Step Number: 11
Time Spent: 7.283772748 seconds
New Tree:
Tree: ((35,((((30,31),(32,33)),34),((((24,25),(29,(26,(27,28)))),(((((16,17),(18,19)),20),23),(21,22))),((((3,4),(5,6)),((1,2),0)),((((11,13),12),(14,15)),((9,10),(8,7))))))),36);
Tree Score: 13497.233101545276
Score Improvement: 0.0014495113680921268

Step Number: 12
Time Spent: 6.727421483 seconds
New Tree:
Tree: ((35,((((30,31),(32,33)),34),((((24,25),(29,(27,(26,28)))),(((((16,17),(18,19)),20),23),(21,22))),((((3,4),(5,6)),((1,2),0)),((((11,13),12),(14,15)),((9,10),(8,7))))))),36);
Tree Score: 13509.888901716473
Score Improvement: 9.376588576326395E-4

Step Number: 13
Time Spent: 6.176893584 seconds
New Tree:
Tree: ((35,((((30,31),(32,33)),34),((((24,25),(29,(27,(26,28)))),((((20,(18,19)),(16,17)),23),(21,22))),((((3,4),(5,6)),((1,2),0)),((((11,13),12),(14,15)),((9,10),(8,7))))))),36);
Tree Score: 13514.699127026655
Score Improvement: 3.560521737207001E-4

Step Number: 14
Time Spent: 5.602297471 seconds
New Tree:
Tree: ((35,((((30,31),(32,33)),34),((((24,25),(29,(27,(26,28)))),((((20,(18,19)),(16,17)),23),(21,22))),((((3,4),(5,6)),((1,2),0)),((((11,13),12),(14,15)),((9,10),(8,7))))))),36);
Tree Score: 13514.699127026655
Score Improvement: 0.0

TOTAL STEPS: 14
TOTAL TIME: 119.912734786 seconds
Final tree: Tree: ((35,((((30,31),(32,33)),34),((((24,25),(29,(27,(26,28)))),((((20,(18,19)),(16,17)),23),(21,22))),((((3,4),(5,6)),((1,2),0)),((((11,13),12),(14,15)),((9,10),(8,7))))))),36);
Tree Score: 13514.699127026655
Total Score Improvement: 0.6361112507248685

--------------ITERATION 5--------------
Input tree: ((((0,(1,(2,((3,4),(5,((((6,((7,8),(9,10))),11),12),(13,14))))))),(15,(16,(((17,18),19),(20,21))))),(((22,23),24),(((25,26),27),((28,29),((30,31),32))))),(((33,34),35),36));
Initial Score: 6599.754722403482

Step Number: 1
Time Spent: 10.549987048 seconds
New Tree:
Tree: (((((2,((3,4),(5,((((6,((7,8),(9,10))),11),12),(13,14))))),(1,0)),(15,(16,(((17,18),19),(20,21))))),(((22,23),24),(((25,26),27),((28,29),((30,31),32))))),(((33,34),35),36));
Tree Score: 7495.772821763418
Score Improvement: 0.13576536357000024

Step Number: 2
Time Spent: 10.137105843 seconds
New Tree:
Tree: (((((2,(1,0)),((3,4),(5,((((6,((7,8),(9,10))),11),12),(13,14))))),(15,(16,(((17,18),19),(20,21))))),(((22,23),24),(((25,26),27),((28,29),((30,31),32))))),(((33,34),35),36));
Tree Score: 8433.970047413404
Score Improvement: 0.12516350854791125

Step Number: 3
Time Spent: 10.027286361 seconds
New Tree:
Tree: (((((5,((((6,((7,8),(9,10))),11),12),(13,14))),((3,4),(2,(1,0)))),(15,(16,(((17,18),19),(20,21))))),(((22,23),24),(((25,26),27),((28,29),((30,31),32))))),(((33,34),35),36));
Tree Score: 9183.366149178972
Score Improvement: 0.08885448935112095

Step Number: 4
Time Spent: 9.522744758 seconds
New Tree:
Tree: (((((5,((3,4),(2,(1,0)))),((((6,((7,8),(9,10))),11),12),(13,14))),(15,(16,(((17,18),19),(20,21))))),(((22,23),24),(((25,26),27),((28,29),((30,31),32))))),(((33,34),35),36));
Tree Score: 10240.52477397738
Score Improvement: 0.11511668027011246

Step Number: 5
Time Spent: 9.482684844 seconds
New Tree:
Tree: ((((((2,(1,0)),((3,4),5)),((((6,((7,8),(9,10))),11),12),(13,14))),(15,(16,(((17,18),19),(20,21))))),(((22,23),24),(((25,26),27),((28,29),((30,31),32))))),(((33,34),35),36));
Tree Score: 10728.282023925018
Score Improvement: 0.04763010301846027

Step Number: 6
Time Spent: 8.960234678 seconds
New Tree:
Tree: ((((((2,(1,0)),((3,4),5)),((((6,((7,8),(9,10))),11),12),(13,14))),((((17,18),19),(20,21)),(16,15))),(((22,23),24),(((25,26),27),((28,29),((30,31),32))))),(((33,34),35),36));
Tree Score: 10943.975723473184
Score Improvement: 0.020105148155795227

Step Number: 7
Time Spent: 8.472622182 seconds
New Tree:
Tree: ((((((2,(1,0)),((3,4),5)),((((6,11),((7,8),(9,10))),12),(13,14))),((((17,18),19),(20,21)),(16,15))),(((22,23),24),(((25,26),27),((28,29),((30,31),32))))),(((33,34),35),36));
Tree Score: 11072.864673619919
Score Improvement: 0.011777159727272446

Step Number: 8
Time Spent: 7.882916815 seconds
New Tree:
Tree: ((((((2,(1,0)),((3,4),5)),((((6,11),((7,8),(9,10))),12),(13,14))),((((17,18),19),(20,21)),(16,15))),(((22,23),24),(((30,31),32),((28,29),((25,26),27))))),(((33,34),35),36));
Tree Score: 11086.01412280399
Score Improvement: 0.0011875381458781309

Step Number: 9
Time Spent: 8.445607853 seconds
New Tree:
Tree: ((((((2,(1,0)),((3,4),5)),((((6,11),((7,8),(9,10))),12),(13,14))),((((17,18),19),(20,21)),(16,15))),(((22,23),24),(((30,31),32),((28,29),((27,26),25))))),(((33,34),35),36));
Tree Score: 11094.674772841685
Score Improvement: 7.81223074565629E-4

Step Number: 10
Time Spent: 7.883620048 seconds
New Tree:
Tree: ((((((2,(1,0)),((3,4),5)),((((6,11),((7,8),(9,10))),12),(13,14))),((((17,18),19),(20,21)),(16,15))),(((22,23),24),(((30,31),32),((28,29),((27,26),25))))),(((35,34),33),36));
Tree Score: 11101.9346477603
Score Improvement: 6.543567132211159E-4

Step Number: 11
Time Spent: 7.910482122 seconds
New Tree:
Tree: ((((((2,(1,0)),((3,4),5)),((((6,11),((7,8),(9,10))),12),(13,14))),((((17,18),19),(20,21)),(16,15))),(((22,23),24),(((30,31),32),((28,29),((27,26),25))))),(((35,34),33),36));
Tree Score: 11101.9346477603
Score Improvement: 0.0

TOTAL STEPS: 11
TOTAL TIME: 99.275292552 seconds
Final tree: Tree: ((((((2,(1,0)),((3,4),5)),((((6,11),((7,8),(9,10))),12),(13,14))),((((17,18),19),(20,21)),(16,15))),(((22,23),24),(((30,31),32),((28,29),((27,26),25))))),(((35,34),33),36));
Tree Score: 11101.9346477603
Total Score Improvement: 0.6821738253504706

--------------ITERATION 6--------------
Input tree: ((((((0,1),2),((3,4),5)),((((6,7),(((8,(9,(10,11))),(12,(13,14))),((15,16),17))),(((18,((19,20),21)),((22,23),24)),(25,(26,27)))),(28,29))),(30,31)),(((32,33),(34,35)),36));
Initial Score: 10065.158676850533

Step Number: 1
Time Spent: 7.960460335 seconds
New Tree:
Tree: ((((((0,1),2),((3,4),5)),(((28,29),(((18,((19,20),21)),((22,23),24)),(25,(26,27)))),((6,7),(((8,(9,(10,11))),(12,(13,14))),((15,16),17))))),(30,31)),(((32,33),(34,35)),36));
Tree Score: 11046.297151973093
Score Improvement: 0.09747868927085457

Step Number: 2
Time Spent: 8.395907818 seconds
New Tree:
Tree: ((((((0,1),2),((3,4),5)),((((18,((19,20),21)),((22,23),24)),((28,29),(25,(26,27)))),((6,7),(((8,(9,(10,11))),(12,(13,14))),((15,16),17))))),(30,31)),(((32,33),(34,35)),36));
Tree Score: 12764.048874365173
Score Improvement: 0.15550475410533893

Step Number: 3
Time Spent: 8.948170365 seconds
New Tree:
Tree: ((((((0,1),2),((3,4),5)),((((18,((19,20),21)),((22,23),24)),((28,29),(25,(26,27)))),((6,7),((((15,16),17),(12,(13,14))),(8,(9,(10,11))))))),(30,31)),(((32,33),(34,35)),36));
Tree Score: 12898.517124587854
Score Improvement: 0.010534921289179655

Step Number: 4
Time Spent: 8.380178722 seconds
New Tree:
Tree: ((((((0,1),2),((3,4),5)),((((18,((19,20),21)),((22,23),24)),((28,29),(25,(26,27)))),((((15,16),17),(12,(13,14))),((6,7),(8,(9,(10,11))))))),(30,31)),(((32,33),(34,35)),36));
Tree Score: 14858.342124803226
Score Improvement: 0.15194188458140268

Step Number: 5
Time Spent: 8.935832204 seconds
New Tree:
Tree: ((((((0,1),2),((3,4),5)),((((18,((19,20),21)),((22,23),24)),((28,29),(25,(26,27)))),((((15,16),17),(12,(13,14))),((9,(10,11)),(8,(6,7)))))),(30,31)),(((32,33),(34,35)),36));
Tree Score: 14928.947075305741
Score Improvement: 0.00475187271294919

Step Number: 6
Time Spent: 8.381506266 seconds
New Tree:
Tree: ((((((0,1),2),((3,4),5)),((((18,((19,20),21)),((22,23),24)),((28,29),(25,(26,27)))),((((15,16),17),(12,(13,14))),((9,(10,11)),(8,(6,7)))))),(30,31)),((36,(34,35)),(32,33)));
Tree Score: 14954.371450526874
Score Improvement: 0.001703025343507969

Step Number: 7
Time Spent: 8.344842665 seconds
New Tree:
Tree: ((((((0,1),2),((3,4),5)),((((18,((19,20),21)),((22,23),24)),((28,29),(25,(26,27)))),((((15,16),17),(12,(13,14))),((10,(9,11)),(8,(6,7)))))),(30,31)),((36,(34,35)),(32,33)));
Tree Score: 14957.882050512593
Score Improvement: 2.3475409831386074E-4

Step Number: 8
Time Spent: 7.796645928 seconds
New Tree:
Tree: ((((((0,1),2),((3,4),5)),((((18,((19,20),21)),((22,23),24)),((28,29),(25,(26,27)))),((((15,16),17),(12,(13,14))),((10,(9,11)),(8,(6,7)))))),(30,31)),((36,(34,35)),(32,33)));
Tree Score: 14957.882050512593
Score Improvement: 0.0

TOTAL STEPS: 8
TOTAL TIME: 67.143544303 seconds
Final tree: Tree: ((((((0,1),2),((3,4),5)),((((18,((19,20),21)),((22,23),24)),((28,29),(25,(26,27)))),((((15,16),17),(12,(13,14))),((10,(9,11)),(8,(6,7)))))),(30,31)),((36,(34,35)),(32,33)));
Tree Score: 14957.882050512593
Total Score Improvement: 0.48610494188384035

--------------ITERATION 7--------------
Input tree: (((((((0,1),2),3),4),(5,(6,7))),((((8,9),10),((11,12),((13,14),15))),((16,((17,(18,19)),((20,21),22))),((23,24),(25,26))))),((27,28),(29,((30,31),((((32,33),34),35),36)))));
Initial Score: 10938.315848784317

Step Number: 1
Time Spent: 10.393294008 seconds
New Tree:
Tree: ((((16,((17,(18,19)),((20,21),22))),((23,24),(25,26))),((((8,9),10),((11,12),((13,14),15))),(((((0,1),2),3),4),(5,(6,7))))),((27,28),(29,((30,31),((((32,33),34),35),36)))));
Tree Score: 11985.43299791227
Score Improvement: 0.09572928443498263

Step Number: 2
Time Spent: 10.965183492 seconds
New Tree:
Tree: ((((16,((17,(18,19)),((20,21),22))),((23,24),(25,26))),((((8,9),10),((11,12),((13,14),15))),(((((0,1),2),3),4),(5,(6,7))))),(((30,31),((((32,33),34),35),36)),(29,(27,28))));
Tree Score: 12237.241897802902
Score Improvement: 0.021009578872494217

Step Number: 3
Time Spent: 10.416587892 seconds
New Tree:
Tree: ((((16,((17,(18,19)),((20,21),22))),((23,24),(25,26))),((((8,9),10),((11,12),((13,14),15))),(((4,3),((0,1),2)),(5,(6,7))))),(((30,31),((((32,33),34),35),36)),(29,(27,28))));
Tree Score: 12422.248973554568
Score Improvement: 0.015118363867995699

Step Number: 4
Time Spent: 9.823298619 seconds
New Tree:
Tree: ((((16,((17,(18,19)),((20,21),22))),((23,24),(25,26))),((((8,9),10),((11,12),((13,14),15))),(((4,3),((0,1),2)),(5,(6,7))))),(((30,31),(((35,34),(32,33)),36)),(29,(27,28))));
Tree Score: 12497.098323242957
Score Improvement: 0.006025426623450736

Step Number: 5
Time Spent: 9.791068893 seconds
New Tree:
Tree: ((((16,((17,(18,19)),((20,21),22))),((23,24),(25,26))),((((8,9),10),((11,12),((13,14),15))),(((4,3),((0,1),2)),(5,(6,7))))),(((30,31),(((35,34),36),(32,33))),(29,(27,28))));
Tree Score: 12522.52269846409
Score Improvement: 0.0020344222765573683

Step Number: 6
Time Spent: 9.777950674 seconds
New Tree:
Tree: ((((16,((17,(18,19)),((20,21),22))),((23,24),(25,26))),((((8,9),10),((11,12),((13,14),15))),(((4,3),((0,1),2)),(5,(6,7))))),((((35,34),36),((30,31),(32,33))),(29,(27,28))));
Tree Score: 12645.076749043757
Score Improvement: 0.009786690232527873

Step Number: 7
Time Spent: 9.237157742 seconds
New Tree:
Tree: ((((16,((17,(18,19)),((20,21),22))),((23,24),(25,26))),((((8,9),10),((11,12),((15,14),13))),(((4,3),((0,1),2)),(5,(6,7))))),((((35,34),36),((30,31),(32,33))),(29,(27,28))));
Tree Score: 12656.520699741537
Score Improvement: 9.050123557885481E-4

Step Number: 8
Time Spent: 8.69775996 seconds
New Tree:
Tree: ((((16,((19,(18,17)),((20,21),22))),((23,24),(25,26))),((((8,9),10),((11,12),((15,14),13))),(((4,3),((0,1),2)),(5,(6,7))))),((((35,34),36),((30,31),(32,33))),(29,(27,28))));
Tree Score: 12666.023374783093
Score Improvement: 7.508125864124082E-4

Step Number: 9
Time Spent: 8.157231098 seconds
New Tree:
Tree: ((((16,((19,(18,17)),((20,21),22))),((23,24),(25,26))),((((8,9),10),((11,12),((15,14),13))),(((4,3),((2,1),0)),(5,(6,7))))),((((35,34),36),((30,31),(32,33))),(29,(27,28))));
Tree Score: 12666.552599834497
Score Improvement: 4.178304711310865E-5

Step Number: 10
Time Spent: 7.614413257 seconds
New Tree:
Tree: ((((16,((19,(18,17)),((20,21),22))),((23,24),(25,26))),((((8,9),10),((11,12),((15,14),13))),(((4,3),((2,1),0)),(5,(6,7))))),((((35,34),36),((30,31),(32,33))),(29,(27,28))));
Tree Score: 12666.552599834497
Score Improvement: 0.0

TOTAL STEPS: 10
TOTAL TIME: 94.873945635 seconds
Final tree: Tree: ((((16,((19,(18,17)),((20,21),22))),((23,24),(25,26))),((((8,9),10),((11,12),((15,14),13))),(((4,3),((2,1),0)),(5,(6,7))))),((((35,34),36),((30,31),(32,33))),(29,(27,28))));
Tree Score: 12666.552599834497
Total Score Improvement: 0.15799843183740703

--------------ITERATION 8--------------
Input tree: ((((0,1),((2,3),(4,5))),(6,((7,8),(9,((10,11),(12,13)))))),(((14,(((15,(16,17)),(18,(19,20))),(21,22))),(23,((24,25),26))),(((((27,28),29),30),(31,32)),(((33,34),35),36))));
Initial Score: 10428.448623994529

Step Number: 1
Time Spent: 10.232137201 seconds
New Tree:
Tree: ((((0,1),((2,3),(4,5))),((9,((10,11),(12,13))),((7,8),6))),(((14,(((15,(16,17)),(18,(19,20))),(21,22))),(23,((24,25),26))),(((((27,28),29),30),(31,32)),(((33,34),35),36))));
Tree Score: 11211.353498477652
Score Improvement: 0.07507395421038554

Step Number: 2
Time Spent: 9.763605973 seconds
New Tree:
Tree: ((((0,1),((2,3),(4,5))),((9,((7,8),6)),((10,11),(12,13)))),(((14,(((15,(16,17)),(18,(19,20))),(21,22))),(23,((24,25),26))),(((((27,28),29),30),(31,32)),(((33,34),35),36))));
Tree Score: 11365.471748104483
Score Improvement: 0.013746622978907608

Step Number: 3
Time Spent: 9.723615133 seconds
New Tree:
Tree: ((((0,1),((2,3),(4,5))),((9,((7,8),6)),((10,11),(12,13)))),(((14,(((21,22),(18,(19,20))),(15,(16,17)))),(23,((24,25),26))),(((((27,28),29),30),(31,32)),(((33,34),35),36))));
Tree Score: 11418.94977386102
Score Improvement: 0.0047053062945192625

Step Number: 4
Time Spent: 9.696502048 seconds
New Tree:
Tree: ((((0,1),((2,3),(4,5))),((9,((7,8),6)),((10,11),(12,13)))),(((((21,22),(18,(19,20))),(14,(15,(16,17)))),(23,((24,25),26))),(((((27,28),29),30),(31,32)),(((33,34),35),36))));
Tree Score: 11920.267649208943
Score Improvement: 0.043902275189569906

Step Number: 5
Time Spent: 9.153187637 seconds
New Tree:
Tree: ((((0,1),((2,3),(4,5))),((9,((7,8),6)),((10,11),(12,13)))),(((((((27,28),29),30),(31,32)),(((33,34),35),36)),(23,((24,25),26))),(((21,22),(18,(19,20))),(14,(15,(16,17))))));
Tree Score: 12041.042578086423
Score Improvement: 0.010131897406304935

Step Number: 6
Time Spent: 8.635417186 seconds
New Tree:
Tree: ((((0,1),((2,3),(4,5))),((9,((7,8),6)),((10,11),(12,13)))),(((((((27,28),29),30),(31,32)),(((33,34),35),36)),(23,((24,25),26))),(((21,22),(18,(19,20))),((16,17),(15,14)))));
Tree Score: 12089.693853131303
Score Improvement: 0.004040453700697055

Step Number: 7
Time Spent: 8.665039318 seconds
New Tree:
Tree: ((((0,1),((2,3),(4,5))),((9,((7,8),6)),((10,11),(12,13)))),(((((((27,28),29),30),(31,32)),(((33,34),35),36)),(23,((24,25),26))),(((21,22),(20,(19,18))),((16,17),(15,14)))));
Tree Score: 12108.846678181359
Score Improvement: 0.001584227465370791

Step Number: 8
Time Spent: 8.130412813 seconds
New Tree:
Tree: ((((0,1),((2,3),(4,5))),((9,((7,8),6)),((10,11),(12,13)))),(((((((27,28),29),30),(31,32)),(((35,34),33),36)),(23,((24,25),26))),(((21,22),(20,(19,18))),((16,17),(15,14)))));
Tree Score: 12116.106553099973
Score Improvement: 5.995513124876783E-4

Step Number: 9
Time Spent: 8.124617593 seconds
New Tree:
Tree: ((((0,1),((2,3),(4,5))),((9,((7,8),6)),((10,11),(12,13)))),(((((((27,28),29),30),(31,32)),(((35,34),33),36)),(23,((24,25),26))),(((21,22),(20,(19,18))),((16,17),(15,14)))));
Tree Score: 12116.106553099973
Score Improvement: 0.0

TOTAL STEPS: 9
TOTAL TIME: 82.124534902 seconds
Final tree: Tree: ((((0,1),((2,3),(4,5))),((9,((7,8),6)),((10,11),(12,13)))),(((((((27,28),29),30),(31,32)),(((35,34),33),36)),(23,((24,25),26))),(((21,22),(20,(19,18))),((16,17),(15,14)))));
Tree Score: 12116.106553099973
Total Score Improvement: 0.1618321180796114

--------------ITERATION 9--------------
Input tree: (((((0,1),2),(3,(4,(5,6)))),(7,8)),(((((9,(((10,11),(12,(13,14))),15)),16),((17,(((18,19),(20,21)),22)),(23,((24,25),26)))),(((((27,28),29),30),31),(32,(33,34)))),(35,36)));
Initial Score: 9714.806553705217

Step Number: 1
Time Spent: 8.846444579 seconds
New Tree:
Tree: (((((0,1),2),(3,(4,(5,6)))),(7,8)),((((((((27,28),29),30),31),(32,(33,34))),((17,(((18,19),(20,21)),22)),(23,((24,25),26)))),((9,(((10,11),(12,(13,14))),15)),16)),(35,36)));
Tree Score: 12234.83265226279
Score Improvement: 0.25940054334858975

Step Number: 2
Time Spent: 8.879645101 seconds
New Tree:
Tree: (((((0,1),2),(3,(4,(5,6)))),(7,8)),((((((((27,28),29),30),31),(32,(33,34))),((17,(((18,19),(20,21)),22)),(23,((24,25),26)))),((9,((15,(12,(13,14))),(10,11))),16)),(35,36)));
Tree Score: 12309.726627143013
Score Improvement: 0.006121373050931744

Step Number: 3
Time Spent: 8.854991616 seconds
New Tree:
Tree: (((((0,1),2),((5,6),(4,3))),(7,8)),((((((((27,28),29),30),31),(32,(33,34))),((17,(((18,19),(20,21)),22)),(23,((24,25),26)))),((9,((15,(12,(13,14))),(10,11))),16)),(35,36)));
Tree Score: 12365.846851556824
Score Improvement: 0.004559014681127405

Step Number: 4
Time Spent: 8.333683983 seconds
New Tree:
Tree: (((((0,1),2),((5,6),(4,3))),(7,8)),((((((((27,28),29),30),31),(32,(33,34))),((17,(((18,19),(20,21)),22)),(23,((24,25),26)))),((9,((15,(12,(13,14))),(10,11))),16)),(35,36)));
Tree Score: 12365.846851556824
Score Improvement: 0.0

TOTAL STEPS: 4
TOTAL TIME: 34.914765279 seconds
Final tree: Tree: (((((0,1),2),((5,6),(4,3))),(7,8)),((((((((27,28),29),30),31),(32,(33,34))),((17,(((18,19),(20,21)),22)),(23,((24,25),26)))),((9,((15,(12,(13,14))),(10,11))),16)),(35,36)));
Tree Score: 12365.846851556824
Total Score Improvement: 0.2728865760935304

--------------ITERATION 10--------------
Input tree: (((((0,1),(2,3)),((4,(5,(6,7))),(8,9))),((10,((11,12),((13,(14,15)),((16,(17,18)),(19,20))))),21)),(((((22,23),24),25),(26,((27,(28,(29,30))),(31,(32,33))))),((34,35),36)));
Initial Score: 8964.693325719847

Step Number: 1
Time Spent: 8.609363803 seconds
New Tree:
Tree: (((((0,1),(2,3)),((4,(5,(6,7))),(8,9))),((34,35),36)),(((((22,23),24),25),(26,((27,(28,(29,30))),(31,(32,33))))),((10,((11,12),((13,(14,15)),((16,(17,18)),(19,20))))),21)));
Tree Score: 10140.293552997573
Score Improvement: 0.13113669197192834

Step Number: 2
Time Spent: 8.636418989 seconds
New Tree:
Tree: (((((0,1),(2,3)),((34,35),36)),((4,(5,(6,7))),(8,9))),(((((22,23),24),25),(26,((27,(28,(29,30))),(31,(32,33))))),((10,((11,12),((13,(14,15)),((16,(17,18)),(19,20))))),21)));
Tree Score: 11073.937151819518
Score Improvement: 0.09207264010083338

Step Number: 3
Time Spent: 8.560780879 seconds
New Tree:
Tree: (((((0,1),(2,3)),((34,35),36)),((4,(5,(6,7))),(8,9))),(((((22,23),24),25),(26,((27,(28,(29,30))),(31,(32,33))))),((10,(((16,(17,18)),(19,20)),((13,(14,15)),(11,12)))),21)));
Tree Score: 11407.232828109343
Score Improvement: 0.030097306108971544

Step Number: 4
Time Spent: 8.576882158 seconds
New Tree:
Tree: (((((0,1),(2,3)),((34,35),36)),((4,(5,(6,7))),(8,9))),(((((22,23),24),25),((31,(32,33)),((27,(28,(29,30))),26))),((10,(((16,(17,18)),(19,20)),((13,(14,15)),(11,12)))),21)));
Tree Score: 11493.359177831378
Score Improvement: 0.007550152698716284

Step Number: 5
Time Spent: 9.149931496 seconds
New Tree:
Tree: (((((0,1),(2,3)),((34,35),36)),(((6,7),(5,4)),(8,9))),(((((22,23),24),25),((31,(32,33)),((27,(28,(29,30))),26))),((10,(((16,(17,18)),(19,20)),((13,(14,15)),(11,12)))),21)));
Tree Score: 11525.881352521297
Score Improvement: 0.0028296492075743362

Step Number: 6
Time Spent: 8.637113002 seconds
New Tree:
Tree: (((((0,1),(2,3)),((34,35),36)),(((6,7),(5,4)),(8,9))),(((((22,23),24),25),((31,(32,33)),(((29,30),(28,27)),26))),((10,(((16,(17,18)),(19,20)),((13,(14,15)),(11,12)))),21)));
Tree Score: 11544.914877516967
Score Improvement: 0.001651372629435155

Step Number: 7
Time Spent: 8.662144607 seconds
New Tree:
Tree: (((((0,1),(2,3)),((34,35),36)),(((6,7),(5,4)),(8,9))),(((((22,23),24),25),((31,(32,33)),((26,(28,27)),(29,30)))),((10,(((16,(17,18)),(19,20)),((13,(14,15)),(11,12)))),21)));
Tree Score: 11701.51255224627
Score Improvement: 0.013564212156667033

Step Number: 8
Time Spent: 8.622829691 seconds
New Tree:
Tree: (((((0,1),(2,3)),((34,35),36)),(((6,7),(5,4)),(8,9))),(((((22,23),24),25),((31,(32,33)),((26,(28,27)),(29,30)))),((10,(((16,(17,18)),(19,20)),((13,(14,15)),(11,12)))),21)));
Tree Score: 11701.51255224627
Score Improvement: 0.0

TOTAL STEPS: 8
TOTAL TIME: 69.455464625 seconds
Final tree: Tree: (((((0,1),(2,3)),((34,35),36)),(((6,7),(5,4)),(8,9))),(((((22,23),24),25),((31,(32,33)),((26,(28,27)),(29,30)))),((10,(((16,(17,18)),(19,20)),((13,(14,15)),(11,12)))),21)));
Tree Score: 11701.51255224627
Total Score Improvement: 0.3052886615400936

--------------ITERATION 11--------------
Input tree: ((0,(1,2)),(((3,(4,5)),((6,(7,8)),(9,(10,(11,(12,13)))))),(((14,(((15,16),17),18)),(19,((((20,21),22),23),((24,25),26)))),(((((27,28),(29,30)),31),(32,33)),(34,(35,36))))));
Initial Score: 9794.628524172012

Step Number: 1
Time Spent: 8.665974004 seconds
New Tree:
Tree: ((0,(1,2)),(((((14,(((15,16),17),18)),(19,((((20,21),22),23),((24,25),26)))),(((((27,28),(29,30)),31),(32,33)),(34,(35,36)))),((6,(7,8)),(9,(10,(11,(12,13)))))),(3,(4,5))));
Tree Score: 11500.160048595755
Score Improvement: 0.17412927097895414

Step Number: 2
Time Spent: 8.281553122 seconds
New Tree:
Tree: ((0,(1,2)),(((((14,(((15,16),17),18)),(((24,25),26),((((20,21),22),23),19))),(((((27,28),(29,30)),31),(32,33)),(34,(35,36)))),((6,(7,8)),(9,(10,(11,(12,13)))))),(3,(4,5))));
Tree Score: 11904.088723162256
Score Improvement: 0.03512374374440319

Step Number: 3
Time Spent: 8.866184241 seconds
New Tree:
Tree: ((0,(1,2)),(((((14,(((15,16),17),18)),(((24,25),26),((((20,21),22),23),19))),(((((27,28),(29,30)),31),(32,33)),(34,(35,36)))),((10,(11,(12,13))),(9,(6,(7,8))))),(3,(4,5))));
Tree Score: 12038.069272616945
Score Improvement: 0.01125500259368839

Step Number: 4
Time Spent: 8.866415345 seconds
New Tree:
Tree: ((0,(1,2)),(((((14,((18,17),(15,16))),(((24,25),26),((((20,21),22),23),19))),(((((27,28),(29,30)),31),(32,33)),(34,(35,36)))),((10,(11,(12,13))),(9,(6,(7,8))))),(3,(4,5))));
Tree Score: 12101.880947603884
Score Improvement: 0.005300823042453384

Step Number: 5
Time Spent: 8.289362775 seconds
New Tree:
Tree: ((0,(1,2)),(((((14,((18,17),(15,16))),(((24,25),26),((((20,21),22),19),23))),(((((27,28),(29,30)),31),(32,33)),(34,(35,36)))),((10,(11,(12,13))),(9,(6,(7,8))))),(3,(4,5))));
Tree Score: 12121.145372989628
Score Improvement: 0.0015918538175305752

Step Number: 6
Time Spent: 7.723130923 seconds
New Tree:
Tree: ((0,(1,2)),(((((14,((18,17),(15,16))),(((24,25),26),((((20,21),22),19),23))),(((((27,28),(29,30)),31),(32,33)),(34,(35,36)))),((10,(11,(12,13))),(9,(6,(7,8))))),(5,(4,3))));
Tree Score: 12130.480572695884
Score Improvement: 7.701582168182508E-4

Step Number: 7
Time Spent: 7.185873358 seconds
New Tree:
Tree: ((0,(1,2)),(((((14,((18,17),(15,16))),(((24,25),26),((((20,21),22),19),23))),(((((27,28),(29,30)),31),(32,33)),(34,(35,36)))),((10,(12,(11,13))),(9,(6,(7,8))))),(5,(4,3))));
Tree Score: 12131.062797603237
Score Improvement: 4.799685419420996E-5

Step Number: 8
Time Spent: 6.646897835 seconds
New Tree:
Tree: ((0,(1,2)),(((((14,((18,17),(15,16))),(((24,25),26),((((20,21),22),19),23))),(((((27,28),(29,30)),31),(32,33)),(34,(35,36)))),(((11,13),(12,10)),(9,(6,(7,8))))),(5,(4,3))));
Tree Score: 12159.664322416338
Score Improvement: 0.0023577097316445084

Step Number: 9
Time Spent: 6.114284296 seconds
New Tree:
Tree: ((0,(1,2)),(((((14,((18,17),(15,16))),(((24,25),26),((((20,21),22),19),23))),(((((27,28),(29,30)),31),(32,33)),(34,(35,36)))),(((11,13),(12,10)),(9,(6,(7,8))))),(5,(4,3))));
Tree Score: 12159.664322416338
Score Improvement: 0.0

TOTAL STEPS: 9
TOTAL TIME: 70.639675899 seconds
Final tree: Tree: ((0,(1,2)),(((((14,((18,17),(15,16))),(((24,25),26),((((20,21),22),19),23))),(((((27,28),(29,30)),31),(32,33)),(34,(35,36)))),(((11,13),(12,10)),(9,(6,(7,8))))),(5,(4,3))));
Tree Score: 12159.664322416338
Total Score Improvement: 0.24146253146892604

--------------ITERATION 12--------------
Input tree: (((((0,(1,2)),(3,4)),(((((5,6),7),8),(9,10)),((11,12),13))),14),(((15,((((16,17),(18,19)),(20,21)),22)),(((((23,24),25),(26,27)),((28,29),(30,31))),32)),(33,((34,35),36))));
Initial Score: 8333.69477605597

Step Number: 1
Time Spent: 10.534631883 seconds
New Tree:
Tree: (((((0,(1,2)),(3,4)),(((((5,6),7),8),(9,10)),((11,12),13))),14),((((((23,24),25),(26,27)),((28,29),(30,31))),((15,((((16,17),(18,19)),(20,21)),22)),32)),(33,((34,35),36))));
Tree Score: 10151.477202050588
Score Improvement: 0.2181244303807952

Step Number: 2
Time Spent: 5.985911616 seconds
New Tree:
Tree: (((((0,(1,2)),(3,4)),((((11,12),13),(9,10)),(((5,6),7),8))),14),((((((23,24),25),(26,27)),((28,29),(30,31))),((15,((((16,17),(18,19)),(20,21)),22)),32)),(33,((34,35),36))));
Tree Score: 10288.232927022702
Score Improvement: 0.013471509835483841

Step Number: 3
Time Spent: 4.700206011 seconds
New Tree:
Tree: (((((0,(1,2)),(3,4)),((((11,12),13),(9,10)),(((7,6),5),8))),14),((((((23,24),25),(26,27)),((28,29),(30,31))),((15,((((16,17),(18,19)),(20,21)),22)),32)),(33,((34,35),36))));
Tree Score: 10310.900377021371
Score Improvement: 0.002203240358131131

Step Number: 4
Time Spent: 4.42248061 seconds
New Tree:
Tree: (((((0,(1,2)),(3,4)),((((11,12),13),(9,10)),(((7,6),5),8))),14),((((((23,24),25),(26,27)),((28,29),(30,31))),((15,((((16,17),(18,19)),(20,21)),22)),32)),(33,((34,35),36))));
Tree Score: 10310.900377021371
Score Improvement: 0.0

TOTAL STEPS: 4
TOTAL TIME: 25.64323012 seconds
Final tree: Tree: (((((0,(1,2)),(3,4)),((((11,12),13),(9,10)),(((7,6),5),8))),14),((((((23,24),25),(26,27)),((28,29),(30,31))),((15,((((16,17),(18,19)),(20,21)),22)),32)),(33,((34,35),36))));
Tree Score: 10310.900377021371
Total Score Improvement: 0.2372543816514887

--------------ITERATION 13--------------
Input tree: (((((0,1),2),((3,(4,5)),(((6,(7,8)),9),(10,11)))),((12,13),((((((14,(15,16)),(17,18)),((19,(20,21)),22)),23),(24,(25,26))),((((27,(28,29)),30),((31,(32,33)),34)),35)))),36);
Initial Score: 7521.812877060798

Step Number: 1
Time Spent: 5.004159119 seconds
New Tree:
Tree: (((((0,1),2),((3,(4,5)),(((6,(7,8)),9),(10,11)))),((12,13),((((((27,(28,29)),30),((31,(32,33)),34)),35),(24,(25,26))),((((14,(15,16)),(17,18)),((19,(20,21)),22)),23)))),36);
Tree Score: 8677.398026996187
Score Improvement: 0.15363120152318133

Step Number: 2
Time Spent: 4.744735067 seconds
New Tree:
Tree: (((((0,1),2),((3,(4,5)),(((6,(7,8)),9),(10,11)))),((12,13),((((((27,(28,29)),30),((31,(32,33)),34)),35),(24,(25,26))),((23,((19,(20,21)),22)),((14,(15,16)),(17,18)))))),36);
Tree Score: 9562.619201076872
Score Improvement: 0.102014586783582

Step Number: 3
Time Spent: 4.940143226 seconds
New Tree:
Tree: ((((((6,(7,8)),9),(10,11)),((3,(4,5)),((0,1),2))),((12,13),((((((27,(28,29)),30),((31,(32,33)),34)),35),(24,(25,26))),((23,((19,(20,21)),22)),((14,(15,16)),(17,18)))))),36);
Tree Score: 10225.088425028793
Score Improvement: 0.06927696377131887

Step Number: 4
Time Spent: 4.685844828 seconds
New Tree:
Tree: ((((((6,(7,8)),9),(10,11)),((3,(4,5)),((0,1),2))),((12,13),((((((27,(28,29)),30),((31,(32,33)),34)),35),(24,(25,26))),((23,((19,(20,21)),22)),((16,(15,14)),(17,18)))))),36);
Tree Score: 10242.30935000228
Score Improvement: 0.001684183476725165

Step Number: 5
Time Spent: 4.412993021 seconds
New Tree:
Tree: ((((((6,(7,8)),9),(10,11)),((3,(4,5)),((0,1),2))),((12,13),((((((27,(28,29)),30),((31,(32,33)),34)),35),(24,(25,26))),((23,((21,(20,19)),22)),((16,(15,14)),(17,18)))))),36);
Tree Score: 10258.845600004963
Score Improvement: 0.001614504057395827

Step Number: 6
Time Spent: 4.138451545 seconds
New Tree:
Tree: ((((((6,(7,8)),9),(10,11)),((5,(4,3)),((0,1),2))),((12,13),((((((27,(28,29)),30),((31,(32,33)),34)),35),(24,(25,26))),((23,((21,(20,19)),22)),((16,(15,14)),(17,18)))))),36);
Tree Score: 10268.18079971122
Score Improvement: 9.099659035955998E-4

Step Number: 7
Time Spent: 3.869052831 seconds
New Tree:
Tree: ((((((6,(7,8)),9),(10,11)),((5,(4,3)),((0,1),2))),((12,13),((((((29,(28,27)),30),((31,(32,33)),34)),35),(24,(25,26))),((23,((21,(20,19)),22)),((16,(15,14)),(17,18)))))),36);
Tree Score: 10270.405474696032
Score Improvement: 2.1665716919150313E-4

Step Number: 8
Time Spent: 3.594666892 seconds
New Tree:
Tree: ((((((6,(7,8)),9),(10,11)),((5,(4,3)),((0,1),2))),((12,13),((((((29,(28,27)),30),((31,(32,33)),34)),35),(24,(25,26))),((22,((21,(20,19)),23)),((16,(15,14)),(17,18)))))),36);
Tree Score: 10271.954475434686
Score Improvement: 1.5082177061764845E-4

Step Number: 9
Time Spent: 3.325202108 seconds
New Tree:
Tree: ((((((6,(7,8)),9),(10,11)),((5,(4,3)),((0,1),2))),((12,13),((((((29,(28,27)),30),((31,(32,33)),34)),35),(24,(25,26))),((22,((21,(20,19)),23)),((16,(15,14)),(17,18)))))),36);
Tree Score: 10271.954475434686
Score Improvement: 0.0

TOTAL STEPS: 9
TOTAL TIME: 38.715248637 seconds
Final tree: Tree: ((((((6,(7,8)),9),(10,11)),((5,(4,3)),((0,1),2))),((12,13),((((((29,(28,27)),30),((31,(32,33)),34)),35),(24,(25,26))),((22,((21,(20,19)),23)),((16,(15,14)),(17,18)))))),36);
Tree Score: 10271.954475434686
Total Score Improvement: 0.3656221769037846

--------------ITERATION 14--------------
Input tree: ((((((((0,1),2),3),((4,(5,6)),(7,8))),((9,10),(11,12))),(((13,14),15),(16,17))),(((18,(19,20)),(21,22)),23)),((((24,25),26),27),((28,((29,30),31)),((32,33),((34,35),36)))));
Initial Score: 10851.092427889278

Step Number: 1
Time Spent: 5.536214836 seconds
New Tree:
Tree: (((((((13,14),15),(16,17)),((9,10),(11,12))),((((0,1),2),3),((4,(5,6)),(7,8)))),(((18,(19,20)),(21,22)),23)),((((24,25),26),27),((28,((29,30),31)),((32,33),((34,35),36)))));
Tree Score: 12480.273853386156
Score Improvement: 0.15013985332108915

Step Number: 2
Time Spent: 5.17206825 seconds
New Tree:
Tree: (((((((13,14),15),(16,17)),((9,10),(11,12))),((((0,1),2),3),((4,(5,6)),(7,8)))),(((18,(19,20)),23),(21,22))),((((24,25),26),27),((28,((29,30),31)),((32,33),((34,35),36)))));
Tree Score: 12970.885703866938
Score Improvement: 0.03931098437777214

Step Number: 3
Time Spent: 4.891919775 seconds
New Tree:
Tree: (((((((13,14),15),(16,17)),((9,10),(11,12))),((((0,1),2),3),((4,(5,6)),(7,8)))),(((18,(19,20)),23),(21,22))),((((24,25),26),27),(((34,35),36),((32,33),(28,((29,30),31))))));
Tree Score: 13122.107228872934
Score Improvement: 0.011658535003582271

Step Number: 4
Time Spent: 4.612559461 seconds
New Tree:
Tree: (((((((13,14),15),(16,17)),((9,10),(11,12))),((((0,1),2),3),((4,(5,6)),(7,8)))),(((18,(19,20)),23),(21,22))),(((27,26),(24,25)),(((34,35),36),((32,33),(28,((29,30),31))))));
Tree Score: 13255.728778540724
Score Improvement: 0.010182933833506436

Step Number: 5
Time Spent: 4.327940236 seconds
New Tree:
Tree: (((((((13,14),15),(16,17)),((9,10),(11,12))),((((0,1),2),3),((4,(5,6)),(7,8)))),(((20,(19,18)),23),(21,22))),(((27,26),(24,25)),(((34,35),36),((32,33),(28,((29,30),31))))));
Tree Score: 13276.796878784531
Score Improvement: 0.0015893581255157496

Step Number: 6
Time Spent: 4.061885104 seconds
New Tree:
Tree: (((((((13,14),15),(16,17)),((9,10),(11,12))),((((2,1),0),3),((4,(5,6)),(7,8)))),(((20,(19,18)),23),(21,22))),(((27,26),(24,25)),(((34,35),36),((32,33),(28,((29,30),31))))));
Tree Score: 13289.026603906983
Score Improvement: 9.211352131170969E-4

Step Number: 7
Time Spent: 3.794195198 seconds
New Tree:
Tree: (((((((15,14),13),(16,17)),((9,10),(11,12))),((((2,1),0),3),((4,(5,6)),(7,8)))),(((20,(19,18)),23),(21,22))),(((27,26),(24,25)),(((34,35),36),((32,33),(28,((29,30),31))))));
Tree Score: 13295.50235407018
Score Improvement: 4.873005643086792E-4

Step Number: 8
Time Spent: 3.524163652 seconds
New Tree:
Tree: (((((((15,14),13),(16,17)),((9,10),(11,12))),((((2,1),0),3),((4,(5,6)),(7,8)))),(((20,(19,18)),23),(21,22))),(((27,26),(24,25)),(((34,35),36),((32,33),(28,((29,30),31))))));
Tree Score: 13295.50235407018
Score Improvement: 0.0

TOTAL STEPS: 8
TOTAL TIME: 35.920946512 seconds
Final tree: Tree: (((((((15,14),13),(16,17)),((9,10),(11,12))),((((2,1),0),3),((4,(5,6)),(7,8)))),(((20,(19,18)),23),(21,22))),(((27,26),(24,25)),(((34,35),36),((32,33),(28,((29,30),31))))));
Tree Score: 13295.50235407018
Total Score Improvement: 0.2252685563619683

--------------ITERATION 15--------------
Input tree: (((0,((((1,2),(3,4)),(5,(6,7))),8)),9),((((((10,11),(12,(13,14))),15),(((16,17),18),19)),((20,21),((22,23),(24,25)))),((26,((27,((28,29),30)),31)),((32,33),(34,(35,36))))));
Initial Score: 8968.693101190198

Step Number: 1
Time Spent: 5.110127761 seconds
New Tree:
Tree: (((0,((((1,2),(3,4)),(5,(6,7))),8)),9),((((26,((27,((28,29),30)),31)),((32,33),(34,(35,36)))),((20,21),((22,23),(24,25)))),((((10,11),(12,(13,14))),15),(((16,17),18),19))));
Tree Score: 9764.22960050316
Score Improvement: 0.08870149645408087

Step Number: 2
Time Spent: 5.140335095 seconds
New Tree:
Tree: (((0,((((1,2),(3,4)),(5,(6,7))),8)),9),((((26,((27,((28,29),30)),31)),((32,33),(34,(35,36)))),((20,21),((22,23),(24,25)))),(((15,(12,(13,14))),(10,11)),(((16,17),18),19))));
Tree Score: 10006.762151190596
Score Improvement: 0.024838882391186035

Step Number: 3
Time Spent: 4.853842238 seconds
New Tree:
Tree: (((0,((8,(5,(6,7))),((1,2),(3,4)))),9),((((26,((27,((28,29),30)),31)),((32,33),(34,(35,36)))),((20,21),((22,23),(24,25)))),(((15,(12,(13,14))),(10,11)),(((16,17),18),19))));
Tree Score: 10206.804226171509
Score Improvement: 0.019990689491616642

Step Number: 4
Time Spent: 4.535296912 seconds
New Tree:
Tree: (((0,((8,(5,(6,7))),((1,2),(3,4)))),9),((((34,(35,36)),((32,33),(26,((27,((28,29),30)),31)))),((20,21),((22,23),(24,25)))),(((15,(12,(13,14))),(10,11)),(((16,17),18),19))));
Tree Score: 10367.535650786296
Score Improvement: 0.015747477962068768

Step Number: 5
Time Spent: 4.249280862 seconds
New Tree:
Tree: (((0,((8,(5,(6,7))),((1,2),(3,4)))),9),((((34,(35,36)),((32,33),(26,((27,((28,29),30)),31)))),((20,21),((22,23),(24,25)))),(((15,(12,(13,14))),(10,11)),((19,18),(16,17)))));
Tree Score: 10396.887501389847
Score Improvement: 0.0028311309063426826

Step Number: 6
Time Spent: 3.973970921 seconds
New Tree:
Tree: ((((8,(5,(6,7))),(0,((1,2),(3,4)))),9),((((34,(35,36)),((32,33),(26,((27,((28,29),30)),31)))),((20,21),((22,23),(24,25)))),(((15,(12,(13,14))),(10,11)),((19,18),(16,17)))));
Tree Score: 10418.81437614666
Score Improvement: 0.002108984516171919

Step Number: 7
Time Spent: 4.231061297 seconds
New Tree:
Tree: ((((8,(5,(6,7))),9),(0,((1,2),(3,4)))),((((34,(35,36)),((32,33),(26,((27,((28,29),30)),31)))),((20,21),((22,23),(24,25)))),(((15,(12,(13,14))),(10,11)),((19,18),(16,17)))));
Tree Score: 11414.032701160886
Score Improvement: 0.09552126461651222

Step Number: 8
Time Spent: 3.945613684 seconds
New Tree:
Tree: ((((8,(5,(6,7))),9),((3,4),((1,2),0))),((((34,(35,36)),((32,33),(26,((27,((28,29),30)),31)))),((20,21),((22,23),(24,25)))),(((15,(12,(13,14))),(10,11)),((19,18),(16,17)))));
Tree Score: 11570.925501212605
Score Improvement: 0.013745606321573067

Step Number: 9
Time Spent: 3.695252798 seconds
New Tree:
Tree: ((((8,(5,(6,7))),9),((3,4),((1,2),0))),((((34,(35,36)),((32,33),(26,((27,((28,29),30)),31)))),((20,21),((22,23),(24,25)))),(((15,(12,(13,14))),(10,11)),((19,18),(16,17)))));
Tree Score: 11570.925501212605
Score Improvement: 0.0

TOTAL STEPS: 9
TOTAL TIME: 39.734781568 seconds
Final tree: Tree: ((((8,(5,(6,7))),9),((3,4),((1,2),0))),((((34,(35,36)),((32,33),(26,((27,((28,29),30)),31)))),((20,21),((22,23),(24,25)))),(((15,(12,(13,14))),(10,11)),((19,18),(16,17)))));
Tree Score: 11570.925501212605
Total Score Improvement: 0.290146219818479

--------------ITERATION 16--------------
Input tree: ((((0,((1,2),(3,4))),5),(6,((7,(((8,9),10),11)),(((12,13),14),(15,16))))),(((((17,(18,19)),(20,(21,(22,23)))),24),(((25,(26,27)),(28,29)),(30,31))),((32,((33,34),35)),36)));
Initial Score: 10338.133899186156

Step Number: 1
Time Spent: 5.338114226 seconds
New Tree:
Tree: ((((0,((1,2),(3,4))),5),((((12,13),14),(15,16)),((7,(((8,9),10),11)),6))),(((((17,(18,19)),(20,(21,(22,23)))),24),(((25,(26,27)),(28,29)),(30,31))),((32,((33,34),35)),36)));
Tree Score: 12323.031697307131
Score Improvement: 0.19199768715292342

Step Number: 2
Time Spent: 5.114099495 seconds
New Tree:
Tree: ((((0,((1,2),(3,4))),5),((((12,13),14),(15,16)),((7,(((8,9),10),11)),6))),((((((25,(26,27)),(28,29)),(30,31)),24),((17,(18,19)),(20,(21,(22,23))))),((32,((33,34),35)),36)));
Tree Score: 13351.565023174859
Score Improvement: 0.08346430903788771

Step Number: 3
Time Spent: 5.123209872 seconds
New Tree:
Tree: ((((0,((1,2),(3,4))),5),((((12,13),14),(15,16)),((7,(((8,9),10),11)),6))),((((((25,(26,27)),(28,29)),24),(30,31)),((17,(18,19)),(20,(21,(22,23))))),((32,((33,34),35)),36)));
Tree Score: 13634.388797950349
Score Improvement: 0.021182818215286447

Step Number: 4
Time Spent: 4.848444694 seconds
New Tree:
Tree: ((((0,((1,2),(3,4))),5),((((12,13),14),(15,16)),((7,(((8,9),10),11)),6))),((((((25,(26,27)),(28,29)),24),(30,31)),((17,(18,19)),((22,23),(21,20)))),((32,((33,34),35)),36)));
Tree Score: 13689.827323057107
Score Improvement: 0.0040660806970014285

Step Number: 5
Time Spent: 4.592795635 seconds
New Tree:
Tree: (((((3,4),((1,2),0)),5),((((12,13),14),(15,16)),((7,(((8,9),10),11)),6))),((((((25,(26,27)),(28,29)),24),(30,31)),((17,(18,19)),((22,23),(21,20)))),((32,((33,34),35)),36)));
Tree Score: 13700.069873135886
Score Improvement: 7.481869447343303E-4

Step Number: 6
Time Spent: 4.338479774 seconds
New Tree:
Tree: (((((3,4),5),((1,2),0)),((((12,13),14),(15,16)),((7,(((8,9),10),11)),6))),((((((25,(26,27)),(28,29)),24),(30,31)),((17,(18,19)),((22,23),(21,20)))),((32,((33,34),35)),36)));
Tree Score: 14180.93349828606
Score Improvement: 0.03509935566774636

Step Number: 7
Time Spent: 4.052748119 seconds
New Tree:
Tree: (((((3,4),5),((1,2),0)),((((14,13),12),(15,16)),((7,(((8,9),10),11)),6))),((((((25,(26,27)),(28,29)),24),(30,31)),((17,(18,19)),((22,23),(21,20)))),((32,((33,34),35)),36)));
Tree Score: 14190.304698408
Score Improvement: 6.608309758360242E-4

Step Number: 8
Time Spent: 3.790090346 seconds
New Tree:
Tree: (((((3,4),5),((1,2),0)),((((14,13),12),(15,16)),((7,(((8,9),10),11)),6))),((((((25,(26,27)),(28,29)),24),(30,31)),((19,(18,17)),((22,23),(21,20)))),((32,((33,34),35)),36)));
Tree Score: 14199.565198764554
Score Improvement: 6.525934821959289E-4

Step Number: 9
Time Spent: 3.523237627 seconds
New Tree:
Tree: (((((3,4),5),((1,2),0)),((((14,13),12),(15,16)),((7,(((8,9),11),10)),6))),((((((25,(26,27)),(28,29)),24),(30,31)),((19,(18,17)),((22,23),(21,20)))),((32,((33,34),35)),36)));
Tree Score: 14205.652299017063
Score Improvement: 4.2868215803104626E-4

Step Number: 10
Time Spent: 3.252985802 seconds
New Tree:
Tree: (((((3,4),5),((1,2),0)),((((14,13),12),(15,16)),((7,(((8,9),11),10)),6))),((((((25,(26,27)),(28,29)),24),(30,31)),((19,(18,17)),((22,23),(21,20)))),((36,((33,34),35)),32)));
Tree Score: 14207.844749426818
Score Improvement: 1.543364826623872E-4

Step Number: 11
Time Spent: 2.988217776 seconds
New Tree:
Tree: (((((3,4),5),((1,2),0)),((((14,13),12),(15,16)),((7,(((8,9),11),10)),6))),((((((25,(26,27)),(28,29)),24),(30,31)),((19,(18,17)),((22,23),(21,20)))),((36,((35,34),33)),32)));
Tree Score: 14215.104624345433
Score Improvement: 5.109765095727692E-4

Step Number: 12
Time Spent: 2.992137338 seconds
New Tree:
Tree: (((((3,4),5),((1,2),0)),((((14,13),12),(15,16)),((7,(((8,9),11),10)),6))),((((((25,(26,27)),(28,29)),24),(30,31)),((19,(18,17)),((22,23),(21,20)))),((36,((35,34),33)),32)));
Tree Score: 14215.104624345433
Score Improvement: 0.0

TOTAL STEPS: 12
TOTAL TIME: 49.954560704 seconds
Final tree: Tree: (((((3,4),5),((1,2),0)),((((14,13),12),(15,16)),((7,(((8,9),11),10)),6))),((((((25,(26,27)),(28,29)),24),(30,31)),((19,(18,17)),((22,23),(21,20)))),((36,((35,34),33)),32)));
Tree Score: 14215.104624345433
Total Score Improvement: 0.37501649359218314

--------------ITERATION 17--------------
Input tree: ((((((0,1),(2,3)),(4,5)),(6,7)),((((8,9),10),(11,(12,13))),(14,15))),(((((16,(17,(18,19))),((20,21),((22,23),24))),(25,(26,27))),(((28,29),((30,(31,32)),33)),34)),(35,36)));
Initial Score: 8538.864949099132

Step Number: 1
Time Spent: 5.216266538 seconds
New Tree:
Tree: ((((((0,1),(2,3)),(4,5)),(6,7)),(35,36)),(((((16,(17,(18,19))),((20,21),((22,23),24))),(25,(26,27))),(((28,29),((30,(31,32)),33)),34)),((((8,9),10),(11,(12,13))),(14,15))));
Tree Score: 11907.501522407032
Score Improvement: 0.39450636511862136

Step Number: 2
Time Spent: 5.192385847 seconds
New Tree:
Tree: ((((((0,1),(2,3)),(4,5)),(6,7)),(35,36)),((((((28,29),((30,(31,32)),33)),34),(25,(26,27))),((16,(17,(18,19))),((20,21),((22,23),24)))),((((8,9),10),(11,(12,13))),(14,15))));
Tree Score: 13790.789472162798
Score Improvement: 0.15815979080177933

Step Number: 3
Time Spent: 4.902043899 seconds
New Tree:
Tree: ((((((0,1),(2,3)),(4,5)),(6,7)),(35,36)),((((((28,29),((30,(31,32)),33)),34),(25,(26,27))),((16,(17,(18,19))),((20,21),((22,23),24)))),(((14,15),(11,(12,13))),((8,9),10))));
Tree Score: 14143.06082346484
Score Improvement: 0.025543958307326475

Step Number: 4
Time Spent: 4.609317428 seconds
New Tree:
Tree: ((((((0,1),(2,3)),(4,5)),(6,7)),(35,36)),((((((28,29),((30,(31,32)),33)),34),(25,(26,27))),((16,(19,(18,17))),((20,21),((22,23),24)))),(((14,15),(11,(12,13))),((8,9),10))));
Tree Score: 14156.486898014397
Score Improvement: 9.493047309308E-4

Step Number: 5
Time Spent: 4.34069933 seconds
New Tree:
Tree: ((((((0,1),(2,3)),(4,5)),(6,7)),(35,36)),((((((28,29),((30,(31,32)),33)),34),(25,(26,27))),((16,(19,(18,17))),((20,21),((22,23),24)))),(((14,15),(12,(11,13))),((8,9),10))));
Tree Score: 14163.168622979969
Score Improvement: 4.719903330330233E-4

Step Number: 6
Time Spent: 4.07396597 seconds
New Tree:
Tree: ((((((0,1),(2,3)),(4,5)),(6,7)),(35,36)),((((((28,29),((30,(31,32)),33)),34),(25,(26,27))),((16,(19,(18,17))),((20,21),((22,23),24)))),(((14,15),(12,(11,13))),((8,9),10))));
Tree Score: 14163.168622979969
Score Improvement: 0.0

TOTAL STEPS: 6
TOTAL TIME: 28.334679012 seconds
Final tree: Tree: ((((((0,1),(2,3)),(4,5)),(6,7)),(35,36)),((((((28,29),((30,(31,32)),33)),34),(25,(26,27))),((16,(19,(18,17))),((20,21),((22,23),24)))),(((14,15),(12,(11,13))),((8,9),10))));
Tree Score: 14163.168622979969
Total Score Improvement: 0.6586711123091615

--------------ITERATION 18--------------
Input tree: ((((0,((1,2),3)),(((4,5),6),(7,8))),((9,((10,11),(12,13))),(14,(15,16)))),(((((17,18),(19,20)),(21,22)),((((23,24),25),(26,27)),(28,29))),((30,((31,32),33)),((34,35),36))));
Initial Score: 13810.736199441482

Step Number: 1
Time Spent: 4.51656527 seconds
New Tree:
Tree: ((((0,((1,2),3)),(((4,5),6),(7,8))),((9,((10,11),(12,13))),(14,(15,16)))),(((((17,18),(19,20)),(21,22)),(((28,29),(26,27)),((23,24),25))),((30,((31,32),33)),((34,35),36))));
Tree Score: 13856.032375389244
Score Improvement: 0.0032797799692672047

Step Number: 2
Time Spent: 5.022973522 seconds
New Tree:
Tree: ((((0,((1,2),3)),(((4,5),6),(7,8))),(((12,13),((10,11),9)),(14,(15,16)))),(((((17,18),(19,20)),(21,22)),(((28,29),(26,27)),((23,24),25))),((30,((31,32),33)),((34,35),36))));
Tree Score: 13878.082250281703
Score Improvement: 0.0015913556128537287

Step Number: 3
Time Spent: 4.771078012 seconds
New Tree:
Tree: ((((0,((1,2),3)),(((4,5),6),(7,8))),(((12,13),((10,11),9)),(14,(15,16)))),(((((17,18),(19,20)),(21,22)),(((28,29),(26,27)),((23,24),25))),((30,((33,32),31)),((34,35),36))));
Tree Score: 13887.882200404536
Score Improvement: 7.0614584537676E-4

Step Number: 4
Time Spent: 4.773464419 seconds
New Tree:
Tree: ((((0,((1,2),3)),(((4,5),6),(7,8))),(((12,13),((10,11),9)),(14,(15,16)))),(((((17,18),(19,20)),(21,22)),(((28,29),(26,27)),((23,24),25))),(((33,32),(30,31)),((34,35),36))));
Tree Score: 13966.770450375509
Score Improvement: 0.005680365719740621

Step Number: 5
Time Spent: 4.513540165 seconds
New Tree:
Tree: ((((0,((1,2),3)),(((4,5),6),(7,8))),(((12,13),((10,11),9)),(14,(15,16)))),(((((17,18),(19,20)),(21,22)),(((28,29),(26,27)),((23,24),25))),(((33,32),(30,31)),((34,35),36))));
Tree Score: 13966.770450375509
Score Improvement: 0.0

TOTAL STEPS: 5
TOTAL TIME: 23.597621388 seconds
Final tree: Tree: ((((0,((1,2),3)),(((4,5),6),(7,8))),(((12,13),((10,11),9)),(14,(15,16)))),(((((17,18),(19,20)),(21,22)),(((28,29),(26,27)),((23,24),25))),(((33,32),(30,31)),((34,35),36))));
Tree Score: 13966.770450375509
Total Score Improvement: 0.011298040066852977

--------------ITERATION 19--------------
Input tree: (((0,(1,(2,3))),((((4,(5,6)),(7,8)),(9,(10,11))),((12,13),((14,15),(16,17))))),((18,((((19,20),21),22),((23,(24,25)),(26,27)))),((28,((29,30),(31,32))),((33,34),(35,36)))));
Initial Score: 10631.532449795586

Step Number: 1
Time Spent: 4.689181495 seconds
New Tree:
Tree: (((0,(1,(2,3))),((((4,(5,6)),(7,8)),(9,(10,11))),((12,13),((14,15),(16,17))))),((((23,(24,25)),(26,27)),((((19,20),21),22),18)),((28,((29,30),(31,32))),((33,34),(35,36)))));
Tree Score: 11743.827048629943
Score Improvement: 0.10462222676616517

Step Number: 2
Time Spent: 4.740416501 seconds
New Tree:
Tree: (((0,(1,(2,3))),((((4,(5,6)),(7,8)),(9,(10,11))),((12,13),((14,15),(16,17))))),((((23,(24,25)),(26,27)),((((19,20),21),22),18)),(((31,32),((29,30),28)),((33,34),(35,36)))));
Tree Score: 11833.25267353696
Score Improvement: 0.00761469191744002

Step Number: 3
Time Spent: 4.503559776 seconds
New Tree:
Tree: (((0,(1,(2,3))),((((9,(10,11)),(7,8)),(4,(5,6))),((12,13),((14,15),(16,17))))),((((23,(24,25)),(26,27)),((((19,20),21),22),18)),(((31,32),((29,30),28)),((33,34),(35,36)))));
Tree Score: 11885.060073386192
Score Improvement: 0.004378119970774419

Step Number: 4
Time Spent: 4.489804395 seconds
New Tree:
Tree: (((0,(3,(2,1))),((((9,(10,11)),(7,8)),(4,(5,6))),((12,13),((14,15),(16,17))))),((((23,(24,25)),(26,27)),((((19,20),21),22),18)),(((31,32),((29,30),28)),((33,34),(35,36)))));
Tree Score: 11897.508423438774
Score Improvement: 0.0010473947944493744

Step Number: 5
Time Spent: 4.50111554 seconds
New Tree:
Tree: (((0,(3,(2,1))),((((10,(9,11)),(7,8)),(4,(5,6))),((12,13),((14,15),(16,17))))),((((23,(24,25)),(26,27)),((((19,20),21),22),18)),(((31,32),((29,30),28)),((33,34),(35,36)))));
Tree Score: 11901.83779842268
Score Improvement: 3.638892135917615E-4

Step Number: 6
Time Spent: 4.244547718 seconds
New Tree:
Tree: (((0,(3,(2,1))),((((10,(9,11)),(7,8)),(4,(5,6))),((12,13),((14,15),(16,17))))),((((23,(24,25)),(26,27)),((((19,20),21),22),18)),(((31,32),((29,30),28)),((33,34),(35,36)))));
Tree Score: 11901.83779842268
Score Improvement: 0.0

TOTAL STEPS: 6
TOTAL TIME: 27.168625425 seconds
Final tree: Tree: (((0,(3,(2,1))),((((10,(9,11)),(7,8)),(4,(5,6))),((12,13),((14,15),(16,17))))),((((23,(24,25)),(26,27)),((((19,20),21),22),18)),(((31,32),((29,30),28)),((33,34),(35,36)))));
Tree Score: 11901.83779842268
Total Score Improvement: 0.11948468902538312

--------------ITERATION 20--------------
Input tree: (((0,((((1,2),3),4),(((5,(6,7)),8),(9,10)))),(((11,(12,(13,14))),15),16)),((17,18),(((((19,20),((21,22),23)),(24,25)),((26,27),(28,29))),(((30,31),32),(33,((34,35),36))))));
Initial Score: 9064.813704258191

Step Number: 1
Time Spent: 4.943949087 seconds
New Tree:
Tree: (((0,((((1,2),3),4),(((5,(6,7)),8),(9,10)))),(((11,(12,(13,14))),15),16)),((((30,31),32),(33,((34,35),36))),(((((19,20),((21,22),23)),(24,25)),((26,27),(28,29))),(17,18))));
Tree Score: 11051.014901737159
Score Improvement: 0.2191110884657177

Step Number: 2
Time Spent: 4.932457613 seconds
New Tree:
Tree: (((0,((((1,2),3),4),(((5,(6,7)),8),(9,10)))),(((11,(12,(13,14))),15),16)),((((30,31),32),(33,((34,35),36))),(((((19,20),((21,22),23)),(24,25)),(17,18)),((26,27),(28,29)))));
Tree Score: 11979.28775370674
Score Improvement: 0.08399887795135097

Step Number: 3
Time Spent: 4.853211711 seconds
New Tree:
Tree: (((0,((((1,2),3),4),(((5,(6,7)),8),(9,10)))),((16,15),(11,(12,(13,14))))),((((30,31),32),(33,((34,35),36))),(((((19,20),((21,22),23)),(24,25)),(17,18)),((26,27),(28,29)))));
Tree Score: 12498.690979121195
Score Improvement: 0.043358439674657356

Step Number: 4
Time Spent: 4.338115692 seconds
New Tree:
Tree: ((((((5,(6,7)),8),(9,10)),((((1,2),3),4),0)),((16,15),(11,(12,(13,14))))),((((30,31),32),(33,((34,35),36))),(((((19,20),((21,22),23)),(24,25)),(17,18)),((26,27),(28,29)))));
Tree Score: 12761.835279883759
Score Improvement: 0.021053748844750197

Step Number: 5
Time Spent: 4.077912352 seconds
New Tree:
Tree: ((((((5,(6,7)),8),(9,10)),((16,15),(11,(12,(13,14))))),((((1,2),3),4),0)),((((30,31),32),(33,((34,35),36))),(((((19,20),((21,22),23)),(24,25)),(17,18)),((26,27),(28,29)))));
Tree Score: 12901.728251011984
Score Improvement: 0.010961822344528693

Step Number: 6
Time Spent: 4.085691553 seconds
New Tree:
Tree: ((((((5,(6,7)),8),(9,10)),((16,15),(11,(12,(13,14))))),(((4,3),(1,2)),0)),((((30,31),32),(33,((34,35),36))),(((((19,20),((21,22),23)),(24,25)),(17,18)),((26,27),(28,29)))));
Tree Score: 12980.297601025959
Score Improvement: 0.00608983141524555

Step Number: 7
Time Spent: 4.083114829 seconds
New Tree:
Tree: ((((((5,(6,7)),8),(9,10)),((16,15),(11,(12,(13,14))))),((0,(1,2)),(4,3))),((((30,31),32),(33,((34,35),36))),(((((19,20),((21,22),23)),(24,25)),(17,18)),((26,27),(28,29)))));
Tree Score: 13244.05380119424
Score Improvement: 0.020319734437169945

Step Number: 8
Time Spent: 3.781038986 seconds
New Tree:
Tree: ((((((5,(6,7)),8),(9,10)),((16,15),(12,(11,(13,14))))),((0,(1,2)),(4,3))),((((30,31),32),(33,((34,35),36))),(((((19,20),((21,22),23)),(24,25)),(17,18)),((26,27),(28,29)))));
Tree Score: 13256.457651420438
Score Improvement: 9.365599394559609E-4

Step Number: 9
Time Spent: 3.513995669 seconds
New Tree:
Tree: ((((((5,(6,7)),8),(9,10)),((16,15),(12,(11,(13,14))))),((0,(1,2)),(4,3))),((((30,31),32),(33,((34,35),36))),(((((19,20),((21,23),22)),(24,25)),(17,18)),((26,27),(28,29)))));
Tree Score: 13264.463076515996
Score Improvement: 6.038887088890554E-4

Step Number: 10
Time Spent: 3.247700843 seconds
New Tree:
Tree: ((((((5,(6,7)),8),(9,10)),((16,15),(12,(11,(13,14))))),((0,(1,2)),(4,3))),((((30,31),32),(33,((34,35),36))),(((((19,20),((21,23),22)),(24,25)),(17,18)),((26,27),(28,29)))));
Tree Score: 13264.463076515996
Score Improvement: 0.0

TOTAL STEPS: 10
TOTAL TIME: 41.857188335 seconds
Final tree: Tree: ((((((5,(6,7)),8),(9,10)),((16,15),(12,(11,(13,14))))),((0,(1,2)),(4,3))),((((30,31),32),(33,((34,35),36))),(((((19,20),((21,23),22)),(24,25)),(17,18)),((26,27),(28,29)))));
Tree Score: 13264.463076515996
Total Score Improvement: 0.46329130517983197

===========================================================
RESULTS FROM 20 ITERATION(S):
AVERAGE TIME PER RUN: 63.434920046 seconds
AVERAGE IMPROVEMENT: 0.3239231268915181
BEST Tree: ((((((0,1),2),((3,4),5)),((((18,((19,20),21)),((22,23),24)),((28,29),(25,(26,27)))),((((15,16),17),(12,(13,14))),((10,(9,11)),(8,(6,7)))))),(30,31)),((36,(34,35)),(32,33)));
Tree Score: 14957.882050512593
BEST'S IMPROVEMENT :0.48610494188384035
