--------------ITERATION 1--------------
Input tree: ((((0,1),2),(3,((4,5),6))),(((((7,(8,9)),(10,11)),(12,13)),(((14,15),(16,(17,18))),(19,20))),(21,(((22,(23,24)),((25,26),(27,(28,29)))),((30,((31,32),33)),((34,35),36))))));
Initial Score: 9872.349076343395

Step Number: 1
Time Spent: 12.178881197 seconds
New Tree:
Tree: ((((0,1),2),(3,((4,5),6))),(((((7,(8,9)),(10,11)),(12,13)),(((14,15),(16,(17,18))),(19,20))),(((30,((31,32),33)),((34,35),36)),(((22,(23,24)),((25,26),(27,(28,29)))),21))));
Tree Score: 11219.127049299583
Score Improvement: 0.1364192009967924

Step Number: 2
Time Spent: 12.229606084 seconds
New Tree:
Tree: ((((0,1),2),(3,((4,5),6))),(((((7,(8,9)),(10,11)),(12,13)),(((14,15),(16,(17,18))),(19,20))),(((30,((31,32),33)),((34,35),36)),(((22,(23,24)),21),((25,26),(27,(28,29)))))));
Tree Score: 12127.863547914822
Score Improvement: 0.08099885977064258

Step Number: 3
Time Spent: 12.189493091 seconds
New Tree:
Tree: ((((0,1),2),(3,((4,5),6))),(((((7,(8,9)),(10,11)),(12,13)),(((14,15),(16,(17,18))),(19,20))),(((30,((31,32),33)),((34,35),36)),(((22,21),(23,24)),((25,26),(27,(28,29)))))));
Tree Score: 12170.42514792287
Score Improvement: 0.0035094062395981673

Step Number: 4
Time Spent: 11.43584928 seconds
New Tree:
Tree: ((((0,1),2),(3,((4,5),6))),(((((7,(8,9)),(10,11)),(12,13)),(((14,15),(16,(17,18))),(19,20))),(((30,((33,32),31)),((34,35),36)),(((22,21),(23,24)),((25,26),(27,(28,29)))))));
Tree Score: 12180.225098045703
Score Improvement: 8.052266049642931E-4

Step Number: 5
Time Spent: 11.443590278 seconds
New Tree:
Tree: ((((0,1),2),(3,((4,5),6))),(((((7,(8,9)),(10,11)),(12,13)),(((14,15),(16,(17,18))),(19,20))),((((33,32),(30,31)),((34,35),36)),(((22,21),(23,24)),((25,26),(27,(28,29)))))));
Tree Score: 12259.113348016675
Score Improvement: 0.006476748117210995

Step Number: 6
Time Spent: 10.734436691 seconds
New Tree:
Tree: ((((0,1),2),(3,((4,5),6))),(((((7,(8,9)),(10,11)),(12,13)),(((17,18),(16,(14,15))),(19,20))),((((33,32),(30,31)),((34,35),36)),(((22,21),(23,24)),((25,26),(27,(28,29)))))));
Tree Score: 12263.16562316104
Score Improvement: 3.305520578305021E-4

Step Number: 7
Time Spent: 10.066426045 seconds
New Tree:
Tree: ((((0,1),2),(3,((4,5),6))),(((((7,(8,9)),(10,11)),(12,13)),(((17,18),(16,(14,15))),(19,20))),((((33,32),(30,31)),((34,35),36)),(((22,21),(23,24)),((25,26),(29,(28,27)))))));
Tree Score: 12265.756898104242
Score Improvement: 2.1130554889592368E-4

Step Number: 8
Time Spent: 10.038676567 seconds
New Tree:
Tree: ((((0,1),2),(3,((4,5),6))),(((((7,(8,9)),(10,11)),(12,13)),(((17,18),(16,(14,15))),(19,20))),((((33,32),(30,31)),((34,35),36)),(((22,21),(23,24)),((25,26),(29,(28,27)))))));
Tree Score: 12265.756898104242
Score Improvement: 0.0

TOTAL STEPS: 8
TOTAL TIME: 90.316959233 seconds
Final tree: Tree: ((((0,1),2),(3,((4,5),6))),(((((7,(8,9)),(10,11)),(12,13)),(((17,18),(16,(14,15))),(19,20))),((((33,32),(30,31)),((34,35),36)),(((22,21),(23,24)),((25,26),(29,(28,27)))))));
Tree Score: 12265.756898104242
Total Score Improvement: 0.24243549364518002

--------------ITERATION 2--------------
Input tree: ((((0,1),((((2,(3,4)),5),((6,7),((8,9),(10,11)))),12)),((13,(14,(15,16))),(17,((18,19),20)))),(((((21,((22,23),24)),25),((((26,(27,28)),29),(30,31)),(32,33))),34),(35,36)));
Initial Score: 7379.664823669358

Step Number: 1
Time Spent: 12.535751928 seconds
New Tree:
Tree: (((17,((18,19),20)),((13,(14,(15,16))),((0,1),((((2,(3,4)),5),((6,7),((8,9),(10,11)))),12)))),(((((21,((22,23),24)),25),((((26,(27,28)),29),(30,31)),(32,33))),34),(35,36)));
Tree Score: 8997.901331549976
Score Improvement: 0.21928319870169788

Step Number: 2
Time Spent: 12.415175911 seconds
New Tree:
Tree: (((17,((18,19),20)),((13,(14,(15,16))),((0,1),((((2,(3,4)),5),((6,7),((8,9),(10,11)))),12)))),(((35,36),34),(((21,((22,23),24)),25),((((26,(27,28)),29),(30,31)),(32,33)))));
Tree Score: 10282.842406993732
Score Improvement: 0.1428045305340564

Step Number: 3
Time Spent: 12.278636899 seconds
New Tree:
Tree: (((17,((18,19),20)),((13,(14,(15,16))),((0,1),((((2,(3,4)),5),((6,7),((8,9),(10,11)))),12)))),(((35,36),34),((((26,(27,28)),29),(30,31)),(((21,((22,23),24)),25),(32,33)))));
Tree Score: 10904.196930499747
Score Improvement: 0.06042633922731433

Step Number: 4
Time Spent: 11.560756435 seconds
New Tree:
Tree: (((20,((18,19),17)),((13,(14,(15,16))),((0,1),((((2,(3,4)),5),((6,7),((8,9),(10,11)))),12)))),(((35,36),34),((((26,(27,28)),29),(30,31)),(((21,((22,23),24)),25),(32,33)))));
Tree Score: 10924.754753742367
Score Improvement: 0.0018853129096667587

Step Number: 5
Time Spent: 11.553623683 seconds
New Tree:
Tree: (((20,((18,19),17)),((13,(14,(15,16))),((0,1),((((2,(3,4)),5),((10,11),((8,9),(6,7)))),12)))),(((35,36),34),((((26,(27,28)),29),(30,31)),(((21,((22,23),24)),25),(32,33)))));
Tree Score: 10938.615103263408
Score Improvement: 0.0012687103585820036

Step Number: 6
Time Spent: 11.555614301 seconds
New Tree:
Tree: (((20,((18,19),17)),((13,(14,(15,16))),((0,1),((((2,(3,4)),5),((10,11),((8,9),(6,7)))),12)))),(((35,36),34),((((27,(26,28)),29),(30,31)),(((21,((22,23),24)),25),(32,33)))));
Tree Score: 10951.270903434604
Score Improvement: 0.001156983772783171

Step Number: 7
Time Spent: 10.849880142 seconds
New Tree:
Tree: (((20,((18,17),19)),((13,(14,(15,16))),((0,1),((((2,(3,4)),5),((10,11),((8,9),(6,7)))),12)))),(((35,36),34),((((27,(26,28)),29),(30,31)),(((21,((22,23),24)),25),(32,33)))));
Tree Score: 10961.156078290194
Score Improvement: 9.026509290797069E-4

Step Number: 8
Time Spent: 10.13780258 seconds
New Tree:
Tree: (((20,((18,17),19)),((13,(16,(15,14))),((0,1),((((2,(3,4)),5),((10,11),((8,9),(6,7)))),12)))),(((35,36),34),((((27,(26,28)),29),(30,31)),(((21,((22,23),24)),25),(32,33)))));
Tree Score: 10969.82265309617
Score Improvement: 7.906624761178094E-4

Step Number: 9
Time Spent: 10.149515521 seconds
New Tree:
Tree: (((20,((18,17),19)),((13,(16,(15,14))),((0,1),((((2,(3,4)),5),((10,11),((8,9),(6,7)))),12)))),(((35,36),34),((((27,(26,28)),29),(30,31)),(((21,((22,23),24)),25),(32,33)))));
Tree Score: 10969.82265309617
Score Improvement: 0.0

TOTAL STEPS: 9
TOTAL TIME: 103.0367574 seconds
Final tree: Tree: (((20,((18,17),19)),((13,(16,(15,14))),((0,1),((((2,(3,4)),5),((10,11),((8,9),(6,7)))),12)))),(((35,36),34),((((27,(26,28)),29),(30,31)),(((21,((22,23),24)),25),(32,33)))));
Tree Score: 10969.82265309617
Total Score Improvement: 0.48649334559366797

--------------ITERATION 3--------------
Input tree: (((((0,1),2),(3,4)),((5,6),(7,8))),(((9,10),(11,(12,13))),(((14,15),(16,(((17,(18,(19,(20,21)))),22),23))),(((((24,25),(26,(27,(28,29)))),(30,31)),(32,33)),((34,35),36)))));
Initial Score: 9712.127849932862

Step Number: 1
Time Spent: 14.610851492 seconds
New Tree:
Tree: (((((0,1),2),(3,4)),(((14,15),(16,(((17,(18,(19,(20,21)))),22),23))),(((((24,25),(26,(27,(28,29)))),(30,31)),(32,33)),((34,35),36)))),(((9,10),(11,(12,13))),((5,6),(7,8))));
Tree Score: 9990.702172541161
Score Improvement: 0.028683139978457506

Step Number: 2
Time Spent: 13.913952326 seconds
New Tree:
Tree: (((((0,1),2),(3,4)),(((((17,(18,(19,(20,21)))),22),23),(16,(14,15))),(((((24,25),(26,(27,(28,29)))),(30,31)),(32,33)),((34,35),36)))),(((9,10),(11,(12,13))),((5,6),(7,8))));
Tree Score: 10268.206146105877
Score Improvement: 0.027776223209557527

Step Number: 3
Time Spent: 13.255829181 seconds
New Tree:
Tree: (((((0,1),2),(3,4)),(((((17,(18,(19,(20,21)))),22),23),(((((24,25),(26,(27,(28,29)))),(30,31)),(32,33)),((34,35),36))),(16,(14,15)))),(((9,10),(11,(12,13))),((5,6),(7,8))));
Tree Score: 10524.177450614283
Score Improvement: 0.024928531903839923

Step Number: 4
Time Spent: 13.418069994 seconds
New Tree:
Tree: (((16,(14,15)),(((((17,(18,(19,(20,21)))),22),23),(((((24,25),(26,(27,(28,29)))),(30,31)),(32,33)),((34,35),36))),(((0,1),2),(3,4)))),(((9,10),(11,(12,13))),((5,6),(7,8))));
Tree Score: 11697.58672216325
Score Improvement: 0.11149653044670749

Step Number: 5
Time Spent: 13.379150798 seconds
New Tree:
Tree: ((((5,6),(7,8)),(((((17,(18,(19,(20,21)))),22),23),(((((24,25),(26,(27,(28,29)))),(30,31)),(32,33)),((34,35),36))),(((0,1),2),(3,4)))),(((9,10),(11,(12,13))),(16,(14,15))));
Tree Score: 11935.70639890735
Score Improvement: 0.02035630787784104

Step Number: 6
Time Spent: 13.404178772 seconds
New Tree:
Tree: ((((5,6),(7,8)),((((((19,(20,21)),(18,17)),22),23),(((((24,25),(26,(27,(28,29)))),(30,31)),(32,33)),((34,35),36))),(((0,1),2),(3,4)))),(((9,10),(11,(12,13))),(16,(14,15))));
Tree Score: 12061.418372843415
Score Improvement: 0.010532428474243627

Step Number: 7
Time Spent: 12.694795198 seconds
New Tree:
Tree: ((((5,6),(7,8)),((((((19,(20,21)),(18,17)),22),23),(((((30,31),(26,(27,(28,29)))),(24,25)),(32,33)),((34,35),36))),(((0,1),2),(3,4)))),(((9,10),(11,(12,13))),(16,(14,15))));
Tree Score: 12110.954547140747
Score Improvement: 0.004106994116783502

Step Number: 8
Time Spent: 11.966732222 seconds
New Tree:
Tree: ((((5,6),(7,8)),((((((19,(18,17)),(20,21)),22),23),(((((30,31),(26,(27,(28,29)))),(24,25)),(32,33)),((34,35),36))),(((0,1),2),(3,4)))),(((9,10),(11,(12,13))),(16,(14,15))));
Tree Score: 12151.120272770058
Score Improvement: 0.0033164789342550183

Step Number: 9
Time Spent: 11.215639782 seconds
New Tree:
Tree: ((((5,6),(7,8)),((((((19,(18,17)),(20,21)),22),23),(((((30,31),(26,(29,(28,27)))),(24,25)),(32,33)),((34,35),36))),(((0,1),2),(3,4)))),(((9,10),(11,(12,13))),(16,(14,15))));
Tree Score: 12155.416072740685
Score Improvement: 3.5353118677083906E-4

Step Number: 10
Time Spent: 10.473402938 seconds
New Tree:
Tree: ((((5,6),(7,8)),((((((19,(18,17)),(20,21)),22),23),(((((30,31),(26,(29,(28,27)))),(24,25)),(32,33)),((34,35),36))),(((2,1),0),(3,4)))),(((9,10),(11,(12,13))),(16,(14,15))));
Tree Score: 12155.945297792088
Score Improvement: 4.3538209489213386E-5

Step Number: 11
Time Spent: 9.728387109 seconds
New Tree:
Tree: ((((5,6),(7,8)),((((((19,(18,17)),(20,21)),22),23),(((((30,31),(26,(29,(28,27)))),(24,25)),(32,33)),((34,35),36))),(((2,1),0),(3,4)))),(((9,10),(11,(12,13))),(16,(14,15))));
Tree Score: 12155.945297792088
Score Improvement: 0.0

TOTAL STEPS: 11
TOTAL TIME: 138.060989812 seconds
Final tree: Tree: ((((5,6),(7,8)),((((((19,(18,17)),(20,21)),22),23),(((((30,31),(26,(29,(28,27)))),(24,25)),(32,33)),((34,35),36))),(((2,1),0),(3,4)))),(((9,10),(11,(12,13))),(16,(14,15))));
Tree Score: 12155.945297792088
Total Score Improvement: 0.2516253374770103

--------------ITERATION 4--------------
Input tree: ((((0,1),(((((2,(3,4)),(5,(6,7))),(8,9)),10),(((11,12),13),(14,(15,((16,(17,18)),(19,20))))))),((21,22),(23,((24,25),26)))),(((27,28),((29,(30,(31,32))),(33,34))),(35,36)));
Initial Score: 7684.477524431473

Step Number: 1
Time Spent: 13.165753271 seconds
New Tree:
Tree: ((((((11,12),13),(14,(15,((16,(17,18)),(19,20))))),(((((2,(3,4)),(5,(6,7))),(8,9)),10),(0,1))),((21,22),(23,((24,25),26)))),(((27,28),((29,(30,(31,32))),(33,34))),(35,36)));
Tree Score: 9902.798123725624
Score Improvement: 0.288675527027229

Step Number: 2
Time Spent: 13.282640831 seconds
New Tree:
Tree: ((((((11,12),13),(((16,(17,18)),(19,20)),(15,14))),(((((2,(3,4)),(5,(6,7))),(8,9)),10),(0,1))),((21,22),(23,((24,25),26)))),(((27,28),((29,(30,(31,32))),(33,34))),(35,36)));
Tree Score: 10160.626773660515
Score Improvement: 0.02603593920764391

Step Number: 3
Time Spent: 12.602213033 seconds
New Tree:
Tree: ((((((16,(17,18)),(19,20)),(((11,12),13),(15,14))),(((((2,(3,4)),(5,(6,7))),(8,9)),10),(0,1))),((21,22),(23,((24,25),26)))),(((27,28),((29,(30,(31,32))),(33,34))),(35,36)));
Tree Score: 10402.14022362428
Score Improvement: 0.0237695425039961

Step Number: 4
Time Spent: 12.605236881 seconds
New Tree:
Tree: ((((((16,(17,18)),(19,20)),(((11,12),13),(15,14))),(((10,(8,9)),((2,(3,4)),(5,(6,7)))),(0,1))),((21,22),(23,((24,25),26)))),(((27,28),((29,(30,(31,32))),(33,34))),(35,36)));
Tree Score: 10641.437447777578
Score Improvement: 0.023004614339829033

Step Number: 5
Time Spent: 11.726184594 seconds
New Tree:
Tree: ((((((16,(17,18)),(19,20)),(((11,12),13),(15,14))),(((0,1),((2,(3,4)),(5,(6,7)))),(10,(8,9)))),((21,22),(23,((24,25),26)))),(((27,28),((29,(30,(31,32))),(33,34))),(35,36)));
Tree Score: 10819.210648610933
Score Improvement: 0.016705750675674258

Step Number: 6
Time Spent: 11.701145237 seconds
New Tree:
Tree: (((((0,1),((2,(3,4)),(5,(6,7)))),((((16,(17,18)),(19,20)),(((11,12),13),(15,14))),(10,(8,9)))),((21,22),(23,((24,25),26)))),(((27,28),((29,(30,(31,32))),(33,34))),(35,36)));
Tree Score: 11085.711298885508
Score Improvement: 0.024632171322848784

Step Number: 7
Time Spent: 10.969088388 seconds
New Tree:
Tree: (((((0,1),((2,(3,4)),(5,(6,7)))),(((10,(8,9)),(((11,12),13),(15,14))),((16,(17,18)),(19,20)))),((21,22),(23,((24,25),26)))),(((27,28),((29,(30,(31,32))),(33,34))),(35,36)));
Tree Score: 11358.982847782187
Score Improvement: 0.02465079069163134

Step Number: 8
Time Spent: 11.651976484 seconds
New Tree:
Tree: (((((16,(17,18)),(19,20)),(((10,(8,9)),(((11,12),13),(15,14))),((0,1),((2,(3,4)),(5,(6,7)))))),((21,22),(23,((24,25),26)))),(((27,28),((29,(30,(31,32))),(33,34))),(35,36)));
Tree Score: 11641.043476472005
Score Improvement: 0.024831504058912213

Step Number: 9
Time Spent: 11.64056812 seconds
New Tree:
Tree: (((((16,(17,18)),(19,20)),((21,22),(23,((24,25),26)))),(((10,(8,9)),(((11,12),13),(15,14))),((0,1),((2,(3,4)),(5,(6,7)))))),(((27,28),((29,(30,(31,32))),(33,34))),(35,36)));
Tree Score: 13014.08009883231
Score Improvement: 0.11794789918407078

Step Number: 10
Time Spent: 11.636193891 seconds
New Tree:
Tree: (((((16,(17,18)),(19,20)),(((24,25),26),(23,(21,22)))),(((10,(8,9)),(((11,12),13),(15,14))),((0,1),((2,(3,4)),(5,(6,7)))))),(((27,28),((29,(30,(31,32))),(33,34))),(35,36)));
Tree Score: 13114.392249080054
Score Improvement: 0.007707970865858282

Step Number: 11
Time Spent: 11.638676608 seconds
New Tree:
Tree: (((((16,(17,18)),(19,20)),(((24,25),26),(23,(21,22)))),(((10,(8,9)),(((11,12),13),(15,14))),((0,1),((2,(3,4)),(5,(6,7)))))),(((27,28),(((31,32),(30,29)),(33,34))),(35,36)));
Tree Score: 13163.017099122218
Score Improvement: 0.003707747116194149

Step Number: 12
Time Spent: 11.640640406 seconds
New Tree:
Tree: (((((16,(17,18)),(19,20)),(((24,25),26),(23,(21,22)))),(((10,(8,9)),(((11,12),13),(15,14))),((0,1),((6,7),(5,(2,(3,4))))))),(((27,28),(((31,32),(30,29)),(33,34))),(35,36)));
Tree Score: 13195.661574378777
Score Improvement: 0.002480014650952267

Step Number: 13
Time Spent: 11.626290885 seconds
New Tree:
Tree: (((((16,(17,18)),(19,20)),(((24,25),26),(23,(21,22)))),(((10,(8,9)),(((11,13),12),(15,14))),((0,1),((6,7),(5,(2,(3,4))))))),(((27,28),(((31,32),(30,29)),(33,34))),(35,36)));
Tree Score: 13215.197649434376
Score Improvement: 0.001480492277365686

Step Number: 14
Time Spent: 10.891491859 seconds
New Tree:
Tree: (((((16,(17,18)),(19,20)),(((24,25),26),(23,(21,22)))),(((10,(8,9)),(((11,13),12),(15,14))),((0,1),((6,7),(2,(5,(3,4))))))),(((27,28),(((31,32),(30,29)),(33,34))),(35,36)));
Tree Score: 13229.881249450314
Score Improvement: 0.0011111146730800048

Step Number: 15
Time Spent: 10.096093784 seconds
New Tree:
Tree: (((((16,(17,18)),(19,20)),(((24,25),26),(22,(21,23)))),(((10,(8,9)),(((11,13),12),(15,14))),((0,1),((6,7),(2,(5,(3,4))))))),(((27,28),(((31,32),(30,29)),(33,34))),(35,36)));
Tree Score: 13232.017224423755
Score Improvement: 1.6145080467211415E-4

Step Number: 16
Time Spent: 9.370008225 seconds
New Tree:
Tree: (((((16,(17,18)),(19,20)),(((24,25),26),(22,(21,23)))),(((10,(8,9)),(((11,13),12),(15,14))),((0,1),((6,7),(2,(5,(3,4))))))),(((27,28),(((31,32),(30,29)),(33,34))),(35,36)));
Tree Score: 13232.017224423755
Score Improvement: 0.0

TOTAL STEPS: 16
TOTAL TIME: 186.244202497 seconds
Final tree: Tree: (((((16,(17,18)),(19,20)),(((24,25),26),(22,(21,23)))),(((10,(8,9)),(((11,13),12),(15,14))),((0,1),((6,7),(2,(5,(3,4))))))),(((27,28),(((31,32),(30,29)),(33,34))),(35,36)));
Tree Score: 13232.017224423755
Total Score Improvement: 0.721915014046802

--------------ITERATION 5--------------
Input tree: ((((((0,1),(2,((3,4),(5,6)))),((7,8),9)),(((((10,11),12),(13,14)),15),(((16,17),18),19))),((20,(21,(22,23))),(24,((25,26),(27,(28,29)))))),(30,((31,(((32,33),34),35)),36)));
Initial Score: 10431.906349745397

Step Number: 1
Time Spent: 10.938251436 seconds
New Tree:
Tree: (((((((((10,11),12),(13,14)),15),(((16,17),18),19)),((7,8),9)),((0,1),(2,((3,4),(5,6))))),((20,(21,(22,23))),(24,((25,26),(27,(28,29)))))),(30,((31,(((32,33),34),35)),36)));
Tree Score: 10869.817000178715
Score Improvement: 0.04197800821361919

Step Number: 2
Time Spent: 9.830047871 seconds
New Tree:
Tree: (((((((((10,11),12),(13,14)),15),(((16,17),18),19)),((7,8),9)),((0,1),(2,((3,4),(5,6))))),((20,(21,(22,23))),((27,(28,29)),((25,26),24)))),(30,((31,(((32,33),34),35)),36)));
Tree Score: 11225.035901106989
Score Improvement: 0.032679381899661575

Step Number: 3
Time Spent: 9.202843672 seconds
New Tree:
Tree: (((((((15,(13,14)),((10,11),12)),(((16,17),18),19)),((7,8),9)),((0,1),(2,((3,4),(5,6))))),((20,(21,(22,23))),((27,(28,29)),((25,26),24)))),(30,((31,(((32,33),34),35)),36)));
Tree Score: 11540.633401321807
Score Improvement: 0.028115500297303697

Step Number: 4
Time Spent: 9.244988207 seconds
New Tree:
Tree: (((((((15,(13,14)),((10,11),12)),(((16,17),18),19)),((7,8),9)),(((3,4),(5,6)),(2,(0,1)))),((20,(21,(22,23))),((27,(28,29)),((25,26),24)))),(30,((31,(((32,33),34),35)),36)));
Tree Score: 11846.458026253946
Score Improvement: 0.026499812817649238

Step Number: 5
Time Spent: 9.340543166 seconds
New Tree:
Tree: (((((((15,(13,14)),((10,11),12)),(((16,17),18),19)),((7,8),9)),(((3,4),(5,6)),(2,(0,1)))),(((22,23),(21,20)),((27,(28,29)),((25,26),24)))),(30,((31,(((32,33),34),35)),36)));
Tree Score: 11984.923500818528
Score Improvement: 0.011688343828823555

Step Number: 6
Time Spent: 8.788663279 seconds
New Tree:
Tree: (((((((15,(13,14)),((10,11),12)),(((16,17),18),19)),((7,8),9)),(((3,4),(5,6)),(2,(0,1)))),(((22,23),(21,20)),((27,(28,29)),((25,26),24)))),(30,((31,((35,34),(32,33))),36)));
Tree Score: 12057.899100773946
Score Improvement: 0.0060889500004261965

Step Number: 7
Time Spent: 8.779858738 seconds
New Tree:
Tree: (((((((15,(13,14)),((10,11),12)),(((16,17),18),19)),((7,8),9)),(((3,4),(5,6)),(2,(0,1)))),(((22,23),(21,20)),((27,(28,29)),((25,26),24)))),(30,(((35,34),(31,(32,33))),36)));
Tree Score: 12095.814426139907
Score Improvement: 0.0031444387657486583

Step Number: 8
Time Spent: 8.194808572 seconds
New Tree:
Tree: (((((((15,(13,14)),((10,11),12)),(((16,17),18),19)),((7,8),9)),(((3,4),(5,6)),(2,(0,1)))),(((22,23),(21,20)),((27,(28,29)),((25,26),24)))),(30,(((35,34),36),(31,(32,33)))));
Tree Score: 12151.844926406608
Score Improvement: 0.0046322222128023505

Step Number: 9
Time Spent: 8.182744817 seconds
New Tree:
Tree: (((((((15,(13,14)),((10,11),12)),(((16,17),18),19)),((7,8),9)),(((3,4),(5,6)),(2,(0,1)))),(((22,23),(21,20)),((27,(28,29)),((25,26),24)))),(((35,34),36),(30,(31,(32,33)))));
Tree Score: 12305.629826405064
Score Improvement: 0.012655271765711351

Step Number: 10
Time Spent: 8.149018461 seconds
New Tree:
Tree: (((((((15,(13,14)),((10,11),12)),(((16,17),18),19)),((7,8),9)),(((3,4),(5,6)),(2,(0,1)))),(((22,23),(21,20)),((27,(28,29)),((25,26),24)))),(((35,34),36),((32,33),(31,30))));
Tree Score: 12384.518076376036
Score Improvement: 0.006410744600954699

Step Number: 11
Time Spent: 7.564773356 seconds
New Tree:
Tree: (((((((15,(13,14)),((10,11),12)),((19,18),(16,17))),((7,8),9)),(((3,4),(5,6)),(2,(0,1)))),(((22,23),(21,20)),((27,(28,29)),((25,26),24)))),(((35,34),36),((32,33),(31,30))));
Tree Score: 12413.869926979587
Score Improvement: 0.0023700438258911216

Step Number: 12
Time Spent: 6.98060347 seconds
New Tree:
Tree: (((((((13,(15,14)),((10,11),12)),((19,18),(16,17))),((7,8),9)),(((3,4),(5,6)),(2,(0,1)))),(((22,23),(21,20)),((27,(28,29)),((25,26),24)))),(((35,34),36),((32,33),(31,30))));
Tree Score: 12424.153427755282
Score Improvement: 8.283879915114145E-4

Step Number: 13
Time Spent: 6.409739465 seconds
New Tree:
Tree: (((((((13,(15,14)),((10,11),12)),((19,18),(16,17))),((7,8),9)),(((3,4),(5,6)),(2,(0,1)))),(((22,23),(21,20)),((29,(28,27)),((25,26),24)))),(((35,34),36),((32,33),(31,30))));
Tree Score: 12425.13535253127
Score Improvement: 7.903353590221762E-5

Step Number: 14
Time Spent: 5.832175446 seconds
New Tree:
Tree: (((((((13,(15,14)),((10,11),12)),((19,18),(16,17))),((7,8),9)),(((3,4),(5,6)),(2,(0,1)))),(((22,23),(21,20)),((29,(28,27)),((25,26),24)))),(((35,34),36),((32,33),(31,30))));
Tree Score: 12425.13535253127
Score Improvement: 0.0

TOTAL STEPS: 14
TOTAL TIME: 117.439059956 seconds
Final tree: Tree: (((((((13,(15,14)),((10,11),12)),((19,18),(16,17))),((7,8),9)),(((3,4),(5,6)),(2,(0,1)))),(((22,23),(21,20)),((29,(28,27)),((25,26),24)))),(((35,34),36),((32,33),(31,30))));
Tree Score: 12425.13535253127
Total Score Improvement: 0.1910704463747912

--------------ITERATION 6--------------
Input tree: (((0,(((1,2),(3,(4,(5,6)))),(7,8))),((9,10),((11,12),(13,14)))),(((15,16),17),(((((18,((19,20),21)),((22,23),(24,(25,26)))),27),(28,29)),((30,(31,32)),((33,34),(35,36))))));
Initial Score: 8890.84825200711

Step Number: 1
Time Spent: 10.407934348 seconds
New Tree:
Tree: (((0,(((1,2),(3,(4,(5,6)))),(7,8))),(((((18,((19,20),21)),((22,23),(24,(25,26)))),27),(28,29)),((30,(31,32)),((33,34),(35,36))))),(((15,16),17),((9,10),((11,12),(13,14)))));
Tree Score: 10907.046327109225
Score Improvement: 0.2267722964056842

Step Number: 2
Time Spent: 10.399842117 seconds
New Tree:
Tree: (((0,(((1,2),(3,(4,(5,6)))),(7,8))),((((28,29),27),((18,((19,20),21)),((22,23),(24,(25,26))))),((30,(31,32)),((33,34),(35,36))))),(((15,16),17),((9,10),((11,12),(13,14)))));
Tree Score: 11781.518451508697
Score Improvement: 0.08017497113090921

Step Number: 3
Time Spent: 10.826389445 seconds
New Tree:
Tree: (((0,(((1,2),(3,(4,(5,6)))),(7,8))),(((18,((19,20),21)),(((28,29),27),((22,23),(24,(25,26))))),((30,(31,32)),((33,34),(35,36))))),(((15,16),17),((9,10),((11,12),(13,14)))));
Tree Score: 12169.774052211471
Score Improvement: 0.03295463163774581

Step Number: 4
Time Spent: 10.264541322 seconds
New Tree:
Tree: (((0,(((1,2),((5,6),(4,3))),(7,8))),(((18,((19,20),21)),(((28,29),27),((22,23),(24,(25,26))))),((30,(31,32)),((33,34),(35,36))))),(((15,16),17),((9,10),((11,12),(13,14)))));
Tree Score: 12225.36822682134
Score Improvement: 0.004568217484675952

Step Number: 5
Time Spent: 9.744373779 seconds
New Tree:
Tree: (((0,(((1,2),((5,6),(4,3))),(7,8))),(((18,((19,20),21)),(((28,29),27),((22,23),(26,(25,24))))),((30,(31,32)),((33,34),(35,36))))),(((15,16),17),((9,10),((11,12),(13,14)))));
Tree Score: 12230.220627280223
Score Improvement: 3.9691241759398643E-4

Step Number: 6
Time Spent: 9.19723402 seconds
New Tree:
Tree: (((0,(((1,2),((5,6),(4,3))),(7,8))),(((18,((19,20),21)),(((28,29),27),((22,23),(26,(25,24))))),((30,(31,32)),((33,34),(35,36))))),(((15,16),17),((9,10),((11,12),(13,14)))));
Tree Score: 12230.220627280223
Score Improvement: 0.0

TOTAL STEPS: 6
TOTAL TIME: 60.840315031 seconds
Final tree: Tree: (((0,(((1,2),((5,6),(4,3))),(7,8))),(((18,((19,20),21)),(((28,29),27),((22,23),(26,(25,24))))),((30,(31,32)),((33,34),(35,36))))),(((15,16),17),((9,10),((11,12),(13,14)))));
Tree Score: 12230.220627280223
Total Score Improvement: 0.3755966000791038

--------------ITERATION 7--------------
Input tree: (((((0,(1,2)),((3,(4,5)),(6,7))),((((8,(9,10)),11),(((12,13),14),(15,((16,17),18)))),((19,20),21))),((22,23),((24,25),((26,(27,28)),29)))),((30,31),((32,33),((34,35),36))));
Initial Score: 10780.591825724076

Step Number: 1
Time Spent: 8.109779463 seconds
New Tree:
Tree: (((((0,(1,2)),((3,(4,5)),(6,7))),((((8,11),(9,10)),(((12,13),14),(15,((16,17),18)))),((19,20),21))),((22,23),((24,25),((26,(27,28)),29)))),((30,31),((32,33),((34,35),36))));
Tree Score: 10874.048700020145
Score Improvement: 0.008668992927926888

Step Number: 2
Time Spent: 7.533672822 seconds
New Tree:
Tree: (((((0,(1,2)),((3,(4,5)),(6,7))),((((8,11),(9,10)),(((12,13),14),(15,((16,17),18)))),((19,20),21))),((22,23),((24,25),((26,(27,28)),29)))),(((34,35),36),((32,33),(30,31))));
Tree Score: 10961.016750498171
Score Improvement: 0.007997761724008567

Step Number: 3
Time Spent: 6.941737145 seconds
New Tree:
Tree: (((((0,(1,2)),((5,(4,3)),(6,7))),((((8,11),(9,10)),(((12,13),14),(15,((16,17),18)))),((19,20),21))),((22,23),((24,25),((26,(27,28)),29)))),(((34,35),36),((32,33),(30,31))));
Tree Score: 10978.171925818975
Score Improvement: 0.0015651080288718866

Step Number: 4
Time Spent: 6.359052083 seconds
New Tree:
Tree: (((((0,(1,2)),((5,(4,3)),(6,7))),((((8,11),(9,10)),(((12,13),14),(15,((16,17),18)))),((19,20),21))),((22,23),((24,25),((27,(26,28)),29)))),(((34,35),36),((32,33),(30,31))));
Tree Score: 10990.827725990172
Score Improvement: 0.0011528149000319399

Step Number: 5
Time Spent: 5.787056511 seconds
New Tree:
Tree: (((((0,(1,2)),((5,(4,3)),(6,7))),((((8,11),(9,10)),(((16,17),18),(15,((12,13),14)))),((19,20),21))),((22,23),((24,25),((27,(26,28)),29)))),(((34,35),36),((32,33),(30,31))));
Tree Score: 10994.548175846376
Score Improvement: 3.3850497423459913E-4

Step Number: 6
Time Spent: 5.787020053 seconds
New Tree:
Tree: (((((0,(1,2)),((5,(4,3)),(6,7))),((((8,11),(9,10)),(((16,17),18),((12,13),(15,14)))),((19,20),21))),((22,23),((24,25),((27,(26,28)),29)))),(((34,35),36),((32,33),(30,31))));
Tree Score: 11079.29535067562
Score Improvement: 0.00770810891669238

Step Number: 7
Time Spent: 5.203742948 seconds
New Tree:
Tree: (((((0,(1,2)),((5,(4,3)),(6,7))),((((8,11),(9,10)),(((16,17),18),((12,13),(15,14)))),((19,20),21))),((22,23),((24,25),((27,(26,28)),29)))),(((34,35),36),((32,33),(30,31))));
Tree Score: 11079.29535067562
Score Improvement: 0.0

TOTAL STEPS: 7
TOTAL TIME: 45.722061025 seconds
Final tree: Tree: (((((0,(1,2)),((5,(4,3)),(6,7))),((((8,11),(9,10)),(((16,17),18),((12,13),(15,14)))),((19,20),21))),((22,23),((24,25),((27,(26,28)),29)))),(((34,35),36),((32,33),(30,31))));
Tree Score: 11079.29535067562
Total Score Improvement: 0.027707525688783985

--------------ITERATION 8--------------
Input tree: ((0,(1,((2,3),(4,((5,6),7))))),(((((8,9),10),11),(((12,(13,14)),((((15,(16,17)),(18,19)),((20,(21,22)),(23,((24,25),(26,27))))),28)),((29,30),31))),(32,((33,34),(35,36)))));
Initial Score: 7843.483050689982

Step Number: 1
Time Spent: 12.616435862 seconds
New Tree:
Tree: ((0,(1,((2,3),(4,((5,6),7))))),(((((8,9),10),11),(((12,(13,14)),((28,((20,(21,22)),(23,((24,25),(26,27))))),((15,(16,17)),(18,19)))),((29,30),31))),(32,((33,34),(35,36)))));
Tree Score: 8394.695902481799
Score Improvement: 0.07027654018367868

Step Number: 2
Time Spent: 11.959154862 seconds
New Tree:
Tree: ((((2,3),(4,((5,6),7))),(1,0)),(((((8,9),10),11),(((12,(13,14)),((28,((20,(21,22)),(23,((24,25),(26,27))))),((15,(16,17)),(18,19)))),((29,30),31))),(32,((33,34),(35,36)))));
Tree Score: 8809.10415310006
Score Improvement: 0.049365486901764344

Step Number: 3
Time Spent: 11.443431808 seconds
New Tree:
Tree: ((((2,3),(4,((5,6),7))),(1,0)),(((((8,9),10),11),(((12,(13,14)),(((20,(21,22)),(28,(23,((24,25),(26,27))))),((15,(16,17)),(18,19)))),((29,30),31))),(32,((33,34),(35,36)))));
Tree Score: 9180.736477972714
Score Improvement: 0.04218730059422349

Step Number: 4
Time Spent: 11.435587794 seconds
New Tree:
Tree: ((((2,3),(4,((5,6),7))),(1,0)),(((((8,9),10),11),(((12,(13,14)),(((20,(21,22)),((15,(16,17)),(18,19))),(28,(23,((24,25),(26,27)))))),((29,30),31))),(32,((33,34),(35,36)))));
Tree Score: 9740.629526521398
Score Improvement: 0.06098563550887581

Step Number: 5
Time Spent: 11.422999042 seconds
New Tree:
Tree: ((((2,3),(1,0)),(4,((5,6),7))),(((((8,9),10),11),(((12,(13,14)),(((20,(21,22)),((15,(16,17)),(18,19))),(28,(23,((24,25),(26,27)))))),((29,30),31))),(32,((33,34),(35,36)))));
Tree Score: 9997.389601097411
Score Improvement: 0.026359700251089357

Step Number: 6
Time Spent: 11.391358287 seconds
New Tree:
Tree: ((((2,3),(1,0)),(4,((5,6),7))),(((((8,9),10),11),(((12,(13,14)),(((20,(21,22)),((15,(16,17)),(18,19))),(28,(23,((24,25),(26,27)))))),((29,30),31))),((35,36),((33,34),32))));
Tree Score: 10137.183600624177
Score Improvement: 0.013983050086536775

Step Number: 7
Time Spent: 10.851677298 seconds
New Tree:
Tree: ((((2,3),(1,0)),(4,((5,6),7))),(((((8,9),10),11),(((12,(13,14)),(((22,(21,20)),((15,(16,17)),(18,19))),(28,(23,((24,25),(26,27)))))),((29,30),31))),((35,36),((33,34),32))));
Tree Score: 10155.219825674865
Score Improvement: 0.0017792145985771057

Step Number: 8
Time Spent: 10.290325048 seconds
New Tree:
Tree: ((((2,3),(1,0)),(7,((5,6),4))),(((((8,9),10),11),(((12,(13,14)),(((22,(21,20)),((15,(16,17)),(18,19))),(28,(23,((24,25),(26,27)))))),((29,30),31))),((35,36),((33,34),32))));
Tree Score: 10167.315575819897
Score Improvement: 0.0011910869831148752

Step Number: 9
Time Spent: 9.728335147 seconds
New Tree:
Tree: ((((2,3),(1,0)),(7,((5,4),6))),(((((8,9),10),11),(((12,(13,14)),(((22,(21,20)),((15,(16,17)),(18,19))),(28,(23,((24,25),(26,27)))))),((29,30),31))),((35,36),((33,34),32))));
Tree Score: 10170.371875705632
Score Improvement: 3.006004744263713E-4

Step Number: 10
Time Spent: 9.723608847 seconds
New Tree:
Tree: ((((2,3),(1,0)),((5,4),(7,6))),(((((8,9),10),11),(((12,(13,14)),(((22,(21,20)),((15,(16,17)),(18,19))),(28,(23,((24,25),(26,27)))))),((29,30),31))),((35,36),((33,34),32))));
Tree Score: 10186.03642583775
Score Improvement: 0.0015402140967466504

Step Number: 11
Time Spent: 9.154727986 seconds
New Tree:
Tree: ((((2,3),(1,0)),((5,4),(7,6))),(((((8,9),10),11),(((12,(13,14)),(((22,(21,20)),((15,(16,17)),(18,19))),(28,(23,((24,25),(26,27)))))),((29,30),31))),((35,36),((33,34),32))));
Tree Score: 10186.03642583775
Score Improvement: 0.0

TOTAL STEPS: 11
TOTAL TIME: 120.017641981 seconds
Final tree: Tree: ((((2,3),(1,0)),((5,4),(7,6))),(((((8,9),10),11),(((12,(13,14)),(((22,(21,20)),((15,(16,17)),(18,19))),(28,(23,((24,25),(26,27)))))),((29,30),31))),((35,36),((33,34),32))));
Tree Score: 10186.03642583775
Total Score Improvement: 0.29866238761639163

--------------ITERATION 9--------------
Input tree: (((((0,1),(2,(3,4))),(5,(6,7))),((((8,((9,10),11)),12),(13,14)),15)),(((16,(17,18)),19),((((20,(((21,22),23),24)),((25,26),(27,(28,29)))),((30,31),(32,((33,34),35)))),36)));
Initial Score: 9360.630751721255

Step Number: 1
Time Spent: 10.417888057 seconds
New Tree:
Tree: (((((0,1),(2,(3,4))),(5,(6,7))),((15,(13,14)),((8,((9,10),11)),12))),(((16,(17,18)),19),((((20,(((21,22),23),24)),((25,26),(27,(28,29)))),((30,31),(32,((33,34),35)))),36)));
Tree Score: 10321.36705146094
Score Improvement: 0.1026358506410503

Step Number: 2
Time Spent: 10.326162636 seconds
New Tree:
Tree: (((((3,4),(2,(0,1))),(5,(6,7))),((15,(13,14)),((8,((9,10),11)),12))),(((16,(17,18)),19),((((20,(((21,22),23),24)),((25,26),(27,(28,29)))),((30,31),(32,((33,34),35)))),36)));
Tree Score: 10368.082326435644
Score Improvement: 0.004526074379661793

Step Number: 3
Time Spent: 9.752088656 seconds
New Tree:
Tree: (((((3,4),(2,(0,1))),(5,(6,7))),((15,(13,14)),(((9,10),(8,11)),12))),(((16,(17,18)),19),((((20,(((21,22),23),24)),((25,26),(27,(28,29)))),((30,31),(32,((33,34),35)))),36)));
Tree Score: 10390.19972620641
Score Improvement: 0.002133219921911067

Step Number: 4
Time Spent: 9.755081704 seconds
New Tree:
Tree: (((((3,4),(2,(0,1))),(5,(6,7))),((15,(13,14)),(((9,10),12),(8,11)))),(((16,(17,18)),19),((((20,(((21,22),23),24)),((25,26),(27,(28,29)))),((30,31),(32,((33,34),35)))),36)));
Tree Score: 10438.45257632171
Score Improvement: 0.004644073394815873

Step Number: 5
Time Spent: 9.171018745 seconds
New Tree:
Tree: (((((3,4),(2,(0,1))),(5,(6,7))),((15,(13,14)),(((9,10),12),(8,11)))),(((16,(17,18)),19),((((20,(((21,23),22),24)),((25,26),(27,(28,29)))),((30,31),(32,((33,34),35)))),36)));
Tree Score: 10448.986476314414
Score Improvement: 0.0010091438281378817

Step Number: 6
Time Spent: 8.608099326 seconds
New Tree:
Tree: (((((3,4),(2,(0,1))),(5,(6,7))),((13,(15,14)),(((9,10),12),(8,11)))),(((16,(17,18)),19),((((20,(((21,23),22),24)),((25,26),(27,(28,29)))),((30,31),(32,((33,34),35)))),36)));
Tree Score: 10456.640026775349
Score Improvement: 7.324682138583061E-4

Step Number: 7
Time Spent: 8.037335824 seconds
New Tree:
Tree: (((((3,4),(2,(0,1))),(5,(6,7))),((13,(15,14)),(((9,10),12),(8,11)))),(((16,(17,18)),19),((((20,(((21,23),22),24)),((25,26),(29,(28,27)))),((30,31),(32,((33,34),35)))),36)));
Tree Score: 10459.231301718552
Score Improvement: 2.4781143240737435E-4

Step Number: 8
Time Spent: 8.037511684 seconds
New Tree:
Tree: (((((3,4),(2,(0,1))),(5,(6,7))),((13,(15,14)),(((9,10),12),(8,11)))),(((16,(17,18)),19),((((20,(((21,23),22),24)),((25,26),(29,(28,27)))),((30,31),(32,((35,34),33)))),36)));
Tree Score: 10461.357651813232
Score Improvement: 2.0329888816306152E-4

Step Number: 9
Time Spent: 8.038437011 seconds
New Tree:
Tree: (((((3,4),(2,(0,1))),(5,(6,7))),((13,(15,14)),(((9,10),12),(8,11)))),(((16,(17,18)),19),((((20,(((21,23),22),24)),((25,26),(29,(28,27)))),((30,31),((35,34),(32,33)))),36)));
Tree Score: 10519.434576227606
Score Improvement: 0.005551566665375152

Step Number: 10
Time Spent: 8.0338652 seconds
New Tree:
Tree: (((((3,4),(2,(0,1))),(5,(6,7))),((13,(15,14)),(((9,10),12),(8,11)))),(((16,(17,18)),19),((((20,(((21,23),22),24)),((25,26),(29,(28,27)))),((35,34),((30,31),(32,33)))),36)));
Tree Score: 10538.866726690248
Score Improvement: 0.0018472618772262805

Step Number: 11
Time Spent: 7.462490098 seconds
New Tree:
Tree: (((((3,4),(2,(0,1))),(5,(6,7))),((13,(15,14)),(((9,10),12),(8,11)))),(((16,(17,18)),19),(((35,34),(((20,(((21,23),22),24)),((25,26),(29,(28,27)))),((30,31),(32,33)))),36)));
Tree Score: 10557.321927367055
Score Improvement: 0.0017511560925300707

Step Number: 12
Time Spent: 8.674899301 seconds
New Tree:
Tree: (((((3,4),(2,(0,1))),(5,(6,7))),((13,(15,14)),(((9,10),12),(8,11)))),(((16,(17,18)),19),(((35,34),36),(((20,(((21,23),22),24)),((25,26),(29,(28,27)))),((30,31),(32,33))))));
Tree Score: 11276.044625486407
Score Improvement: 0.0680781265423247

Step Number: 13
Time Spent: 8.007466872 seconds
New Tree:
Tree: (((((3,4),(2,(0,1))),(5,(6,7))),((13,(15,14)),(((9,10),12),(8,11)))),(((16,(17,18)),19),(((35,34),36),(((20,(((21,23),22),24)),((30,31),(32,33))),((25,26),(29,(28,27)))))));
Tree Score: 11873.520924788478
Score Improvement: 0.05298633688905752

Step Number: 14
Time Spent: 7.435715603 seconds
New Tree:
Tree: (((((3,4),(0,(2,1))),(5,(6,7))),((13,(15,14)),(((9,10),12),(8,11)))),(((16,(17,18)),19),(((35,34),36),(((20,(((21,23),22),24)),((30,31),(32,33))),((25,26),(29,(28,27)))))));
Tree Score: 11874.05014983988
Score Improvement: 4.4571871709697675E-5

Step Number: 15
Time Spent: 6.87261774 seconds
New Tree:
Tree: (((((3,4),(0,(2,1))),(5,(6,7))),((13,(15,14)),(((9,10),12),(8,11)))),(((16,(17,18)),19),(((35,34),36),(((20,(((21,23),22),24)),((30,31),(32,33))),((25,26),(29,(28,27)))))));
Tree Score: 11874.05014983988
Score Improvement: 0.0

TOTAL STEPS: 15
TOTAL TIME: 128.630678457 seconds
Final tree: Tree: (((((3,4),(0,(2,1))),(5,(6,7))),((13,(15,14)),(((9,10),12),(8,11)))),(((16,(17,18)),19),(((35,34),36),(((20,(((21,23),22),24)),((30,31),(32,33))),((25,26),(29,(28,27)))))));
Tree Score: 11874.05014983988
Total Score Improvement: 0.2685096191468135

--------------ITERATION 10--------------
Input tree: ((((((0,((1,2),((3,4),(5,(6,7))))),(8,9)),((((10,11),12),13),((14,(((15,16),17),18)),(19,20)))),((21,(22,23)),(24,25))),((26,27),(((28,29),30),31))),((32,33),((34,35),36)));
Initial Score: 10381.99942484531

Step Number: 1
Time Spent: 10.64631054 seconds
New Tree:
Tree: ((((((((3,4),(5,(6,7))),((1,2),0)),(8,9)),((((10,11),12),13),((14,(((15,16),17),18)),(19,20)))),((21,(22,23)),(24,25))),((26,27),(((28,29),30),31))),((32,33),((34,35),36)));
Tree Score: 10616.706423923935
Score Improvement: 0.02260710962061374

Step Number: 2
Time Spent: 10.097264883 seconds
New Tree:
Tree: ((((((((3,4),(5,(6,7))),((1,2),0)),(8,9)),((((10,11),12),13),((14,((18,17),(15,16))),(19,20)))),((21,(22,23)),(24,25))),((26,27),(((28,29),30),31))),((32,33),((34,35),36)));
Tree Score: 10680.518098910874
Score Improvement: 0.00601049632898798

Step Number: 3
Time Spent: 9.500050461 seconds
New Tree:
Tree: (((((26,27),(((28,29),30),31)),((21,(22,23)),(24,25))),(((((3,4),(5,(6,7))),((1,2),0)),(8,9)),((((10,11),12),13),((14,((18,17),(15,16))),(19,20))))),((32,33),((34,35),36)));
Tree Score: 10733.04432120507
Score Improvement: 0.004917947032883507

Step Number: 4
Time Spent: 8.740149358 seconds
New Tree:
Tree: (((((26,27),(((28,29),30),31)),((22,(21,23)),(24,25))),(((((3,4),(5,(6,7))),((1,2),0)),(8,9)),((((10,11),12),13),((14,((18,17),(15,16))),(19,20))))),((32,33),((34,35),36)));
Tree Score: 10739.187096412828
Score Improvement: 5.723236598977888E-4

Step Number: 5
Time Spent: 8.149492335 seconds
New Tree:
Tree: (((((26,27),(((28,29),30),31)),((22,(21,23)),(24,25))),(((((3,4),(5,(6,7))),((1,2),0)),(8,9)),((((10,12),11),13),((14,((18,17),(15,16))),(19,20))))),((32,33),((34,35),36)));
Tree Score: 10740.586871321848
Score Improvement: 1.3034272486844856E-4

Step Number: 6
Time Spent: 8.14954688 seconds
New Tree:
Tree: (((((26,27),(((28,29),30),31)),((22,(21,23)),(24,25))),(((((3,4),(5,(6,7))),((1,2),0)),(8,9)),(((13,11),(10,12)),((14,((18,17),(15,16))),(19,20))))),((32,33),((34,35),36)));
Tree Score: 10876.270446389517
Score Improvement: 0.012632789687680335

Step Number: 7
Time Spent: 7.563184816 seconds
New Tree:
Tree: (((((26,27),(((30,29),28),31)),((22,(21,23)),(24,25))),(((((3,4),(5,(6,7))),((1,2),0)),(8,9)),(((13,11),(10,12)),((14,((18,17),(15,16))),(19,20))))),((32,33),((34,35),36)));
Tree Score: 10877.448146313032
Score Improvement: 1.0828159609688193E-4

Step Number: 8
Time Spent: 6.984025273 seconds
New Tree:
Tree: (((((26,27),(((30,29),28),31)),((22,(21,23)),(24,25))),(((((3,4),(5,(6,7))),((1,2),0)),(8,9)),(((13,11),(10,12)),((14,((18,17),(15,16))),(19,20))))),((32,33),((34,35),36)));
Tree Score: 10877.448146313032
Score Improvement: 0.0

TOTAL STEPS: 8
TOTAL TIME: 69.830024546 seconds
Final tree: Tree: (((((26,27),(((30,29),28),31)),((22,(21,23)),(24,25))),(((((3,4),(5,(6,7))),((1,2),0)),(8,9)),(((13,11),(10,12)),((14,((18,17),(15,16))),(19,20))))),((32,33),((34,35),36)));
Tree Score: 10877.448146313032
Total Score Improvement: 0.047721898373646265

===========================================================
RESULTS FROM 10 ITERATION(S):
AVERAGE TIME PER RUN: 106.013868993 seconds
AVERAGE IMPROVEMENT: 0.291173766804219
BEST Tree: (((((16,(17,18)),(19,20)),(((24,25),26),(22,(21,23)))),(((10,(8,9)),(((11,13),12),(15,14))),((0,1),((6,7),(2,(5,(3,4))))))),(((27,28),(((31,32),(30,29)),(33,34))),(35,36)));
Tree Score: 13232.017224423755
BEST'S IMPROVEMENT :0.721915014046802
