--------------ITERATION 1--------------
Input tree: (((0,((((1,2),(3,4)),(5,6)),(((((7,8),9),10),(11,12)),(13,14)))),((15,16),((17,(18,19)),((20,21),22)))),(((23,24),((25,(26,27)),28)),(((29,30),31),((((32,33),34),35),36))));
Initial Score: 8634.359448082458

Step Number: 1
Time Spent: 50.831561264 seconds
New Tree:
Tree: ((((((((7,8),9),10),(11,12)),(13,14)),((((1,2),(3,4)),(5,6)),0)),((15,16),((17,(18,19)),((20,21),22)))),(((23,24),((25,(26,27)),28)),(((29,30),31),((((32,33),34),35),36))));
Tree Score: 11068.899925084032
Score Improvement: 0.28195959313950536

Step Number: 2
Time Spent: 51.189119441 seconds
New Tree:
Tree: ((((((((7,8),9),10),(11,12)),(13,14)),((((1,2),(3,4)),(5,6)),0)),((17,(18,19)),((15,16),((20,21),22)))),(((23,24),((25,(26,27)),28)),(((29,30),31),((((32,33),34),35),36))));
Tree Score: 12211.7767009484
Score Improvement: 0.10325116168720738

Step Number: 3
Time Spent: 50.960374572 seconds
New Tree:
Tree: ((((((((7,8),9),10),(11,12)),(13,14)),((0,(5,6)),((1,2),(3,4)))),((17,(18,19)),((15,16),((20,21),22)))),(((23,24),((25,(26,27)),28)),(((29,30),31),((((32,33),34),35),36))));
Tree Score: 12670.673575729632
Score Improvement: 0.03757822354756879

Step Number: 4
Time Spent: 50.580986103 seconds
New Tree:
Tree: ((((((13,14),(11,12)),(((7,8),9),10)),((0,(5,6)),((1,2),(3,4)))),((17,(18,19)),((15,16),((20,21),22)))),(((23,24),((25,(26,27)),28)),(((29,30),31),((((32,33),34),35),36))));
Tree Score: 13027.47315126661
Score Improvement: 0.02815947971546029

Step Number: 5
Time Spent: 50.458918205 seconds
New Tree:
Tree: ((((((13,14),(11,12)),(((7,8),9),10)),((0,(5,6)),((1,2),(3,4)))),((17,(18,19)),((15,16),((20,21),22)))),(((25,(26,27)),((23,24),28)),(((29,30),31),((((32,33),34),35),36))));
Tree Score: 13206.951126411126
Score Improvement: 0.013776883134628992

Step Number: 6
Time Spent: 50.543147772 seconds
New Tree:
Tree: ((((((13,14),(11,12)),((10,9),(7,8))),((0,(5,6)),((1,2),(3,4)))),((17,(18,19)),((15,16),((20,21),22)))),(((25,(26,27)),((23,24),28)),(((29,30),31),((((32,33),34),35),36))));
Tree Score: 13286.025026812718
Score Improvement: 0.0059872940881458

Step Number: 7
Time Spent: 50.384258223 seconds
New Tree:
Tree: ((((((13,14),(11,12)),((10,9),(7,8))),((0,(5,6)),((1,2),(3,4)))),((17,(18,19)),((15,16),((20,21),22)))),(((25,(26,27)),((23,24),28)),(((29,30),31),((36,35),((32,33),34)))));
Tree Score: 13361.186602088192
Score Improvement: 0.005657190553516767

Step Number: 8
Time Spent: 44.428023705 seconds
New Tree:
Tree: ((((((13,14),(11,12)),((10,9),(7,8))),((0,(5,6)),((1,2),(3,4)))),((17,(18,19)),((15,16),((20,21),22)))),(((25,(26,27)),((23,24),28)),((36,35),(((29,30),31),((32,33),34)))));
Tree Score: 13428.866451923072
Score Improvement: 0.005065407126662036

Step Number: 9
Time Spent: 39.698538481 seconds
New Tree:
Tree: ((((((13,14),(11,12)),((10,9),(7,8))),((0,(5,6)),((1,2),(3,4)))),((17,(18,19)),((15,16),((20,21),22)))),(((25,(26,27)),((23,24),28)),((36,35),((32,33),(((29,30),31),34)))));
Tree Score: 13467.881927067448
Score Improvement: 0.002905343893623291

Step Number: 10
Time Spent: 48.086904628 seconds
New Tree:
Tree: ((((((13,14),(11,12)),((10,9),(7,8))),((0,(5,6)),((1,2),(3,4)))),((17,(18,19)),((15,16),((20,21),22)))),(((25,(26,27)),((23,24),28)),((36,35),((32,33),((34,31),(29,30))))));
Tree Score: 13504.050451936002
Score Improvement: 0.0026855392009239587

Step Number: 11
Time Spent: 41.281622894 seconds
New Tree:
Tree: ((((((13,14),(11,12)),((10,9),(7,8))),((0,(5,6)),((1,2),(3,4)))),((17,(18,19)),((15,16),((20,21),22)))),(((25,(26,27)),((28,24),23)),((36,35),((32,33),((34,31),(29,30))))));
Tree Score: 13521.492401960108
Score Improvement: 0.001291608772211461

Step Number: 12
Time Spent: 46.317394343 seconds
New Tree:
Tree: ((((((13,14),(11,12)),((10,9),(7,8))),((0,(5,6)),((1,2),(3,4)))),((19,(18,17)),((15,16),((20,21),22)))),(((25,(26,27)),((28,24),23)),((36,35),((32,33),((34,31),(29,30))))));
Tree Score: 13531.118526923272
Score Improvement: 7.119129070227714E-4

Step Number: 13
Time Spent: 40.653204016 seconds
New Tree:
Tree: ((((((13,14),(11,12)),((10,9),(7,8))),((6,(5,0)),((1,2),(3,4)))),((19,(18,17)),((15,16),((20,21),22)))),(((25,(26,27)),((28,24),23)),((36,35),((32,33),((34,31),(29,30))))));
Tree Score: 13539.73400184632
Score Improvement: 6.367156496269732E-4

Step Number: 14
Time Spent: 39.59198827 seconds
New Tree:
Tree: ((((((13,14),(11,12)),((10,9),(7,8))),((6,(5,0)),((1,2),(3,4)))),((19,(18,17)),((15,16),((20,21),22)))),(((27,(26,25)),((28,24),23)),((36,35),((32,33),((34,31),(29,30))))));
Tree Score: 13548.23435162314
Score Improvement: 6.278077379999747E-4

Step Number: 15
Time Spent: 39.652278688 seconds
New Tree:
Tree: ((((((13,14),(11,12)),((10,9),(7,8))),((1,2),((6,(5,0)),(3,4)))),((19,(18,17)),((15,16),((20,21),22)))),(((27,(26,25)),((28,24),23)),((36,35),((32,33),((34,31),(29,30))))));
Tree Score: 13553.736276073649
Score Improvement: 4.0609900210730743E-4

Step Number: 16
Time Spent: 39.620541342 seconds
New Tree:
Tree: ((((((13,14),(11,12)),((10,9),(7,8))),((1,2),((6,(5,0)),(3,4)))),((19,(18,17)),((15,16),((20,21),22)))),(((27,(26,25)),((28,24),23)),((36,35),((32,33),((34,31),(29,30))))));
Tree Score: 13553.736276073649
Score Improvement: 0.0

TOTAL STEPS: 16
TOTAL TIME: 734.278861947 seconds
Final tree: Tree: ((((((13,14),(11,12)),((10,9),(7,8))),((1,2),((6,(5,0)),(3,4)))),((19,(18,17)),((15,16),((20,21),22)))),(((27,(26,25)),((28,24),23)),((36,35),((32,33),((34,31),(29,30))))));
Tree Score: 13553.736276073649
Total Score Improvement: 0.569744270848453

--------------ITERATION 2--------------
Input tree: ((((0,(1,(2,(3,(4,5))))),6),(((7,(8,9)),10),((((11,12),(13,14)),(15,16)),((((17,18),19),20),((21,22),(23,((24,25),26))))))),((27,(28,29)),(((30,31),(32,33)),((34,35),36))));
Initial Score: 10162.917027893738

Step Number: 1
Time Spent: 39.793541275 seconds
New Tree:
Tree: ((((0,(1,(2,(3,(4,5))))),6),(((((17,18),19),20),((21,22),(23,((24,25),26)))),((((11,12),(13,14)),(15,16)),((7,(8,9)),10)))),((27,(28,29)),(((30,31),(32,33)),((34,35),36))));
Tree Score: 12321.109927359823
Score Improvement: 0.21235959061188647

Step Number: 2
Time Spent: 39.903251455 seconds
New Tree:
Tree: ((((((17,18),19),20),((21,22),(23,((24,25),26)))),(((0,(1,(2,(3,(4,5))))),6),((((11,12),(13,14)),(15,16)),((7,(8,9)),10)))),((27,(28,29)),(((30,31),(32,33)),((34,35),36))));
Tree Score: 13352.714699526958
Score Improvement: 0.08372661052851971

Step Number: 3
Time Spent: 39.840186522 seconds
New Tree:
Tree: ((((((17,18),19),20),((21,22),(23,((24,25),26)))),(((0,6),(1,(2,(3,(4,5))))),((((11,12),(13,14)),(15,16)),((7,(8,9)),10)))),((27,(28,29)),(((30,31),(32,33)),((34,35),36))));
Tree Score: 13927.365099802322
Score Improvement: 0.04303622246161831

Step Number: 4
Time Spent: 39.673538864 seconds
New Tree:
Tree: ((((((17,18),19),20),((21,22),(23,((24,25),26)))),(((2,(3,(4,5))),(1,(0,6))),((((11,12),(13,14)),(15,16)),((7,(8,9)),10)))),((27,(28,29)),(((30,31),(32,33)),((34,35),36))));
Tree Score: 14333.972149809531
Score Improvement: 0.02919482953835839

Step Number: 5
Time Spent: 39.750061304 seconds
New Tree:
Tree: ((((((17,18),19),20),((21,22),(23,((24,25),26)))),(((2,(1,(0,6))),(3,(4,5))),((((11,12),(13,14)),(15,16)),((7,(8,9)),10)))),((27,(28,29)),(((30,31),(32,33)),((34,35),36))));
Tree Score: 14516.634999553382
Score Improvement: 0.012743351796332236

Step Number: 6
Time Spent: 39.737745562 seconds
New Tree:
Tree: (((((20,19),(17,18)),((21,22),(23,((24,25),26)))),(((2,(1,(0,6))),(3,(4,5))),((((11,12),(13,14)),(15,16)),((7,(8,9)),10)))),((27,(28,29)),(((30,31),(32,33)),((34,35),36))));
Tree Score: 14664.801099116623
Score Improvement: 0.010206642212041483

Step Number: 7
Time Spent: 41.506963282 seconds
New Tree:
Tree: (((((20,19),(17,18)),((21,22),(23,((24,25),26)))),(((2,(1,(0,6))),(3,(4,5))),((((11,12),(13,14)),(15,16)),((7,10),(8,9))))),((27,(28,29)),(((30,31),(32,33)),((34,35),36))));
Tree Score: 14811.536398774653
Score Improvement: 0.010005952257127415

Step Number: 8
Time Spent: 40.41145819 seconds
New Tree:
Tree: (((((20,19),(17,18)),(((24,25),26),(23,(21,22)))),(((2,(1,(0,6))),(3,(4,5))),((((11,12),(13,14)),(15,16)),((7,10),(8,9))))),((27,(28,29)),(((30,31),(32,33)),((34,35),36))));
Tree Score: 14905.432649170572
Score Improvement: 0.006339399767041565

Step Number: 9
Time Spent: 39.442900247 seconds
New Tree:
Tree: (((((20,19),(17,18)),(((24,25),26),(23,(21,22)))),((((0,6),(1,2)),(3,(4,5))),((((11,12),(13,14)),(15,16)),((7,10),(8,9))))),((27,(28,29)),(((30,31),(32,33)),((34,35),36))));
Tree Score: 14942.504249196092
Score Improvement: 0.0024871200251663783

Step Number: 10
Time Spent: 39.525649247 seconds
New Tree:
Tree: (((((20,19),(17,18)),(((24,25),(23,(21,22))),26)),((((0,6),(1,2)),(3,(4,5))),((((11,12),(13,14)),(15,16)),((7,10),(8,9))))),((27,(28,29)),(((30,31),(32,33)),((34,35),36))));
Tree Score: 14962.292774051952
Score Improvement: 0.001324311141281731

Step Number: 11
Time Spent: 40.770847746 seconds
New Tree:
Tree: (((((20,19),(17,18)),(((24,25),(23,(21,22))),26)),((((0,6),(1,2)),(3,(4,5))),((((11,12),(13,14)),(15,16)),((7,10),(8,9))))),((27,(28,29)),(((30,31),(32,33)),((36,35),34))));
Tree Score: 14971.123223604227
Score Improvement: 5.901802407977108E-4

Step Number: 12
Time Spent: 39.689173883 seconds
New Tree:
Tree: (((((20,19),(17,18)),(((24,25),(23,(21,22))),26)),((((0,6),(1,2)),(3,(4,5))),((((11,12),(15,16)),(13,14)),((7,10),(8,9))))),((27,(28,29)),(((30,31),(32,33)),((36,35),34))));
Tree Score: 14978.83794829069
Score Improvement: 5.153070061101328E-4

Step Number: 13
Time Spent: 39.678761176 seconds
New Tree:
Tree: (((((20,19),(17,18)),(((24,25),(23,(21,22))),26)),((((0,6),(1,2)),(5,(4,3))),((((11,12),(15,16)),(13,14)),((7,10),(8,9))))),((27,(28,29)),(((30,31),(32,33)),((36,35),34))));
Tree Score: 14986.365148207231
Score Improvement: 5.025222879455615E-4

Step Number: 14
Time Spent: 39.680753398 seconds
New Tree:
Tree: (((((20,19),(17,18)),(((24,25),(22,(21,23))),26)),((((0,6),(1,2)),(5,(4,3))),((((11,12),(15,16)),(13,14)),((7,10),(8,9))))),((27,(28,29)),(((30,31),(32,33)),((36,35),34))));
Tree Score: 14992.593773013039
Score Improvement: 4.1561944769186177E-4

Step Number: 15
Time Spent: 34.719799286 seconds
New Tree:
Tree: (((((20,19),(17,18)),(((24,25),(22,(21,23))),26)),((((0,6),(1,2)),(5,(4,3))),((((11,12),(15,16)),(13,14)),((7,10),(8,9))))),((27,(28,29)),(((30,31),(32,33)),((36,35),34))));
Tree Score: 14992.593773013039
Score Improvement: 0.0

TOTAL STEPS: 15
TOTAL TIME: 594.124631437 seconds
Final tree: Tree: (((((20,19),(17,18)),(((24,25),(22,(21,23))),26)),((((0,6),(1,2)),(5,(4,3))),((((11,12),(15,16)),(13,14)),((7,10),(8,9))))),((27,(28,29)),(((30,31),(32,33)),((36,35),34))));
Tree Score: 14992.593773013039
Total Score Improvement: 0.4752254428392446

--------------ITERATION 3--------------
Input tree: (((0,(1,((2,3),(4,5)))),((((6,7),((8,9),10)),(11,(12,13))),((14,(15,(16,17))),(((18,19),20),((((21,(22,(23,24))),(25,26)),27),28))))),(((29,30),31),((32,(33,34)),(35,36))));
Initial Score: 10594.468753562365

Step Number: 1
Time Spent: 19.651161296 seconds
New Tree:
Tree: (((0,(1,((2,3),(4,5)))),((((18,19),20),((((21,(22,(23,24))),(25,26)),27),28)),((14,(15,(16,17))),(((6,7),((8,9),10)),(11,(12,13)))))),(((29,30),31),((32,(33,34)),(35,36))));
Tree Score: 12044.658224057308
Score Improvement: 0.1368817544539287

Step Number: 2
Time Spent: 26.267709813 seconds
New Tree:
Tree: (((0,(1,((2,3),(4,5)))),((((18,19),20),((((21,(22,(23,24))),(25,26)),27),28)),(((6,7),((8,9),10)),((14,(15,(16,17))),(11,(12,13)))))),(((29,30),31),((32,(33,34)),(35,36))));
Tree Score: 12787.481425995915
Score Improvement: 0.06167241843815341

Step Number: 3
Time Spent: 19.781187398 seconds
New Tree:
Tree: (((((2,3),(4,5)),(1,0)),((((18,19),20),((((21,(22,(23,24))),(25,26)),27),28)),(((6,7),((8,9),10)),((14,(15,(16,17))),(11,(12,13)))))),(((29,30),31),((32,(33,34)),(35,36))));
Tree Score: 13248.68902708867
Score Improvement: 0.036067117967042206

Step Number: 4
Time Spent: 21.107097558 seconds
New Tree:
Tree: (((((2,3),(4,5)),(1,0)),((((18,19),20),((28,27),((21,(22,(23,24))),(25,26)))),(((6,7),((8,9),10)),((14,(15,(16,17))),(11,(12,13)))))),(((29,30),31),((32,(33,34)),(35,36))));
Tree Score: 13494.004027282213
Score Improvement: 0.018516171652301905

Step Number: 5
Time Spent: 19.536407878 seconds
New Tree:
Tree: (((((2,3),(4,5)),(1,0)),((((21,(22,(23,24))),(25,26)),((28,27),((18,19),20))),(((6,7),((8,9),10)),((14,(15,(16,17))),(11,(12,13)))))),(((29,30),31),((32,(33,34)),(35,36))));
Tree Score: 13860.291502038339
Score Improvement: 0.0271444616450065

Step Number: 6
Time Spent: 19.655923006 seconds
New Tree:
Tree: (((((2,3),(4,5)),(1,0)),((((21,(22,(23,24))),(25,26)),((18,19),((28,27),20))),(((6,7),((8,9),10)),((14,(15,(16,17))),(11,(12,13)))))),(((29,30),31),((32,(33,34)),(35,36))));
Tree Score: 14007.365177363276
Score Improvement: 0.010611153113432525

Step Number: 7
Time Spent: 19.637791999 seconds
New Tree:
Tree: (((((2,3),(4,5)),(1,0)),((((21,(22,(23,24))),(25,26)),((18,19),((28,27),20))),(((6,7),((8,9),10)),((14,(15,(16,17))),(11,(12,13)))))),((32,(33,34)),(((29,30),31),(35,36))));
Tree Score: 14076.087626864437
Score Improvement: 0.004906165337376978

Step Number: 8
Time Spent: 22.20144978 seconds
New Tree:
Tree: (((((2,3),(1,0)),(4,5)),((((21,(22,(23,24))),(25,26)),((18,19),((28,27),20))),(((6,7),((8,9),10)),((14,(15,(16,17))),(11,(12,13)))))),((32,(33,34)),(((29,30),31),(35,36))));
Tree Score: 14125.716601303548
Score Improvement: 0.003525764811551202

Step Number: 9
Time Spent: 22.168016268 seconds
New Tree:
Tree: (((((2,3),(1,0)),(4,5)),((((21,(25,26)),(22,(23,24))),((18,19),((28,27),20))),(((6,7),((8,9),10)),((14,(15,(16,17))),(11,(12,13)))))),((32,(33,34)),(((29,30),31),(35,36))));
Tree Score: 14170.515350873118
Score Improvement: 0.003171431994142937

Step Number: 10
Time Spent: 19.598618652 seconds
New Tree:
Tree: (((((2,3),(1,0)),(4,5)),((((21,(25,26)),(22,(23,24))),((18,19),((28,27),20))),(((6,7),((8,9),10)),(((16,17),(15,14)),(11,(12,13)))))),((32,(33,34)),(((29,30),31),(35,36))));
Tree Score: 14212.384451026375
Score Improvement: 0.0029546631944248336

Step Number: 11
Time Spent: 19.614714902 seconds
New Tree:
Tree: (((((2,3),(1,0)),(4,5)),((((21,(25,26)),(22,(23,24))),((18,19),((20,27),28))),(((6,7),((8,9),10)),(((16,17),(15,14)),(11,(12,13)))))),((32,(33,34)),(((29,30),31),(35,36))));
Tree Score: 14236.604876112471
Score Improvement: 0.0017041774495727413

Step Number: 12
Time Spent: 19.607699695 seconds
New Tree:
Tree: (((((2,3),(1,0)),(4,5)),((((26,(25,21)),(22,(23,24))),((18,19),((20,27),28))),(((6,7),((8,9),10)),(((16,17),(15,14)),(11,(12,13)))))),((32,(33,34)),(((29,30),31),(35,36))));
Tree Score: 14254.10647624852
Score Improvement: 0.0012293380541461563

Step Number: 13
Time Spent: 19.588251481 seconds
New Tree:
Tree: (((((2,3),(1,0)),(4,5)),((((26,(25,21)),(22,(23,24))),((18,19),((20,27),28))),(((6,7),((8,9),10)),(((16,17),(15,14)),(11,(12,13)))))),((32,(33,34)),(((35,36),31),(29,30))));
Tree Score: 14264.885951038728
Score Improvement: 7.562364437343483E-4

Step Number: 14
Time Spent: 28.295981564 seconds
New Tree:
Tree: (((((2,3),(1,0)),(4,5)),((((26,(25,21)),(22,(23,24))),((18,19),((20,27),28))),(((6,7),((8,9),10)),(((16,17),(15,14)),(11,(12,13)))))),((32,(33,34)),(((35,31),36),(29,30))));
Tree Score: 14274.092225943505
Score Improvement: 6.453801969659168E-4

Step Number: 15
Time Spent: 29.683446548 seconds
New Tree:
Tree: (((((2,3),(1,0)),(4,5)),((((26,(25,21)),(22,(23,24))),((18,19),((20,27),28))),(((6,7),((8,9),10)),(((16,17),(15,14)),(12,(11,13)))))),((32,(33,34)),(((35,31),36),(29,30))));
Tree Score: 14278.551200811564
Score Improvement: 3.123823776305379E-4

Step Number: 16
Time Spent: 29.874840859 seconds
New Tree:
Tree: (((((2,3),(1,0)),(4,5)),((((26,(25,21)),(22,(23,24))),((18,19),((20,27),28))),(((8,9),((6,7),10)),(((16,17),(15,14)),(12,(11,13)))))),((32,(33,34)),(((35,31),36),(29,30))));
Tree Score: 14282.215400290488
Score Improvement: 2.5662263820680487E-4

Step Number: 17
Time Spent: 22.406123153 seconds
New Tree:
Tree: (((((2,3),(1,0)),(4,5)),((((26,(25,21)),(22,(23,24))),((18,19),((20,27),28))),(((8,9),((6,7),10)),(((16,17),(15,14)),(12,(11,13)))))),((32,(33,34)),(((35,31),36),(29,30))));
Tree Score: 14282.215400290488
Score Improvement: 0.0

TOTAL STEPS: 17
TOTAL TIME: 378.67642185 seconds
Final tree: Tree: (((((2,3),(1,0)),(4,5)),((((26,(25,21)),(22,(23,24))),((18,19),((20,27),28))),(((8,9),((6,7),10)),(((16,17),(15,14)),(12,(11,13)))))),((32,(33,34)),(((35,31),36),(29,30))));
Tree Score: 14282.215400290488
Total Score Improvement: 0.3480822618395214

--------------ITERATION 4--------------
Input tree: (((0,((1,2),3)),(((((4,5),(6,7)),((8,9),10)),11),(((12,13),((14,(((15,16),(17,18)),19)),20)),((21,22),(23,24))))),((25,26),((((27,28),29),((30,31),(32,(33,34)))),(35,36))));
Initial Score: 9277.972473135478

Step Number: 1
Time Spent: 29.810734592 seconds
New Tree:
Tree: (((0,((1,2),3)),(((11,((8,9),10)),((4,5),(6,7))),(((12,13),((14,(((15,16),(17,18)),19)),20)),((21,22),(23,24))))),((25,26),((((27,28),29),((30,31),(32,(33,34)))),(35,36))));
Tree Score: 10195.61692314912
Score Improvement: 0.09890570948239996

Step Number: 2
Time Spent: 29.344952875 seconds
New Tree:
Tree: (((((12,13),((14,(((15,16),(17,18)),19)),20)),((21,22),(23,24))),(((11,((8,9),10)),((4,5),(6,7))),(0,((1,2),3)))),((25,26),((((27,28),29),((30,31),(32,(33,34)))),(35,36))));
Tree Score: 10431.663348117492
Score Improvement: 0.023151754989188422

Step Number: 3
Time Spent: 29.720158828 seconds
New Tree:
Tree: (((((12,13),((14,(((15,16),(17,18)),19)),20)),((21,22),(23,24))),(((11,((8,9),10)),((4,5),(6,7))),(0,((1,2),3)))),((((27,28),29),((30,31),(32,(33,34)))),((25,26),(35,36))));
Tree Score: 10973.051822088963
Score Improvement: 0.05189857608558368

Step Number: 4
Time Spent: 29.220873828 seconds
New Tree:
Tree: (((((12,13),((14,(((15,16),(17,18)),19)),20)),((21,22),(23,24))),(((11,((8,9),10)),((4,5),(6,7))),(0,((1,2),3)))),((((27,28),29),((25,26),(35,36))),((30,31),(32,(33,34)))));
Tree Score: 11264.82809791478
Score Improvement: 0.02659025771102863

Step Number: 5
Time Spent: 29.078569909 seconds
New Tree:
Tree: (((((12,13),((21,22),(23,24))),((14,(((15,16),(17,18)),19)),20)),(((11,((8,9),10)),((4,5),(6,7))),(0,((1,2),3)))),((((27,28),29),((25,26),(35,36))),((30,31),(32,(33,34)))));
Tree Score: 11488.194348241223
Score Improvement: 0.01982864260199313

Step Number: 6
Time Spent: 28.904949086 seconds
New Tree:
Tree: (((((12,13),((21,22),(23,24))),((14,20),(((15,16),(17,18)),19))),(((11,((8,9),10)),((4,5),(6,7))),(0,((1,2),3)))),((((27,28),29),((25,26),(35,36))),((30,31),(32,(33,34)))));
Tree Score: 11757.734948414827
Score Improvement: 0.023462399050976135

Step Number: 7
Time Spent: 28.702717505 seconds
New Tree:
Tree: (((((12,13),((21,22),(23,24))),((14,20),(((15,16),(17,18)),19))),(((11,((8,9),10)),((4,5),(6,7))),((1,2),(0,3)))),((((27,28),29),((25,26),(35,36))),((30,31),(32,(33,34)))));
Tree Score: 11895.031548324956
Score Improvement: 0.011677130035036232

Step Number: 8
Time Spent: 28.802182317 seconds
New Tree:
Tree: (((((12,13),((21,22),(23,24))),(((15,16),(17,18)),((14,20),19))),(((11,((8,9),10)),((4,5),(6,7))),((1,2),(0,3)))),((((27,28),29),((25,26),(35,36))),((30,31),(32,(33,34)))));
Tree Score: 12013.494698339058
Score Improvement: 0.009959044625718949

Step Number: 9
Time Spent: 28.779787849 seconds
New Tree:
Tree: (((((21,22),((12,13),(23,24))),(((15,16),(17,18)),((14,20),19))),(((11,((8,9),10)),((4,5),(6,7))),((1,2),(0,3)))),((((27,28),29),((25,26),(35,36))),((30,31),(32,(33,34)))));
Tree Score: 12122.45239820503
Score Improvement: 0.00906960901901721

Step Number: 10
Time Spent: 28.758397839 seconds
New Tree:
Tree: (((((21,22),((12,13),(23,24))),(((15,16),(17,18)),((14,20),19))),((((8,9),(11,10)),((4,5),(6,7))),((1,2),(0,3)))),((((27,28),29),((25,26),(35,36))),((30,31),(32,(33,34)))));
Tree Score: 12187.833773420978
Score Improvement: 0.005393411586060548

Step Number: 11
Time Spent: 28.76575066 seconds
New Tree:
Tree: (((((21,22),((12,13),(23,24))),(((15,16),(17,18)),((14,20),19))),((((8,9),(11,10)),((4,5),(6,7))),((1,2),(0,3)))),((((27,28),29),((25,26),(35,36))),((33,34),(32,(30,31)))));
Tree Score: 12206.683398134395
Score Improvement: 0.00154659351808073

Step Number: 12
Time Spent: 28.75252719 seconds
New Tree:
Tree: (((((21,22),((12,13),(23,24))),(((15,16),(17,18)),((14,20),19))),((((8,9),(11,10)),((4,5),(6,7))),((1,2),(0,3)))),((((27,28),29),((25,26),(35,36))),((33,34),(30,(32,31)))));
Tree Score: 12215.520123078808
Score Improvement: 7.239251364350441E-4

Step Number: 13
Time Spent: 28.733292621 seconds
New Tree:
Tree: (((((21,22),((12,13),(23,24))),(((15,16),(17,18)),((14,20),19))),((((8,9),(11,10)),((4,5),(6,7))),((1,2),(0,3)))),((((27,28),29),((25,26),(35,36))),((32,31),(30,(33,34)))));
Tree Score: 12237.736623335717
Score Improvement: 0.0018187109540210855

Step Number: 14
Time Spent: 26.788578423 seconds
New Tree:
Tree: (((((21,22),((12,13),(23,24))),(((15,16),(17,18)),((14,20),19))),((((8,9),(11,10)),((4,5),(6,7))),((1,2),(0,3)))),((((27,28),29),((25,26),(35,36))),((32,31),(34,(33,30)))));
Tree Score: 12244.292248377664
Score Improvement: 5.356893389456552E-4

Step Number: 15
Time Spent: 19.486736128 seconds
New Tree:
Tree: (((((21,22),((12,13),(23,24))),(((15,16),(17,18)),((14,20),19))),((((8,9),(11,10)),(((6,7),5),4)),((1,2),(0,3)))),((((27,28),29),((25,26),(35,36))),((32,31),(34,(33,30)))));
Tree Score: 12247.987598294014
Score Improvement: 3.0180183888051104E-4

Step Number: 16
Time Spent: 19.565517794 seconds
New Tree:
Tree: (((((21,22),((12,13),(23,24))),(((15,16),(17,18)),((14,20),19))),((((8,9),(11,10)),(((6,5),7),4)),((1,2),(0,3)))),((((27,28),29),((25,26),(35,36))),((32,31),(34,(33,30)))));
Tree Score: 12249.154948152223
Score Improvement: 9.530952320457864E-5

Step Number: 17
Time Spent: 19.582952204 seconds
New Tree:
Tree: (((((21,22),((12,13),(23,24))),(((15,16),(17,18)),((14,20),19))),((((8,9),(11,10)),((4,7),(6,5))),((1,2),(0,3)))),((((27,28),29),((25,26),(35,36))),((32,31),(34,(33,30)))));
Tree Score: 12260.037448089672
Score Improvement: 8.884286290369303E-4

Step Number: 18
Time Spent: 19.524839228 seconds
New Tree:
Tree: (((((21,22),((12,13),(23,24))),(((15,16),(17,18)),((14,20),19))),((((8,9),(11,10)),((4,7),(6,5))),((1,2),(0,3)))),((((27,28),29),((25,26),(35,36))),((32,31),(34,(33,30)))));
Tree Score: 12260.037448089672
Score Improvement: 0.0

TOTAL STEPS: 18
TOTAL TIME: 482.323518876 seconds
Final tree: Tree: (((((21,22),((12,13),(23,24))),(((15,16),(17,18)),((14,20),19))),((((8,9),(11,10)),((4,7),(6,5))),((1,2),(0,3)))),((((27,28),29),((25,26),(35,36))),((32,31),(34,(33,30)))));
Tree Score: 12260.037448089672
Total Score Improvement: 0.3214134320390378

--------------ITERATION 5--------------
Input tree: (((((0,1),2),(3,((((((4,(5,6)),(7,8)),(9,10)),11),(12,13)),((14,15),(16,17))))),(((((18,19),20),(21,22)),(23,24)),(((25,26),(27,(28,29))),(30,(31,32))))),((33,34),(35,36)));
Initial Score: 9309.282225693769

Step Number: 1
Time Spent: 20.59875121 seconds
New Tree:
Tree: ((((((((18,19),20),(21,22)),(23,24)),(((25,26),(27,(28,29))),(30,(31,32)))),(3,((((((4,(5,6)),(7,8)),(9,10)),11),(12,13)),((14,15),(16,17))))),((0,1),2)),((33,34),(35,36)));
Tree Score: 10824.643673512106
Score Improvement: 0.16277962264758883

Step Number: 2
Time Spent: 21.499120943 seconds
New Tree:
Tree: ((((((((18,19),20),(21,22)),(23,24)),(((25,26),(27,(28,29))),(30,(31,32)))),((((((4,(5,6)),(7,8)),(9,10)),11),(12,13)),(3,((14,15),(16,17))))),((0,1),2)),((33,34),(35,36)));
Tree Score: 12595.131048490808
Score Improvement: 0.16356079963270131

Step Number: 3
Time Spent: 21.598846963 seconds
New Tree:
Tree: ((((((((18,19),20),(21,22)),(23,24)),(((25,26),(27,(28,29))),(30,(31,32)))),(((3,((14,15),(16,17))),(12,13)),((((4,(5,6)),(7,8)),(9,10)),11))),((0,1),2)),((33,34),(35,36)));
Tree Score: 13474.71254872063
Score Improvement: 0.06983504156038278

Step Number: 4
Time Spent: 21.630703668 seconds
New Tree:
Tree: (((((((23,24),(21,22)),((18,19),20)),(((25,26),(27,(28,29))),(30,(31,32)))),(((3,((14,15),(16,17))),(12,13)),((((4,(5,6)),(7,8)),(9,10)),11))),((0,1),2)),((33,34),(35,36)));
Tree Score: 13921.348299205807
Score Improvement: 0.033146217321539995

Step Number: 5
Time Spent: 21.673736095 seconds
New Tree:
Tree: (((((((23,24),(21,22)),((18,19),20)),(((25,26),(27,(28,29))),(30,(31,32)))),(((3,((14,15),(16,17))),(12,13)),((11,(9,10)),((4,(5,6)),(7,8))))),((0,1),2)),((33,34),(35,36)));
Tree Score: 14351.964849947524
Score Improvement: 0.030932100934956352

Step Number: 6
Time Spent: 21.340516207 seconds
New Tree:
Tree: (((((((23,24),(21,22)),((18,19),20)),(((25,26),(30,(31,32))),(27,(28,29)))),(((3,((14,15),(16,17))),(12,13)),((11,(9,10)),((4,(5,6)),(7,8))))),((0,1),2)),((33,34),(35,36)));
Tree Score: 14517.084574635412
Score Improvement: 0.011505025716983308

Step Number: 7
Time Spent: 21.32424661 seconds
New Tree:
Tree: (((((((23,24),(21,22)),((18,19),20)),(((25,26),(30,(31,32))),(27,(28,29)))),(((3,(12,13)),((14,15),(16,17))),((11,(9,10)),((4,(5,6)),(7,8))))),((0,1),2)),((33,34),(35,36)));
Tree Score: 14605.668775047214
Score Improvement: 0.006102065463376771

Step Number: 8
Time Spent: 21.213224113 seconds
New Tree:
Tree: (((((((23,24),(21,22)),((18,19),20)),(((25,26),(30,(31,32))),(27,(28,29)))),(((14,15),((3,(12,13)),(16,17))),((11,(9,10)),((4,(5,6)),(7,8))))),((0,1),2)),((33,34),(35,36)));
Tree Score: 14636.69412392318
Score Improvement: 0.00212419912801054

Step Number: 9
Time Spent: 22.723321311 seconds
New Tree:
Tree: (((((((23,24),(21,22)),((18,19),20)),(((31,32),(30,(25,26))),(27,(28,29)))),(((14,15),((3,(12,13)),(16,17))),((11,(9,10)),((4,(5,6)),(7,8))))),((0,1),2)),((33,34),(35,36)));
Tree Score: 14660.324098955241
Score Improvement: 0.0016144338900569988

Step Number: 10
Time Spent: 21.243783445 seconds
New Tree:
Tree: (((((((23,24),(21,22)),((18,19),20)),(((31,32),(30,(25,26))),(27,(28,29)))),(((14,15),(17,(16,(3,(12,13))))),((11,(9,10)),((4,(5,6)),(7,8))))),((0,1),2)),((33,34),(35,36)));
Tree Score: 14667.786924085987
Score Improvement: 5.09049123359917E-4

Step Number: 11
Time Spent: 21.153493333 seconds
New Tree:
Tree: (((((((23,24),(21,22)),((18,19),20)),(((31,32),(30,(25,26))),(27,(28,29)))),(((14,15),(17,((12,13),(3,16)))),((11,(9,10)),((4,(5,6)),(7,8))))),((0,1),2)),((33,34),(35,36)));
Tree Score: 14683.52652408884
Score Improvement: 0.0010730725830907506

Step Number: 12
Time Spent: 21.188657371 seconds
New Tree:
Tree: (((((((23,24),(21,22)),((18,19),20)),(((31,32),(30,(25,26))),(27,(28,29)))),(((14,15),(17,((12,13),(3,16)))),((9,(11,10)),((4,(5,6)),(7,8))))),((0,1),2)),((33,34),(35,36)));
Tree Score: 14685.500449209969
Score Improvement: 1.344312701645478E-4

Step Number: 13
Time Spent: 21.183223858 seconds
New Tree:
Tree: (((((((23,24),(21,22)),((18,19),20)),(((31,32),(25,(30,26))),(27,(28,29)))),(((14,15),(17,((12,13),(3,16)))),((9,(11,10)),((4,(5,6)),(7,8))))),((0,1),2)),((33,34),(35,36)));
Tree Score: 14687.183474132355
Score Improvement: 1.146045331044121E-4

Step Number: 14
Time Spent: 21.990834799 seconds
New Tree:
Tree: (((((((23,24),(21,22)),((18,19),20)),(((31,32),(25,(30,26))),(27,(28,29)))),(((14,15),(17,((12,13),(3,16)))),((9,(11,10)),((4,(5,6)),(7,8))))),((0,1),2)),((33,34),(35,36)));
Tree Score: 14687.183474132355
Score Improvement: 0.0

TOTAL STEPS: 14
TOTAL TIME: 300.362459926 seconds
Final tree: Tree: (((((((23,24),(21,22)),((18,19),20)),(((31,32),(25,(30,26))),(27,(28,29)))),(((14,15),(17,((12,13),(3,16)))),((9,(11,10)),((4,(5,6)),(7,8))))),((0,1),2)),((33,34),(35,36)));
Tree Score: 14687.183474132355
Total Score Improvement: 0.5776923631765607

--------------ITERATION 6--------------
Input tree: (((((0,((((1,(2,3)),4),5),6)),(((7,8),9),10)),(11,12)),(((13,14),(((15,16),17),18)),(19,((((20,(21,22)),(23,(24,(25,26)))),(27,28)),(29,30))))),((31,((32,33),34)),(35,36)));
Initial Score: 8225.887802191597

Step Number: 1
Time Spent: 21.054700882 seconds
New Tree:
Tree: (((((11,12),(((7,8),9),10)),(0,((((1,(2,3)),4),5),6))),(((13,14),(((15,16),17),18)),(19,((((20,(21,22)),(23,(24,(25,26)))),(27,28)),(29,30))))),((31,((32,33),34)),(35,36)));
Tree Score: 9383.290775361058
Score Improvement: 0.14070249935345558

Step Number: 2
Time Spent: 20.837426393 seconds
New Tree:
Tree: (((((11,12),(((7,8),9),10)),(0,((((1,(2,3)),4),5),6))),(((13,14),(((15,16),17),18)),((((20,(21,22)),(23,(24,(25,26)))),(27,28)),(19,(29,30))))),((31,((32,33),34)),(35,36)));
Tree Score: 10537.381850657805
Score Improvement: 0.12299427811905761

Step Number: 3
Time Spent: 20.612931157 seconds
New Tree:
Tree: (((((11,12),(((7,8),9),10)),(0,((((1,(2,3)),4),5),6))),(((13,14),(((15,16),17),18)),(((19,(29,30)),(27,28)),((20,(21,22)),(23,(24,(25,26))))))),((31,((32,33),34)),(35,36)));
Tree Score: 11361.927499483501
Score Improvement: 0.07824957475316552

Step Number: 4
Time Spent: 20.266805437 seconds
New Tree:
Tree: ((((13,14),(((15,16),17),18)),((((11,12),(((7,8),9),10)),(0,((((1,(2,3)),4),5),6))),(((19,(29,30)),(27,28)),((20,(21,22)),(23,(24,(25,26))))))),((31,((32,33),34)),(35,36)));
Tree Score: 11605.518624954182
Score Improvement: 0.021439243075768166

Step Number: 5
Time Spent: 20.30497747 seconds
New Tree:
Tree: ((((13,14),(((15,16),17),18)),(((((7,8),9),((11,12),10)),(0,((((1,(2,3)),4),5),6))),(((19,(29,30)),(27,28)),((20,(21,22)),(23,(24,(25,26))))))),((31,((32,33),34)),(35,36)));
Tree Score: 11749.177375011403
Score Improvement: 0.012378486020290902

Step Number: 6
Time Spent: 20.304008911 seconds
New Tree:
Tree: ((((13,14),(((15,16),17),18)),(((((7,8),9),((11,12),10)),((((1,(2,3)),4),5),(0,6))),(((19,(29,30)),(27,28)),((20,(21,22)),(23,(24,(25,26))))))),((31,((32,33),34)),(35,36)));
Tree Score: 11862.901774750348
Score Improvement: 0.009679349975668883

Step Number: 7
Time Spent: 20.280294443 seconds
New Tree:
Tree: ((((13,14),(((15,16),17),18)),(((((7,8),9),((11,12),10)),(((0,6),5),((1,(2,3)),4))),(((19,(29,30)),(27,28)),((20,(21,22)),(23,(24,(25,26))))))),((31,((32,33),34)),(35,36)));
Tree Score: 12178.03769854901
Score Improvement: 0.02656482619365641

Step Number: 8
Time Spent: 20.08606269 seconds
New Tree:
Tree: ((((13,14),(((15,16),17),18)),(((((7,8),9),((11,12),10)),((1,(2,3)),(((0,6),5),4))),(((19,(29,30)),(27,28)),((20,(21,22)),(23,(24,(25,26))))))),((31,((32,33),34)),(35,36)));
Tree Score: 12302.421449567564
Score Improvement: 0.010213776151585918

Step Number: 9
Time Spent: 20.08069881 seconds
New Tree:
Tree: ((((13,14),(((15,16),17),18)),(((((7,8),9),((11,12),10)),((1,(2,3)),(((0,6),5),4))),(((19,(29,30)),(27,28)),((20,(21,22)),((25,26),(24,23)))))),((31,((32,33),34)),(35,36)));
Tree Score: 12404.06245008707
Score Improvement: 0.008261869497494745

Step Number: 10
Time Spent: 20.124026178 seconds
New Tree:
Tree: ((((13,14),(((15,16),17),18)),(((((7,8),9),((11,12),10)),((1,(2,3)),(((0,6),5),4))),(((19,(29,30)),(27,28)),((20,(21,22)),((25,26),(24,23)))))),(((32,33),(31,34)),(35,36)));
Tree Score: 12446.443275186024
Score Improvement: 0.0034166891104820962

Step Number: 11
Time Spent: 20.120732672 seconds
New Tree:
Tree: (((((15,16),17),((13,14),18)),(((((7,8),9),((11,12),10)),((1,(2,3)),(((0,6),5),4))),(((19,(29,30)),(27,28)),((20,(21,22)),((25,26),(24,23)))))),(((32,33),(31,34)),(35,36)));
Tree Score: 12484.719275929312
Score Improvement: 0.0030752561110849452

Step Number: 12
Time Spent: 20.128851022 seconds
New Tree:
Tree: (((((15,16),17),((13,14),18)),(((((7,8),9),((11,12),10)),((1,(2,3)),((4,5),(0,6)))),(((19,(29,30)),(27,28)),((20,(21,22)),((25,26),(24,23)))))),(((32,33),(31,34)),(35,36)));
Tree Score: 12509.996400737016
Score Improvement: 0.002024645027977501

Step Number: 13
Time Spent: 20.139762536 seconds
New Tree:
Tree: (((((15,16),17),((13,18),14)),(((((7,8),9),((11,12),10)),((1,(2,3)),((4,5),(0,6)))),(((19,(29,30)),(27,28)),((20,(21,22)),((25,26),(24,23)))))),(((32,33),(31,34)),(35,36)));
Tree Score: 12529.747725663396
Score Improvement: 0.0015788433740249186

Step Number: 14
Time Spent: 20.146688906 seconds
New Tree:
Tree: (((((15,16),17),((13,18),14)),(((((7,9),8),((11,12),10)),((1,(2,3)),((4,5),(0,6)))),(((19,(29,30)),(27,28)),((20,(21,22)),((25,26),(24,23)))))),(((32,33),(31,34)),(35,36)));
Tree Score: 12542.918151044907
Score Improvement: 0.001051132526358467

Step Number: 15
Time Spent: 20.134649246 seconds
New Tree:
Tree: (((((17,16),15),((13,18),14)),(((((7,9),8),((11,12),10)),((1,(2,3)),((4,5),(0,6)))),(((19,(29,30)),(27,28)),((20,(21,22)),((25,26),(24,23)))))),(((32,33),(31,34)),(35,36)));
Tree Score: 12555.06925108307
Score Improvement: 9.687618058122904E-4

Step Number: 16
Time Spent: 20.134731659 seconds
New Tree:
Tree: (((((17,16),15),((13,18),14)),(((((7,9),8),((11,10),12)),((1,(2,3)),((4,5),(0,6)))),(((19,(29,30)),(27,28)),((20,(21,22)),((25,26),(24,23)))))),(((32,33),(31,34)),(35,36)));
Tree Score: 12555.078451059991
Score Improvement: 7.327699065307058E-7

Step Number: 17
Time Spent: 21.448484266 seconds
New Tree:
Tree: (((((17,16),15),((13,18),14)),(((((7,9),8),((11,10),12)),((1,(2,3)),((4,5),(0,6)))),(((19,(29,30)),(27,28)),((20,(21,22)),((25,26),(24,23)))))),(((32,33),(31,34)),(35,36)));
Tree Score: 12555.078451059991
Score Improvement: 0.0

TOTAL STEPS: 17
TOTAL TIME: 346.205832678 seconds
Final tree: Tree: (((((17,16),15),((13,18),14)),(((((7,9),8),((11,10),12)),((1,(2,3)),((4,5),(0,6)))),(((19,(29,30)),(27,28)),((20,(21,22)),((25,26),(24,23)))))),(((32,33),(31,34)),(35,36)));
Tree Score: 12555.078451059991
Total Score Improvement: 0.5262885603320511

--------------ITERATION 7--------------
Input tree: (((((0,((1,2),3)),4),(((((5,(6,7)),8),9),(10,(11,12))),(13,14))),(((15,((16,17),18)),19),(20,21))),(((22,23),(24,(25,26))),(27,((28,((29,30),(31,((32,33),34)))),(35,36)))));
Initial Score: 10692.645075417047

Step Number: 1
Time Spent: 29.886763953 seconds
New Tree:
Tree: (((((0,((1,2),3)),4),(((13,14),(10,(11,12))),(((5,(6,7)),8),9))),(((15,((16,17),18)),19),(20,21))),(((22,23),(24,(25,26))),(27,((28,((29,30),(31,((32,33),34)))),(35,36)))));
Tree Score: 11192.804050259681
Score Improvement: 0.04677598211807532

Step Number: 2
Time Spent: 25.089357313 seconds
New Tree:
Tree: (((((0,((1,2),3)),4),(((13,14),(10,(11,12))),(((5,(6,7)),8),9))),(((15,((16,17),18)),19),(20,21))),(((28,((29,30),(31,((32,33),34)))),(35,36)),(27,((22,23),(24,(25,26))))));
Tree Score: 11469.719601140921
Score Improvement: 0.024740498416463863

Step Number: 3
Time Spent: 21.800983282 seconds
New Tree:
Tree: (((((0,4),((1,2),3)),(((13,14),(10,(11,12))),(((5,(6,7)),8),9))),(((15,((16,17),18)),19),(20,21))),(((28,((29,30),(31,((32,33),34)))),(35,36)),(27,((22,23),(24,(25,26))))));
Tree Score: 11744.091076468216
Score Improvement: 0.023921376011668327

Step Number: 4
Time Spent: 20.066913258 seconds
New Tree:
Tree: (((((0,4),((1,2),3)),(((13,14),(10,(11,12))),(((5,(6,7)),8),9))),(((15,((16,17),18)),19),(20,21))),(((28,((29,30),(31,((32,33),34)))),(35,36)),((24,(25,26)),((22,23),27))));
Tree Score: 11992.923927090113
Score Improvement: 0.021187919014055145

Step Number: 5
Time Spent: 27.129260991 seconds
New Tree:
Tree: (((((0,4),((1,2),3)),(((13,14),(10,(11,12))),(((5,(6,7)),8),9))),(((15,((16,17),18)),19),(20,21))),((((31,((32,33),34)),((29,30),28)),(35,36)),((24,(25,26)),((22,23),27))));
Tree Score: 12190.899827202647
Score Improvement: 0.016507725832008324

Step Number: 6
Time Spent: 32.807004859 seconds
New Tree:
Tree: (((((0,4),((1,2),3)),(((13,14),(10,(11,12))),((9,8),(5,(6,7))))),(((15,((16,17),18)),19),(20,21))),((((31,((32,33),34)),((29,30),28)),(35,36)),((24,(25,26)),((22,23),27))));
Tree Score: 12321.117927601892
Score Improvement: 0.010681582347898289

Step Number: 7
Time Spent: 24.951815381 seconds
New Tree:
Tree: (((((0,4),((1,2),3)),(((13,14),(10,(11,12))),((9,8),(5,(6,7))))),(((20,21),19),(15,((16,17),18)))),((((31,((32,33),34)),((29,30),28)),(35,36)),((24,(25,26)),((22,23),27))));
Tree Score: 12406.660902751568
Score Improvement: 0.006942793312451068

Step Number: 8
Time Spent: 19.992494577 seconds
New Tree:
Tree: (((((0,4),((1,2),3)),(((13,14),(10,(11,12))),((9,8),(5,(6,7))))),(((16,17),18),(15,((20,21),19)))),((((31,((32,33),34)),((29,30),28)),(35,36)),((24,(25,26)),((22,23),27))));
Tree Score: 12506.668477132178
Score Improvement: 0.008060796951291804

Step Number: 9
Time Spent: 19.974929075 seconds
New Tree:
Tree: (((((0,4),((1,2),3)),(((13,14),(10,(11,12))),((9,8),(5,(6,7))))),(((16,17),18),(15,((20,21),19)))),(((((32,33),(31,34)),((29,30),28)),(35,36)),((24,(25,26)),((22,23),27))));
Tree Score: 12554.965552355356
Score Improvement: 0.003861705882064914

Step Number: 10
Time Spent: 19.97737359 seconds
New Tree:
Tree: (((((1,2),((0,4),3)),(((13,14),(10,(11,12))),((9,8),(5,(6,7))))),(((16,17),18),(15,((20,21),19)))),(((((32,33),(31,34)),((29,30),28)),(35,36)),((24,(25,26)),((22,23),27))));
Tree Score: 12588.714452221717
Score Improvement: 0.0026880917932927684

Step Number: 11
Time Spent: 28.252891447 seconds
New Tree:
Tree: (((((1,2),((0,4),3)),(((13,14),(10,(11,12))),((9,8),(5,(6,7))))),(((16,17),18),((20,21),(15,19)))),(((((32,33),(31,34)),((29,30),28)),(35,36)),((24,(25,26)),((22,23),27))));
Tree Score: 12621.689077460334
Score Improvement: 0.0026193798710556493

Step Number: 12
Time Spent: 31.520715659 seconds
New Tree:
Tree: (((((1,2),((0,4),3)),(((13,14),(10,(11,12))),((9,8),(5,(6,7))))),(((16,17),18),((20,21),(15,19)))),(((((32,33),(31,34)),((29,30),28)),(35,36)),((24,(25,26)),((22,27),23))));
Tree Score: 12651.025627338455
Score Improvement: 0.0023242966688594713

Step Number: 13
Time Spent: 19.957705656 seconds
New Tree:
Tree: (((((1,2),((0,3),4)),(((13,14),(10,(11,12))),((9,8),(5,(6,7))))),(((16,17),18),((20,21),(15,19)))),(((((32,33),(31,34)),((29,30),28)),(35,36)),((24,(25,26)),((22,27),23))));
Tree Score: 12651.232952326664
Score Improvement: 1.6387998437172868E-5

Step Number: 14
Time Spent: 19.917119977 seconds
New Tree:
Tree: (((((1,2),((0,3),4)),(((13,14),(12,(11,10))),((9,8),(5,(6,7))))),(((16,17),18),((20,21),(15,19)))),(((((32,33),(31,34)),((29,30),28)),(35,36)),((24,(25,26)),((22,27),23))));
Tree Score: 12651.413427204021
Score Improvement: 1.4265398324164735E-5

Step Number: 15
Time Spent: 19.918472245 seconds
New Tree:
Tree: (((((1,2),((0,3),4)),(((13,14),(12,(11,10))),((9,8),(5,(6,7))))),(((16,17),18),((20,21),(15,19)))),(((((32,33),(31,34)),((29,30),28)),(35,36)),((24,(25,26)),((22,27),23))));
Tree Score: 12651.413427204021
Score Improvement: 0.0

TOTAL STEPS: 15
TOTAL TIME: 361.243801263 seconds
Final tree: Tree: (((((1,2),((0,3),4)),(((13,14),(12,(11,10))),((9,8),(5,(6,7))))),(((16,17),18),((20,21),(15,19)))),(((((32,33),(31,34)),((29,30),28)),(35,36)),((24,(25,26)),((22,27),23))));
Tree Score: 12651.413427204021
Total Score Improvement: 0.18318838210484367

--------------ITERATION 8--------------
Input tree: ((0,(((((((1,2),3),4),5),6),(((7,((8,((9,10),((11,(12,13)),14))),(15,16))),17),((18,(19,(20,21))),22))),23)),((24,((25,26),(27,28))),((29,30),(31,(32,(33,((34,35),36)))))));
Initial Score: 5670.144248926648

Step Number: 1
Time Spent: 21.009789025 seconds
New Tree:
Tree: ((0,((((18,(19,(20,21))),22),(((7,((8,((9,10),((11,(12,13)),14))),(15,16))),17),(((((1,2),3),4),5),6))),23)),((24,((25,26),(27,28))),((29,30),(31,(32,(33,((34,35),36)))))));
Tree Score: 6993.484525226109
Score Improvement: 0.23338740924447698

Step Number: 2
Time Spent: 20.977916675 seconds
New Tree:
Tree: ((0,((((18,(19,(20,21))),22),(((7,17),((8,((9,10),((11,(12,13)),14))),(15,16))),(((((1,2),3),4),5),6))),23)),((24,((25,26),(27,28))),((29,30),(31,(32,(33,((34,35),36)))))));
Tree Score: 7960.593551360031
Score Improvement: 0.13828714750786597

Step Number: 3
Time Spent: 20.690089083 seconds
New Tree:
Tree: ((0,((((18,(19,(20,21))),22),(((8,((9,10),((11,(12,13)),14))),((7,17),(15,16))),(((((1,2),3),4),5),6))),23)),((24,((25,26),(27,28))),((29,30),(31,(32,(33,((34,35),36)))))));
Tree Score: 8792.707475471863
Score Improvement: 0.10452913074172332

Step Number: 4
Time Spent: 20.676970514 seconds
New Tree:
Tree: ((0,((((18,(19,(20,21))),22),23),(((8,((9,10),((11,(12,13)),14))),((7,17),(15,16))),(((((1,2),3),4),5),6)))),((24,((25,26),(27,28))),((29,30),(31,(32,(33,((34,35),36)))))));
Tree Score: 9474.95314962903
Score Improvement: 0.07759221787604775

Step Number: 5
Time Spent: 20.096040985 seconds
New Tree:
Tree: ((0,((29,30),(31,(32,(33,((34,35),36)))))),((24,((25,26),(27,28))),((((18,(19,(20,21))),22),23),(((8,((9,10),((11,(12,13)),14))),((7,17),(15,16))),(((((1,2),3),4),5),6)))));
Tree Score: 10373.645550721529
Score Improvement: 0.09484927122069053

Step Number: 6
Time Spent: 20.066672096 seconds
New Tree:
Tree: ((0,((29,30),(31,(32,(33,((34,35),36)))))),((24,((25,26),(27,28))),((((18,(19,(20,21))),22),23),(((8,((9,10),((11,(12,13)),14))),((7,17),(15,16))),((6,5),(((1,2),3),4))))));
Tree Score: 10989.531125218346
Score Improvement: 0.059370215753513866

Step Number: 7
Time Spent: 19.794740239 seconds
New Tree:
Tree: ((0,((29,30),(31,(32,(33,((34,35),36)))))),((24,((25,26),(27,28))),(((23,22),(18,(19,(20,21)))),(((8,((9,10),((11,(12,13)),14))),((7,17),(15,16))),((6,5),(((1,2),3),4))))));
Tree Score: 11577.882599850156
Score Improvement: 0.05353745013576461

Step Number: 8
Time Spent: 19.527134213 seconds
New Tree:
Tree: ((0,((29,30),(31,(32,(33,((34,35),36)))))),((24,((25,26),(27,28))),(((23,22),(18,(19,(20,21)))),(((8,((7,17),(15,16))),((9,10),((11,(12,13)),14))),((6,5),(((1,2),3),4))))));
Tree Score: 12032.634649926033
Score Improvement: 0.0392776525546874

Step Number: 9
Time Spent: 19.458794097 seconds
New Tree:
Tree: ((0,((29,30),(31,(32,(33,((34,35),36)))))),(((25,26),(24,(27,28))),(((23,22),(18,(19,(20,21)))),(((8,((7,17),(15,16))),((9,10),((11,(12,13)),14))),((6,5),(((1,2),3),4))))));
Tree Score: 12347.393149769567
Score Improvement: 0.026158734890655788

Step Number: 10
Time Spent: 19.461755158 seconds
New Tree:
Tree: ((0,((29,30),(31,(32,(33,((34,35),36)))))),(((25,26),(24,(27,28))),(((23,22),(18,(19,(20,21)))),(((8,((7,17),(15,16))),((9,10),((11,(12,13)),14))),(((1,2),3),((6,5),4))))));
Tree Score: 12613.495300454371
Score Improvement: 0.0215512819149013

Step Number: 11
Time Spent: 19.474328614 seconds
New Tree:
Tree: ((0,((29,30),(31,(32,(33,((34,35),36)))))),(((25,26),(24,(27,28))),(((19,(20,21)),(18,(23,22))),(((8,((7,17),(15,16))),((9,10),((11,(12,13)),14))),(((1,2),3),((6,5),4))))));
Tree Score: 12831.226926732976
Score Improvement: 0.01726179945306372

Step Number: 12
Time Spent: 19.516426566 seconds
New Tree:
Tree: ((0,((29,30),(31,(((34,35),36),(33,32))))),(((25,26),(24,(27,28))),(((19,(20,21)),(18,(23,22))),(((8,((7,17),(15,16))),((9,10),((11,(12,13)),14))),(((1,2),3),((6,5),4))))));
Tree Score: 12943.733426291663
Score Improvement: 0.008768179395556297

Step Number: 13
Time Spent: 19.59695608 seconds
New Tree:
Tree: ((0,((29,30),(((34,35),36),(31,(33,32))))),(((25,26),(24,(27,28))),(((19,(20,21)),(18,(23,22))),(((8,((7,17),(15,16))),((9,10),((11,(12,13)),14))),(((1,2),3),((6,5),4))))));
Tree Score: 13022.643026802856
Score Improvement: 0.0060963555036532835

Step Number: 14
Time Spent: 19.675919822 seconds
New Tree:
Tree: ((0,(((34,35),36),((29,30),(31,(33,32))))),(((25,26),(24,(27,28))),(((19,(20,21)),(18,(23,22))),(((8,((7,17),(15,16))),((9,10),((11,(12,13)),14))),(((1,2),3),((6,5),4))))));
Tree Score: 13095.587701659817
Score Improvement: 0.0056013725252874735

Step Number: 15
Time Spent: 19.732960247 seconds
New Tree:
Tree: ((((29,30),(31,(33,32))),(((34,35),36),0)),(((25,26),(24,(27,28))),(((19,(20,21)),(18,(23,22))),(((8,((7,17),(15,16))),((9,10),((11,(12,13)),14))),(((1,2),3),((6,5),4))))));
Tree Score: 13183.639251716602
Score Improvement: 0.0067237570441855965

Step Number: 16
Time Spent: 19.901610882 seconds
New Tree:
Tree: ((((29,30),(31,(33,32))),((0,36),(34,35))),(((25,26),(24,(27,28))),(((19,(20,21)),(18,(23,22))),(((8,((7,17),(15,16))),((9,10),((11,(12,13)),14))),(((1,2),3),((6,5),4))))));
Tree Score: 13316.549801714886
Score Improvement: 0.010081476552916024

Step Number: 17
Time Spent: 19.829244209 seconds
New Tree:
Tree: (((((19,(20,21)),(18,(23,22))),(((8,((7,17),(15,16))),((9,10),((11,(12,13)),14))),(((1,2),3),((6,5),4)))),((0,36),(34,35))),(((25,26),(24,(27,28))),((29,30),(31,(33,32)))));
Tree Score: 13380.914926117453
Score Improvement: 0.0048334685305857494

Step Number: 18
Time Spent: 21.010494561 seconds
New Tree:
Tree: (((((19,(20,21)),(18,(23,22))),(((8,((7,17),(15,16))),((11,(12,13)),((9,10),14))),(((1,2),3),((6,5),4)))),((0,36),(34,35))),(((25,26),(24,(27,28))),((29,30),(31,(33,32)))));
Tree Score: 13436.029150950424
Score Improvement: 0.00411886818930407

Step Number: 19
Time Spent: 20.815777551 seconds
New Tree:
Tree: (((((19,(20,21)),(18,(23,22))),(((8,((7,17),(15,16))),((11,(12,13)),((9,10),14))),(((1,2),3),((6,5),4)))),((0,36),(34,35))),(((25,26),(24,(27,28))),((33,32),(31,(29,30)))));
Tree Score: 13483.26645097386
Score Improvement: 0.0035157187806558188

Step Number: 20
Time Spent: 20.843727894 seconds
New Tree:
Tree: (((((19,(20,21)),(18,(23,22))),((((15,16),((7,17),8)),((11,(12,13)),((9,10),14))),(((1,2),3),((6,5),4)))),((0,36),(34,35))),(((25,26),(24,(27,28))),((33,32),(31,(29,30)))));
Tree Score: 13515.218375811219
Score Improvement: 0.002369746600613176

Step Number: 21
Time Spent: 20.861982729 seconds
New Tree:
Tree: (((((19,(20,21)),(18,(23,22))),((((15,16),((7,17),8)),((11,(12,13)),((9,10),14))),(((3,2),1),((6,5),4)))),((0,36),(34,35))),(((25,26),(24,(27,28))),((33,32),(31,(29,30)))));
Tree Score: 13546.608350935956
Score Improvement: 0.0023225651448530726

Step Number: 22
Time Spent: 20.873882077 seconds
New Tree:
Tree: (((((19,(20,21)),(22,(23,18))),((((15,16),((7,17),8)),((11,(12,13)),((9,10),14))),(((3,2),1),((6,5),4)))),((0,36),(34,35))),(((25,26),(24,(27,28))),((33,32),(31,(29,30)))));
Tree Score: 13564.228575877478
Score Improvement: 0.0013007111806184746

Step Number: 23
Time Spent: 20.886588861 seconds
New Tree:
Tree: (((((19,(20,21)),(22,(23,18))),((((15,16),((7,17),8)),((11,(12,13)),((14,10),9))),(((3,2),1),((6,5),4)))),((0,36),(34,35))),(((25,26),(24,(27,28))),((33,32),(31,(29,30)))));
Tree Score: 13570.765450632764
Score Improvement: 4.819201268040363E-4

Step Number: 24
Time Spent: 20.888586741 seconds
New Tree:
Tree: (((((19,(20,21)),(22,(23,18))),((((15,16),((7,17),8)),((11,(12,13)),((14,10),9))),(((3,2),1),((6,5),4)))),((0,36),(34,35))),(((25,26),(27,(24,28))),((33,32),(31,(29,30)))));
Tree Score: 13574.678825505642
Score Improvement: 2.8836802810516815E-4

Step Number: 25
Time Spent: 20.906860153 seconds
New Tree:
Tree: (((((19,(20,21)),(22,(23,18))),((((15,16),((7,17),8)),((11,(12,13)),((14,10),9))),(((3,2),1),((6,5),4)))),((0,36),(34,35))),(((25,26),(27,(24,28))),((33,32),(30,(29,31)))));
Tree Score: 13577.262175396649
Score Improvement: 1.9030652026574835E-4

Step Number: 26
Time Spent: 20.904100166 seconds
New Tree:
Tree: (((((21,(20,19)),(22,(23,18))),((((15,16),((7,17),8)),((11,(12,13)),((14,10),9))),(((3,2),1),((6,5),4)))),((0,36),(34,35))),(((25,26),(27,(24,28))),((33,32),(30,(29,31)))));
Tree Score: 13578.521425303636
Score Improvement: 9.274696847705322E-5

Step Number: 27
Time Spent: 20.901614375 seconds
New Tree:
Tree: (((((21,(20,19)),(22,(23,18))),((((15,16),((7,17),8)),((11,(12,13)),((14,10),9))),(((3,2),1),((6,4),5)))),((0,36),(34,35))),(((25,26),(27,(24,28))),((33,32),(30,(29,31)))));
Tree Score: 13579.134550209139
Score Improvement: 4.5154025707150325E-5

Step Number: 28
Time Spent: 20.903752356 seconds
New Tree:
Tree: (((((21,(20,19)),(22,(23,18))),((((15,16),((8,17),7)),((11,(12,13)),((14,10),9))),(((3,2),1),((6,4),5)))),((0,36),(34,35))),(((25,26),(27,(24,28))),((33,32),(30,(29,31)))));
Tree Score: 13579.175600197585
Score Improvement: 3.023019493175738E-6

Step Number: 29
Time Spent: 20.90669456 seconds
New Tree:
Tree: (((((21,(20,19)),(22,(23,18))),((((15,16),((8,17),7)),((11,(12,13)),((14,10),9))),(((3,2),1),((6,4),5)))),((0,36),(34,35))),(((25,26),(27,(24,28))),((33,32),(30,(29,31)))));
Tree Score: 13579.175600197585
Score Improvement: 0.0

TOTAL STEPS: 29
TOTAL TIME: 590.191410529 seconds
Final tree: Tree: (((((21,(20,19)),(22,(23,18))),((((15,16),((8,17),7)),((11,(12,13)),((14,10),9))),(((3,2),1),((6,4),5)))),((0,36),(34,35))),(((25,26),(27,(24,28))),((33,32),(30,(29,31)))));
Tree Score: 13579.175600197585
Total Score Improvement: 1.3948554047400306

--------------ITERATION 9--------------
Input tree: ((((0,(1,(2,(3,(4,5))))),((6,(7,(8,9))),10)),((11,(12,13)),((14,15),16))),(17,(((18,19),((20,21),22)),(((((23,24),25),26),((27,(28,29)),30)),((31,32),(33,(34,(35,36))))))));
Initial Score: 8387.532153206726

Step Number: 1
Time Spent: 20.479017968 seconds
New Tree:
Tree: ((((0,(1,(2,(3,(4,5))))),((6,(7,(8,9))),10)),((11,(12,13)),((14,15),16))),((((((23,24),25),26),((27,(28,29)),30)),((31,32),(33,(34,(35,36))))),(((18,19),((20,21),22)),17)));
Tree Score: 11438.07915688242
Score Improvement: 0.36370018593721953

Step Number: 2
Time Spent: 20.38790275 seconds
New Tree:
Tree: (((((11,(12,13)),((14,15),16)),((6,(7,(8,9))),10)),(0,(1,(2,(3,(4,5)))))),((((((23,24),25),26),((27,(28,29)),30)),((31,32),(33,(34,(35,36))))),(((18,19),((20,21),22)),17)));
Tree Score: 12764.18780508294
Score Improvement: 0.11593805480901787

Step Number: 3
Time Spent: 20.366640689 seconds
New Tree:
Tree: (((((11,(12,13)),((14,15),16)),((6,(7,(8,9))),10)),(0,(1,(2,(3,(4,5)))))),(((((18,19),((20,21),22)),17),((31,32),(33,(34,(35,36))))),((((23,24),25),26),((27,(28,29)),30))));
Tree Score: 13838.658278848336
Score Improvement: 0.08417852276801518

Step Number: 4
Time Spent: 20.261871569 seconds
New Tree:
Tree: (((((11,(12,13)),((14,15),16)),((6,(7,(8,9))),10)),(0,(1,(2,(3,(4,5)))))),(((((18,19),17),((20,21),22)),((31,32),(33,(34,(35,36))))),((((23,24),25),26),((27,(28,29)),30))));
Tree Score: 14394.513101800927
Score Improvement: 0.040166814712246035

Step Number: 5
Time Spent: 20.165283449 seconds
New Tree:
Tree: (((((11,(12,13)),((14,15),16)),((6,(7,(8,9))),10)),((2,(3,(4,5))),(1,0))),(((((18,19),17),((20,21),22)),((31,32),(33,(34,(35,36))))),((((23,24),25),26),((27,(28,29)),30))));
Tree Score: 14889.432577594765
Score Improvement: 0.03438250896669226

Step Number: 6
Time Spent: 20.308780328 seconds
New Tree:
Tree: (((((11,(12,13)),((14,15),16)),((6,(7,(8,9))),10)),((2,(1,0)),(3,(4,5)))),(((((18,19),17),((20,21),22)),((31,32),(33,(34,(35,36))))),((((23,24),25),26),((27,(28,29)),30))));
Tree Score: 15102.803526980453
Score Improvement: 0.014330361366944322

Step Number: 7
Time Spent: 20.308270417 seconds
New Tree:
Tree: (((((11,(12,13)),((14,15),16)),((6,10),(7,(8,9)))),((2,(1,0)),(3,(4,5)))),(((((18,19),17),((20,21),22)),((31,32),(33,(34,(35,36))))),((((23,24),25),26),((27,(28,29)),30))));
Tree Score: 15248.94485208916
Score Improvement: 0.009676436884558104

Step Number: 8
Time Spent: 20.228340839 seconds
New Tree:
Tree: (((((11,(12,13)),((14,15),16)),((6,10),(7,(8,9)))),((2,(1,0)),(3,(4,5)))),(((((18,19),17),((20,21),22)),((31,32),(33,(34,(35,36))))),(((26,25),(23,24)),((27,(28,29)),30))));
Tree Score: 15346.833427567151
Score Improvement: 0.006419367138348564

Step Number: 9
Time Spent: 20.164062204 seconds
New Tree:
Tree: (((((11,(12,13)),((14,15),16)),((6,10),(7,(8,9)))),((2,(1,0)),(3,(4,5)))),(((((18,19),17),((20,21),22)),((31,32),(33,(34,(35,36))))),(((26,25),(23,24)),((27,30),(28,29)))));
Tree Score: 15421.924952212838
Score Improvement: 0.004892965379476921

Step Number: 10
Time Spent: 20.116764919 seconds
New Tree:
Tree: (((((11,(12,13)),((14,15),16)),((6,10),(7,(8,9)))),((2,(1,0)),(3,(4,5)))),(((((18,19),17),((20,21),22)),((31,32),((35,36),(34,33)))),(((26,25),(23,24)),((27,30),(28,29)))));
Tree Score: 15489.917101825587
Score Improvement: 0.004408797852630819

Step Number: 11
Time Spent: 20.155079498 seconds
New Tree:
Tree: (((((11,(12,13)),((14,15),16)),((6,10),(7,(8,9)))),((2,(1,0)),(3,(4,5)))),(((((18,19),17),((20,21),22)),((34,33),((35,36),(31,32)))),(((26,25),(23,24)),((27,30),(28,29)))));
Tree Score: 15592.577952289488
Score Improvement: 0.006627591987035331

Step Number: 12
Time Spent: 20.153292748 seconds
New Tree:
Tree: (((((11,(12,13)),((14,15),16)),((8,9),(7,(6,10)))),((2,(1,0)),(3,(4,5)))),(((((18,19),17),((20,21),22)),((34,33),((35,36),(31,32)))),(((26,25),(23,24)),((27,30),(28,29)))));
Tree Score: 15650.695251808967
Score Improvement: 0.0037272412360103147

Step Number: 13
Time Spent: 20.166270516 seconds
New Tree:
Tree: (((((11,(12,13)),((14,15),16)),((8,9),(10,(6,7)))),((2,(1,0)),(3,(4,5)))),(((((18,19),17),((20,21),22)),((34,33),((35,36),(31,32)))),(((26,25),(23,24)),((27,30),(28,29)))));
Tree Score: 15661.254026921
Score Improvement: 6.746521443392606E-4

Step Number: 14
Time Spent: 20.165088871 seconds
New Tree:
Tree: (((((11,(12,13)),((14,15),16)),((8,9),(10,(6,7)))),((2,(1,0)),(3,(4,5)))),(((((18,17),19),((20,21),22)),((34,33),((35,36),(31,32)))),(((26,25),(23,24)),((27,30),(28,29)))));
Tree Score: 15670.756701962557
Score Improvement: 6.06763355298412E-4

Step Number: 15
Time Spent: 20.173013831 seconds
New Tree:
Tree: (((((11,(12,13)),((14,15),16)),((8,9),(10,(6,7)))),((2,(1,0)),(5,(4,3)))),(((((18,17),19),((20,21),22)),((34,33),((35,36),(31,32)))),(((26,25),(23,24)),((27,30),(28,29)))));
Tree Score: 15680.091901668813
Score Improvement: 5.957082918075507E-4

Step Number: 16
Time Spent: 20.164984179 seconds
New Tree:
Tree: (((((12,(11,13)),((14,15),16)),((8,9),(10,(6,7)))),((2,(1,0)),(5,(4,3)))),(((((18,17),19),((20,21),22)),((34,33),((35,36),(31,32)))),(((26,25),(23,24)),((27,30),(28,29)))));
Tree Score: 15686.338676651474
Score Improvement: 3.983889266616636E-4

Step Number: 17
Time Spent: 20.154696349 seconds
New Tree:
Tree: (((((12,(11,13)),((14,15),16)),((8,9),(10,(6,7)))),((2,(1,0)),(5,(4,3)))),(((((18,17),19),((20,21),22)),((34,33),((35,36),(31,32)))),(((26,25),(23,24)),((27,30),(28,29)))));
Tree Score: 15686.338676651474
Score Improvement: 0.0

TOTAL STEPS: 17
TOTAL TIME: 343.919361124 seconds
Final tree: Tree: (((((12,(11,13)),((14,15),16)),((8,9),(10,(6,7)))),((2,(1,0)),(5,(4,3)))),(((((18,17),19),((20,21),22)),((34,33),((35,36),(31,32)))),(((26,25),(23,24)),((27,30),(28,29)))));
Tree Score: 15686.338676651474
Total Score Improvement: 0.8701971438230807

--------------ITERATION 10--------------
Input tree: (((((0,1),(2,(3,4))),((5,6),(((7,8),((9,10),11)),((12,13),14)))),(((15,16),17),18)),(19,(((20,(21,(((22,23),((24,25),26)),(27,(28,29))))),(30,(31,32))),(((33,34),35),36))));
Initial Score: 8141.3429290403965

Step Number: 1
Time Spent: 21.233519151 seconds
New Tree:
Tree: (((((0,1),(2,(3,4))),((5,6),(((7,8),((9,10),11)),((12,13),14)))),(((20,(21,(((22,23),((24,25),26)),(27,(28,29))))),(30,(31,32))),(((33,34),35),36))),(19,(((15,16),17),18)));
Tree Score: 9557.408127343593
Score Improvement: 0.17393508793887702

Step Number: 2
Time Spent: 21.257511518 seconds
New Tree:
Tree: (((((0,1),(2,(3,4))),(((7,8),((9,10),11)),((5,6),((12,13),14)))),(((20,(21,(((22,23),((24,25),26)),(27,(28,29))))),(30,(31,32))),(((33,34),35),36))),(19,(((15,16),17),18)));
Tree Score: 10325.21207678221
Score Improvement: 0.08033600105890026

Step Number: 3
Time Spent: 21.248480482 seconds
New Tree:
Tree: (((((33,34),35),36),(((20,(21,(((22,23),((24,25),26)),(27,(28,29))))),(30,(31,32))),(((0,1),(2,(3,4))),(((7,8),((9,10),11)),((5,6),((12,13),14)))))),(19,(((15,16),17),18)));
Tree Score: 10822.229301892563
Score Improvement: 0.04813627278687771

Step Number: 4
Time Spent: 21.048256765 seconds
New Tree:
Tree: (((((33,34),35),36),(((20,(30,(31,32))),(21,(((22,23),((24,25),26)),(27,(28,29))))),(((0,1),(2,(3,4))),(((7,8),((9,10),11)),((5,6),((12,13),14)))))),(19,(((15,16),17),18)));
Tree Score: 11295.153450679143
Score Improvement: 0.0436993280768756

Step Number: 5
Time Spent: 20.773325994 seconds
New Tree:
Tree: (((((33,34),35),36),(((((22,23),((24,25),26)),(27,(28,29))),(21,(20,(30,(31,32))))),(((0,1),(2,(3,4))),(((7,8),((9,10),11)),((5,6),((12,13),14)))))),(19,(((15,16),17),18)));
Tree Score: 12099.756151374306
Score Improvement: 0.07123433109682842

Step Number: 6
Time Spent: 20.910888948 seconds
New Tree:
Tree: (((((33,34),35),36),(((0,1),(2,(3,4))),(((((22,23),((24,25),26)),(27,(28,29))),(21,(20,(30,(31,32))))),(((7,8),((9,10),11)),((5,6),((12,13),14)))))),(19,(((15,16),17),18)));
Tree Score: 12650.20497601421
Score Improvement: 0.045492555201402496

Step Number: 7
Time Spent: 20.989484348 seconds
New Tree:
Tree: (((((33,34),35),36),(((0,1),(2,(3,4))),(((((22,23),((24,25),26)),(27,(28,29))),((30,(31,32)),(20,21))),(((7,8),((9,10),11)),((5,6),((12,13),14)))))),(19,(((15,16),17),18)));
Tree Score: 12761.365925360122
Score Improvement: 0.008787284439792042

Step Number: 8
Time Spent: 21.044692974 seconds
New Tree:
Tree: (((((33,34),35),36),(((0,1),(2,(3,4))),(((((22,23),((24,25),26)),(27,(28,29))),((30,(31,32)),(20,21))),(((7,8),((9,10),11)),((5,6),((12,13),14)))))),(((15,16),17),(19,18)));
Tree Score: 12850.007226595066
Score Improvement: 0.0069460668829182115

Step Number: 9
Time Spent: 20.945641552 seconds
New Tree:
Tree: ((((36,35),(33,34)),(((0,1),(2,(3,4))),(((((22,23),((24,25),26)),(27,(28,29))),((30,(31,32)),(20,21))),(((7,8),((9,10),11)),((5,6),((12,13),14)))))),(((15,16),17),(19,18)));
Tree Score: 12922.99602655728
Score Improvement: 0.005680059059511855

Step Number: 10
Time Spent: 20.861473446 seconds
New Tree:
Tree: ((((36,35),(33,34)),(((0,1),(2,(3,4))),(((((22,23),((24,25),26)),(27,(28,29))),((30,(31,32)),(20,21))),(((7,8),((9,10),11)),((12,13),((5,6),14)))))),(((15,16),17),(19,18)));
Tree Score: 12979.804976410749
Score Improvement: 0.004395958161460767

Step Number: 11
Time Spent: 20.839127169 seconds
New Tree:
Tree: ((((36,35),(33,34)),(((0,1),(2,(3,4))),(((((22,23),((24,25),26)),(27,(28,29))),((30,(31,32)),(20,21))),(((7,8),((9,10),11)),((12,13),((5,6),14)))))),(((17,16),15),(19,18)));
Tree Score: 13008.710376368585
Score Improvement: 0.0022269517924473625

Step Number: 12
Time Spent: 20.845720396 seconds
New Tree:
Tree: ((((36,35),(33,34)),(((0,1),(4,(3,2))),(((((22,23),((24,25),26)),(27,(28,29))),((30,(31,32)),(20,21))),(((7,8),((9,10),11)),((12,13),((5,6),14)))))),(((17,16),15),(19,18)));
Tree Score: 13028.43380155366
Score Improvement: 0.0015161706744508674

Step Number: 13
Time Spent: 20.85983057 seconds
New Tree:
Tree: ((((36,35),(33,34)),(((3,2),(4,(0,1))),(((((22,23),((24,25),26)),(27,(28,29))),((30,(31,32)),(20,21))),(((7,8),((9,10),11)),((12,13),((5,6),14)))))),(((17,16),15),(19,18)));
Tree Score: 13042.60562574559
Score Improvement: 0.001087761154394462

Step Number: 14
Time Spent: 20.863167237 seconds
New Tree:
Tree: ((((36,35),(33,34)),(((3,2),(4,(0,1))),(((((22,23),((24,25),26)),(27,(28,29))),((30,(31,32)),(20,21))),(((7,8),((9,10),11)),((12,13),((14,6),5)))))),(((17,16),15),(19,18)));
Tree Score: 13054.26495095783
Score Improvement: 8.939414060964435E-4

Step Number: 15
Time Spent: 20.859432684 seconds
New Tree:
Tree: ((((36,35),(33,34)),(((3,2),(0,(4,1))),(((((22,23),((24,25),26)),(27,(28,29))),((30,(31,32)),(20,21))),(((7,8),((9,10),11)),((12,13),((14,6),5)))))),(((17,16),15),(19,18)));
Tree Score: 13063.42872615506
Score Improvement: 7.019755789894333E-4

Step Number: 16
Time Spent: 20.900637714 seconds
New Tree:
Tree: ((((36,35),(33,34)),(((3,2),(0,(4,1))),(((((22,23),((24,25),26)),(27,(28,29))),((30,(31,32)),(20,21))),(((7,8),((9,11),10)),((12,13),((14,6),5)))))),(((17,16),15),(19,18)));
Tree Score: 13066.073251146572
Score Improvement: 2.0243728097346647E-4

Step Number: 17
Time Spent: 20.875153468 seconds
New Tree:
Tree: ((((36,35),(33,34)),(((3,2),(0,(4,1))),(((((22,23),((24,25),26)),(27,(28,29))),((30,(31,32)),(20,21))),(((7,8),((9,11),10)),((14,6),((12,13),5)))))),(((17,16),15),(19,18)));
Tree Score: 13068.529901074751
Score Improvement: 1.8801746178520595E-4

Step Number: 18
Time Spent: 20.94388679 seconds
New Tree:
Tree: ((((36,35),(33,34)),(((3,2),(0,(4,1))),(((((22,23),((24,25),26)),(27,(28,29))),((30,(31,32)),(20,21))),(((7,8),((9,11),10)),((14,6),((12,13),5)))))),(((17,16),15),(19,18)));
Tree Score: 13068.529901074751
Score Improvement: 0.0

TOTAL STEPS: 18
TOTAL TIME: 377.300231206 seconds
Final tree: Tree: ((((36,35),(33,34)),(((3,2),(0,(4,1))),(((((22,23),((24,25),26)),(27,(28,29))),((30,(31,32)),(20,21))),(((7,8),((9,11),10)),((14,6),((12,13),5)))))),(((17,16),15),(19,18)));
Tree Score: 13068.529901074751
Total Score Improvement: 0.6052056785937541

===========================================================
RESULTS FROM 10 ITERATION(S):
AVERAGE TIME PER RUN: 450.862653083 seconds
AVERAGE IMPROVEMENT: 0.5871892940336578
BEST Tree: (((((12,(11,13)),((14,15),16)),((8,9),(10,(6,7)))),((2,(1,0)),(5,(4,3)))),(((((18,17),19),((20,21),22)),((34,33),((35,36),(31,32)))),(((26,25),(23,24)),((27,30),(28,29)))));
Tree Score: 15686.338676651474
BEST'S IMPROVEMENT :0.8701971438230807
