--------------ITERATION 1--------------
Input tree: ((((0,(1,2)),((3,4),((((5,6),7),8),(9,10)))),(11,(12,13))),(((((14,15),(16,17)),(18,((19,20),21))),(22,23)),(((24,(25,26)),(27,28)),((((29,30),31),32),(33,(34,(35,36)))))));
Initial Score: 10868.635300600024

Step Number: 1
Time Spent: 9.738601676 seconds
New Tree:
Tree: (((((((5,6),7),8),(9,10)),((3,4),(0,(1,2)))),(11,(12,13))),(((((14,15),(16,17)),(18,((19,20),21))),(22,23)),(((24,(25,26)),(27,28)),((((29,30),31),32),(33,(34,(35,36)))))));
Tree Score: 11133.643926099929
Score Improvement: 0.024382879558510373

Step Number: 2
Time Spent: 9.183255915 seconds
New Tree:
Tree: (((((((5,6),7),8),(9,10)),(11,(12,13))),((3,4),(0,(1,2)))),(((((14,15),(16,17)),(18,((19,20),21))),(22,23)),(((24,(25,26)),(27,28)),((((29,30),31),32),(33,(34,(35,36)))))));
Tree Score: 12125.168247968944
Score Improvement: 0.08905658636564118

Step Number: 3
Time Spent: 9.727894868 seconds
New Tree:
Tree: (((((11,(12,13)),(9,10)),(((5,6),7),8)),((3,4),(0,(1,2)))),(((((14,15),(16,17)),(18,((19,20),21))),(22,23)),(((24,(25,26)),(27,28)),((((29,30),31),32),(33,(34,(35,36)))))));
Tree Score: 12260.46654781984
Score Improvement: 0.011158467831863694

Step Number: 4
Time Spent: 9.031155009 seconds
New Tree:
Tree: (((((11,(12,13)),(9,10)),(((5,6),7),8)),((3,4),(0,(1,2)))),(((((14,15),(16,17)),(18,((19,20),21))),(22,23)),(((24,(25,26)),(27,28)),((34,(35,36)),(33,(((29,30),31),32))))));
Tree Score: 12336.416572219747
Score Improvement: 0.006194709157573808

Step Number: 5
Time Spent: 8.987632785 seconds
New Tree:
Tree: (((((11,(12,13)),(9,10)),(((5,6),7),8)),((3,4),(0,(1,2)))),(((((14,15),(16,17)),(18,((19,20),21))),(22,23)),(((24,(25,26)),(27,28)),((34,(35,36)),(((29,30),31),(33,32))))));
Tree Score: 12500.846647565308
Score Improvement: 0.013328836164290925

Step Number: 6
Time Spent: 8.436447261 seconds
New Tree:
Tree: (((((11,(12,13)),(9,10)),(((5,6),7),8)),((3,4),(0,(1,2)))),((((22,23),(18,((19,20),21))),((14,15),(16,17))),(((24,(25,26)),(27,28)),((34,(35,36)),(((29,30),31),(33,32))))));
Tree Score: 12536.854597983765
Score Improvement: 0.002880440936012141

Step Number: 7
Time Spent: 8.406326531 seconds
New Tree:
Tree: (((((11,(12,13)),(9,10)),(((7,6),5),8)),((3,4),(0,(1,2)))),((((22,23),(18,((19,20),21))),((14,15),(16,17))),(((24,(25,26)),(27,28)),((34,(35,36)),(((29,30),31),(33,32))))));
Tree Score: 12559.522047982435
Score Improvement: 0.0018080651587293328

Step Number: 8
Time Spent: 7.851118358 seconds
New Tree:
Tree: (((((11,(12,13)),(9,10)),(((7,6),5),8)),((3,4),(0,(1,2)))),((((22,23),(18,((19,20),21))),((14,15),(16,17))),(((24,(25,26)),(27,28)),((34,(35,36)),(((29,30),31),(33,32))))));
Tree Score: 12559.522047982435
Score Improvement: 0.0

TOTAL STEPS: 8
TOTAL TIME: 71.362432403 seconds
Final tree: Tree: (((((11,(12,13)),(9,10)),(((7,6),5),8)),((3,4),(0,(1,2)))),((((22,23),(18,((19,20),21))),((14,15),(16,17))),(((24,(25,26)),(27,28)),((34,(35,36)),(((29,30),31),(33,32))))));
Tree Score: 12559.522047982435
Total Score Improvement: 0.1555748905558605

--------------ITERATION 2--------------
Input tree: (((((0,1),(((((((2,(3,4)),5),(((6,7),8),(9,10))),(11,((12,13),((14,15),16)))),((((17,18),19),20),21)),22),23)),((24,25),(26,(27,28)))),((29,30),31)),(((32,33),34),(35,36)));
Initial Score: 9613.43362770998

Step Number: 1
Time Spent: 8.505837929 seconds
New Tree:
Tree: (((((0,1),((((((11,((12,13),((14,15),16))),(((6,7),8),(9,10))),((2,(3,4)),5)),((((17,18),19),20),21)),22),23)),((24,25),(26,(27,28)))),((29,30),31)),(((32,33),34),(35,36)));
Tree Score: 10132.456901186844
Score Improvement: 0.05398937503253998

Step Number: 2
Time Spent: 9.151785363 seconds
New Tree:
Tree: (((((29,30),31),((24,25),(26,(27,28)))),((0,1),((((((11,((12,13),((14,15),16))),(((6,7),8),(9,10))),((2,(3,4)),5)),((((17,18),19),20),21)),22),23))),(((32,33),34),(35,36)));
Tree Score: 10495.020075952401
Score Improvement: 0.035782355484096806

Step Number: 3
Time Spent: 10.663910404 seconds
New Tree:
Tree: (((((29,30),31),((24,25),(26,(27,28)))),((0,1),((23,22),((((11,((12,13),((14,15),16))),(((6,7),8),(9,10))),((2,(3,4)),5)),((((17,18),19),20),21))))),(((32,33),34),(35,36)));
Tree Score: 10844.60312591822
Score Improvement: 0.033309421748209056

Step Number: 4
Time Spent: 9.7743528 seconds
New Tree:
Tree: (((((29,30),31),((24,25),(26,(27,28)))),((0,1),((((11,((12,13),((14,15),16))),(((6,7),8),(9,10))),((2,(3,4)),5)),((23,22),((((17,18),19),20),21))))),(((32,33),34),(35,36)));
Tree Score: 12199.194899584516
Score Improvement: 0.12490929893311353

Step Number: 5
Time Spent: 9.766493631 seconds
New Tree:
Tree: (((0,1),((((29,30),31),((24,25),(26,(27,28)))),((((11,((12,13),((14,15),16))),(((6,7),8),(9,10))),((2,(3,4)),5)),((23,22),((((17,18),19),20),21))))),(((32,33),34),(35,36)));
Tree Score: 12497.835976468283
Score Improvement: 0.02448039229981802

Step Number: 6
Time Spent: 9.190277549 seconds
New Tree:
Tree: (((0,1),((((11,((12,13),((14,15),16))),(((6,7),8),(9,10))),((2,(3,4)),5)),((((29,30),31),((24,25),(26,(27,28)))),((23,22),((((17,18),19),20),21))))),(((32,33),34),(35,36)));
Tree Score: 13552.652697535115
Score Improvement: 0.08439994916343174

Step Number: 7
Time Spent: 9.766896964 seconds
New Tree:
Tree: (((0,1),((((11,((12,13),((14,15),16))),(((6,7),8),(9,10))),((((29,30),31),((24,25),(26,(27,28)))),((23,22),((((17,18),19),20),21)))),((2,(3,4)),5))),(((32,33),34),(35,36)));
Tree Score: 16263.258225759375
Score Improvement: 0.2000055331394459

Step Number: 8
Time Spent: 9.261669937 seconds
New Tree:
Tree: (((0,1),((((11,(((6,7),8),(9,10))),((12,13),((14,15),16))),((((29,30),31),((24,25),(26,(27,28)))),((23,22),((((17,18),19),20),21)))),((2,(3,4)),5))),(((32,33),34),(35,36)));
Tree Score: 16504.614549642312
Score Improvement: 0.014840588554429601

Step Number: 9
Time Spent: 8.685412719 seconds
New Tree:
Tree: (((0,1),(((((9,10),(((6,7),8),11)),((12,13),((14,15),16))),((((29,30),31),((24,25),(26,(27,28)))),((23,22),((((17,18),19),20),21)))),((2,(3,4)),5))),(((32,33),34),(35,36)));
Tree Score: 16578.294975427794
Score Improvement: 0.00446423184036604

Step Number: 10
Time Spent: 8.700043351 seconds
New Tree:
Tree: (((0,1),(((((9,10),(((6,7),8),11)),((12,13),((14,15),16))),((((29,30),31),((24,25),(26,(27,28)))),((23,22),((((17,18),19),20),21)))),((2,(3,4)),5))),(((35,36),34),(32,33)));
Tree Score: 16635.038849915843
Score Improvement: 0.0034227810864841945

Step Number: 11
Time Spent: 8.130890388 seconds
New Tree:
Tree: (((32,33),(((((9,10),(((6,7),8),11)),((12,13),((14,15),16))),((((29,30),31),((24,25),(26,(27,28)))),((23,22),((((17,18),19),20),21)))),((2,(3,4)),5))),(((35,36),34),(0,1)));
Tree Score: 16673.433299967553
Score Improvement: 0.0023080469121901093

Step Number: 12
Time Spent: 7.55570216 seconds
New Tree:
Tree: (((32,33),(((((9,10),(((6,7),8),11)),((12,13),((14,15),16))),((((29,30),31),((24,25),(27,(26,28)))),((23,22),((((17,18),19),20),21)))),((2,(3,4)),5))),(((35,36),34),(0,1)));
Tree Score: 16683.14662520727
Score Improvement: 5.825629949733901E-4

Step Number: 13
Time Spent: 6.979593774 seconds
New Tree:
Tree: (((32,33),(((((9,10),(((8,7),6),11)),((12,13),((14,15),16))),((((29,30),31),((24,25),(27,(26,28)))),((23,22),((((17,18),19),20),21)))),((2,(3,4)),5))),(((35,36),34),(0,1)));
Tree Score: 16687.760549971368
Score Improvement: 2.7656202200643243E-4

Step Number: 14
Time Spent: 6.978043996 seconds
New Tree:
Tree: (((32,33),(((((9,10),((11,6),(8,7))),((12,13),((14,15),16))),((((29,30),31),((24,25),(27,(26,28)))),((23,22),((((17,18),19),20),21)))),((2,(3,4)),5))),(((35,36),34),(0,1)));
Tree Score: 16753.36757468572
Score Improvement: 0.003931445715432691

Step Number: 15
Time Spent: 6.400807882 seconds
New Tree:
Tree: (((32,33),(((((9,10),((11,6),(8,7))),((12,13),((14,15),16))),((((29,30),31),((24,25),(27,(26,28)))),((23,22),((((17,18),19),20),21)))),((2,(3,4)),5))),(((35,36),34),(0,1)));
Tree Score: 16753.36757468572
Score Improvement: 0.0

TOTAL STEPS: 15
TOTAL TIME: 129.511718847 seconds
Final tree: Tree: (((32,33),(((((9,10),((11,6),(8,7))),((12,13),((14,15),16))),((((29,30),31),((24,25),(27,(26,28)))),((23,22),((((17,18),19),20),21)))),((2,(3,4)),5))),(((35,36),34),(0,1)));
Tree Score: 16753.36757468572
Total Score Improvement: 0.7427038271107871

--------------ITERATION 3--------------
Input tree: (((0,1),(2,3)),(((((4,((5,6),7)),(8,9)),(10,(11,12))),((13,14),(15,16))),((((17,(18,((19,20),21))),22),(((23,24),(25,(26,27))),28)),((29,(30,31)),(((32,33),(34,35)),36)))));
Initial Score: 11949.157899649683

Step Number: 1
Time Spent: 11.378193694 seconds
New Tree:
Tree: (((0,1),(2,3)),(((((4,((5,6),7)),(8,9)),(10,(11,12))),((13,14),(15,16))),((((((19,20),21),(18,17)),22),(((23,24),(25,(26,27))),28)),((29,(30,31)),(((32,33),(34,35)),36)))));
Tree Score: 12073.686348630683
Score Improvement: 0.010421525100496876

Step Number: 2
Time Spent: 10.845478255 seconds
New Tree:
Tree: (((0,1),(2,3)),(((((10,(11,12)),(8,9)),(4,((5,6),7))),((13,14),(15,16))),((((((19,20),21),(18,17)),22),(((23,24),(25,(26,27))),28)),((29,(30,31)),(((32,33),(34,35)),36)))));
Tree Score: 12170.371272576493
Score Improvement: 0.008007904226928542

Step Number: 3
Time Spent: 10.27087872 seconds
New Tree:
Tree: (((0,1),(2,3)),(((((10,(11,12)),(8,9)),(4,((5,6),7))),((13,14),(15,16))),((((((19,20),21),(18,17)),22),((28,(25,(26,27))),(23,24))),((29,(30,31)),(((32,33),(34,35)),36)))));
Tree Score: 12206.985471591222
Score Improvement: 0.003008470176849354

Step Number: 4
Time Spent: 10.241430493 seconds
New Tree:
Tree: (((0,1),(2,3)),(((((10,(11,12)),(8,9)),(4,((5,6),7))),((13,14),(15,16))),((((((19,20),21),(18,17)),22),((28,(25,(26,27))),(23,24))),((29,(30,31)),((36,(34,35)),(32,33))))));
Tree Score: 12218.54204699384
Score Improvement: 9.467182073339409E-4

Step Number: 5
Time Spent: 10.215060518 seconds
New Tree:
Tree: (((0,1),(2,3)),(((((10,(11,12)),(8,9)),(4,((5,6),7))),((13,14),(15,16))),((((((19,20),21),(18,17)),22),((28,(25,(26,27))),(23,24))),((36,(34,35)),((29,(30,31)),(32,33))))));
Tree Score: 12255.931946972254
Score Improvement: 0.003060095045268829

Step Number: 6
Time Spent: 9.653051272 seconds
New Tree:
Tree: (((0,1),(2,3)),(((((10,(11,12)),(8,9)),(4,((5,6),7))),((13,14),(15,16))),((((((19,20),21),(18,17)),22),((28,(25,(26,27))),(23,24))),((36,(34,35)),((29,(30,31)),(32,33))))));
Tree Score: 12255.931946972254
Score Improvement: 0.0

TOTAL STEPS: 6
TOTAL TIME: 62.604092952 seconds
Final tree: Tree: (((0,1),(2,3)),(((((10,(11,12)),(8,9)),(4,((5,6),7))),((13,14),(15,16))),((((((19,20),21),(18,17)),22),((28,(25,(26,27))),(23,24))),((36,(34,35)),((29,(30,31)),(32,33))))));
Tree Score: 12255.931946972254
Total Score Improvement: 0.025673277556367724

--------------ITERATION 4--------------
Input tree: (((0,((1,2),((((((3,4),(5,6)),(7,8)),(9,(10,11))),((12,13),14)),15))),(((((16,17),18),(19,20)),(21,22)),(((23,24),25),26))),(27,((28,(29,30)),(((31,32),(33,(34,35))),36))));
Initial Score: 7455.4914457203995

Step Number: 1
Time Spent: 12.188234063 seconds
New Tree:
Tree: (((((((((3,4),(5,6)),(7,8)),(9,(10,11))),((12,13),14)),15),((1,2),0)),(((((16,17),18),(19,20)),(21,22)),(((23,24),25),26))),(27,((28,(29,30)),(((31,32),(33,(34,35))),36))));
Tree Score: 9184.869270589872
Score Improvement: 0.2319602721645091

Step Number: 2
Time Spent: 11.691437507 seconds
New Tree:
Tree: (((((15,((12,13),14)),((((3,4),(5,6)),(7,8)),(9,(10,11)))),((1,2),0)),(((((16,17),18),(19,20)),(21,22)),(((23,24),25),26))),(27,((28,(29,30)),(((31,32),(33,(34,35))),36))));
Tree Score: 10254.44344607016
Score Improvement: 0.11644958071478317

Step Number: 3
Time Spent: 11.657824435 seconds
New Tree:
Tree: (((((15,((12,13),14)),((((3,4),(5,6)),(7,8)),(9,(10,11)))),((1,2),0)),(((((16,17),18),(19,20)),(21,22)),(((23,24),25),26))),((((31,32),(33,(34,35))),36),((28,(29,30)),27)));
Tree Score: 10647.244822458044
Score Improvement: 0.038305479810161636

Step Number: 4
Time Spent: 11.583978661 seconds
New Tree:
Tree: (((((15,((12,13),14)),(((9,(10,11)),(7,8)),((3,4),(5,6)))),((1,2),0)),(((((16,17),18),(19,20)),(21,22)),(((23,24),25),26))),((((31,32),(33,(34,35))),36),((28,(29,30)),27)));
Tree Score: 10873.210647516564
Score Improvement: 0.021222938781485956

Step Number: 5
Time Spent: 11.561340308 seconds
New Tree:
Tree: ((((((3,4),(5,6)),(((9,(10,11)),(7,8)),(15,((12,13),14)))),((1,2),0)),(((((16,17),18),(19,20)),(21,22)),(((23,24),25),26))),((((31,32),(33,(34,35))),36),((28,(29,30)),27)));
Tree Score: 11040.319522482023
Score Improvement: 0.015368862094438107

Step Number: 6
Time Spent: 12.134671944 seconds
New Tree:
Tree: ((((((3,4),(5,6)),((1,2),0)),(((9,(10,11)),(7,8)),(15,((12,13),14)))),(((((16,17),18),(19,20)),(21,22)),(((23,24),25),26))),((((31,32),(33,(34,35))),36),((28,(29,30)),27)));
Tree Score: 13367.049597317266
Score Improvement: 0.21074843622933126

Step Number: 7
Time Spent: 11.475423656 seconds
New Tree:
Tree: ((((((3,4),(5,6)),((1,2),0)),(((9,(10,11)),(7,8)),(15,((12,13),14)))),(((((16,17),18),(19,20)),(21,22)),(((23,24),25),26))),((((31,32),(33,(34,35))),36),((28,27),(29,30))));
Tree Score: 13505.491846449586
Score Improvement: 0.010356978787608107

Step Number: 8
Time Spent: 11.496881412 seconds
New Tree:
Tree: ((((((3,4),(5,6)),((1,2),0)),(((9,(10,11)),(7,8)),(15,((12,13),14)))),(((((16,17),18),(19,20)),(21,22)),(((23,24),25),26))),(((36,(33,(34,35))),(31,32)),((28,27),(29,30))));
Tree Score: 13596.023121403443
Score Improvement: 0.006703293444115133

Step Number: 9
Time Spent: 10.360934935 seconds
New Tree:
Tree: ((((((3,4),(5,6)),((1,2),0)),(((9,(10,11)),(7,8)),((12,13),(15,14)))),(((((16,17),18),(19,20)),(21,22)),(((23,24),25),26))),(((36,(33,(34,35))),(31,32)),((28,27),(29,30))));
Tree Score: 13668.761821167456
Score Improvement: 0.005349998239522424

Step Number: 10
Time Spent: 9.828225852 seconds
New Tree:
Tree: ((((((3,4),(5,6)),((1,2),0)),(((9,(10,11)),(7,8)),((12,13),(15,14)))),(((((16,17),18),(19,20)),(21,22)),(((25,24),23),26))),(((36,(33,(34,35))),(31,32)),((28,27),(29,30))));
Tree Score: 13677.995620918373
Score Improvement: 6.755403211882172E-4

Step Number: 11
Time Spent: 9.691562594 seconds
New Tree:
Tree: ((((((3,4),(5,6)),((1,2),0)),(((10,(9,11)),(7,8)),((12,13),(15,14)))),(((((16,17),18),(19,20)),(21,22)),(((25,24),23),26))),(((36,(33,(34,35))),(31,32)),((28,27),(29,30))));
Tree Score: 13682.32499590228
Score Improvement: 3.1652115586910945E-4

Step Number: 12
Time Spent: 9.165739931 seconds
New Tree:
Tree: ((((((3,4),(5,6)),((1,2),0)),(((10,(9,11)),(7,8)),((12,13),(15,14)))),(((((16,17),18),(19,20)),(21,22)),(((25,24),23),26))),(((36,(33,(34,35))),(31,32)),((28,27),(29,30))));
Tree Score: 13682.32499590228
Score Improvement: 0.0

TOTAL STEPS: 12
TOTAL TIME: 132.836255298 seconds
Final tree: Tree: ((((((3,4),(5,6)),((1,2),0)),(((10,(9,11)),(7,8)),((12,13),(15,14)))),(((((16,17),18),(19,20)),(21,22)),(((25,24),23),26))),(((36,(33,(34,35))),(31,32)),((28,27),(29,30))));
Tree Score: 13682.32499590228
Total Score Improvement: 0.8352009516094618

--------------ITERATION 5--------------
Input tree: ((0,(1,2)),(((3,4),(5,(6,((7,8),(9,10))))),(((11,((12,(13,14)),15)),(((16,(17,(18,(19,20)))),(21,22)),((23,((24,((25,(26,27)),28)),(29,30))),((31,(32,33)),34)))),(35,36))));
Initial Score: 10152.829826171104

Step Number: 1
Time Spent: 10.157915962 seconds
New Tree:
Tree: ((0,(1,2)),(((3,4),(5,(6,((7,8),(9,10))))),(((11,((12,(13,14)),15)),(((16,(17,(18,(19,20)))),(21,22)),((23,((31,(32,33)),34)),((24,((25,(26,27)),28)),(29,30))))),(35,36))));
Tree Score: 10916.451250280488
Score Improvement: 0.07521266850558117

Step Number: 2
Time Spent: 9.59553006 seconds
New Tree:
Tree: ((0,(1,2)),(((3,4),(5,(6,((7,8),(9,10))))),(((11,((12,(13,14)),15)),(((24,((25,(26,27)),28)),(29,30)),((23,((31,(32,33)),34)),((16,(17,(18,(19,20)))),(21,22))))),(35,36))));
Tree Score: 11841.200924396275
Score Improvement: 0.08471156540840385

Step Number: 3
Time Spent: 9.567109966 seconds
New Tree:
Tree: ((0,(1,2)),((35,36),(((11,((12,(13,14)),15)),(((24,((25,(26,27)),28)),(29,30)),((23,((31,(32,33)),34)),((16,(17,(18,(19,20)))),(21,22))))),((3,4),(5,(6,((7,8),(9,10))))))));
Tree Score: 12437.614826339057
Score Improvement: 0.05036768700664451

Step Number: 4
Time Spent: 9.540791535 seconds
New Tree:
Tree: ((0,(1,2)),((35,36),(((11,((12,(13,14)),15)),((3,4),(5,(6,((7,8),(9,10)))))),(((24,((25,(26,27)),28)),(29,30)),((23,((31,(32,33)),34)),((16,(17,(18,(19,20)))),(21,22)))))));
Tree Score: 13102.415198546973
Score Improvement: 0.05345079273560338

Step Number: 5
Time Spent: 8.913419228 seconds
New Tree:
Tree: ((0,(1,2)),((35,36),(((11,((12,(13,14)),15)),((6,((7,8),(9,10))),(5,(3,4)))),(((24,((25,(26,27)),28)),(29,30)),((23,((31,(32,33)),34)),((16,(17,(18,(19,20)))),(21,22)))))));
Tree Score: 13219.813173025519
Score Improvement: 0.008960025514346937

Step Number: 6
Time Spent: 8.375105941 seconds
New Tree:
Tree: ((0,(1,2)),((35,36),(((11,((12,(13,14)),15)),(((9,10),((7,8),6)),(5,(3,4)))),(((24,((25,(26,27)),28)),(29,30)),((23,((31,(32,33)),34)),((16,(17,(18,(19,20)))),(21,22)))))));
Tree Score: 13329.8597231206
Score Improvement: 0.008324365000832668

Step Number: 7
Time Spent: 7.833597694 seconds
New Tree:
Tree: ((0,(1,2)),((35,36),(((11,((12,(13,14)),15)),(((9,10),((7,8),6)),(5,(3,4)))),(((24,((25,(26,27)),28)),(29,30)),((23,((31,(32,33)),34)),((16,((19,20),(18,17))),(21,22)))))));
Tree Score: 13406.588772507057
Score Improvement: 0.005756178307966042

Step Number: 8
Time Spent: 7.285649244 seconds
New Tree:
Tree: ((0,(1,2)),((35,36),(((11,((12,(13,14)),15)),(((9,10),((7,8),6)),(5,(3,4)))),(((24,((25,(26,27)),28)),(29,30)),((23,((31,(32,33)),34)),((16,((19,20),(18,17))),(21,22)))))));
Tree Score: 13406.588772507057
Score Improvement: 0.0

TOTAL STEPS: 8
TOTAL TIME: 71.26911963 seconds
Final tree: Tree: ((0,(1,2)),((35,36),(((11,((12,(13,14)),15)),(((9,10),((7,8),6)),(5,(3,4)))),(((24,((25,(26,27)),28)),(29,30)),((23,((31,(32,33)),34)),((16,((19,20),(18,17))),(21,22)))))));
Tree Score: 13406.588772507057
Total Score Improvement: 0.32047803440462364

--------------ITERATION 6--------------
Input tree: ((0,(((1,(2,3)),4),((5,6),(7,(8,9))))),(((10,((11,12),(13,14))),(((15,16),(17,18)),((19,20),(21,(22,23))))),((24,(25,26)),(((27,28),(((29,30),31),32)),(((33,34),35),36)))));
Initial Score: 9612.103923172344

Step Number: 1
Time Spent: 10.339571604 seconds
New Tree:
Tree: ((0,(((1,(2,3)),4),((5,6),(7,(8,9))))),((((24,(25,26)),(((27,28),(((29,30),31),32)),(((33,34),35),36))),(((15,16),(17,18)),((19,20),(21,(22,23))))),(10,((11,12),(13,14)))));
Tree Score: 11446.506801160405
Score Improvement: 0.19084301341829857

Step Number: 2
Time Spent: 10.457257868 seconds
New Tree:
Tree: ((((5,6),(7,(8,9))),(((1,(2,3)),4),0)),((((24,(25,26)),(((27,28),(((29,30),31),32)),(((33,34),35),36))),(((15,16),(17,18)),((19,20),(21,(22,23))))),(10,((11,12),(13,14)))));
Tree Score: 11712.78915098531
Score Improvement: 0.02326319762444129

Step Number: 3
Time Spent: 9.955189762 seconds
New Tree:
Tree: ((((5,6),(7,(8,9))),(10,((11,12),(13,14)))),((((24,(25,26)),(((27,28),(((29,30),31),32)),(((33,34),35),36))),(((15,16),(17,18)),((19,20),(21,(22,23))))),(((1,(2,3)),4),0)));
Tree Score: 12234.294448193166
Score Improvement: 0.04452443312052501

Step Number: 4
Time Spent: 9.404588531 seconds
New Tree:
Tree: ((((5,6),(7,(8,9))),(10,((11,12),(13,14)))),((((24,(25,26)),(((27,28),(((29,30),31),32)),(((33,34),35),36))),((21,(22,23)),((19,20),((15,16),(17,18))))),(((1,(2,3)),4),0)));
Tree Score: 12481.68422288485
Score Improvement: 0.020221008717688616

Step Number: 5
Time Spent: 8.299261031 seconds
New Tree:
Tree: ((((5,6),(7,(8,9))),((13,14),((11,12),10))),((((24,(25,26)),(((27,28),(((29,30),31),32)),(((33,34),35),36))),((21,(22,23)),((19,20),((15,16),(17,18))))),(((1,(2,3)),4),0)));
Tree Score: 12579.79644837687
Score Improvement: 0.00786049572638059

Step Number: 6
Time Spent: 7.754545742 seconds
New Tree:
Tree: ((((5,6),(7,(8,9))),((13,14),((11,12),10))),((((24,(25,26)),(((27,28),(((29,30),31),32)),(((35,34),33),36))),((21,(22,23)),((19,20),((15,16),(17,18))))),(((1,(2,3)),4),0)));
Tree Score: 12587.056323295485
Score Improvement: 5.771059133115042E-4

Step Number: 7
Time Spent: 7.753954955 seconds
New Tree:
Tree: ((((5,6),(9,(8,7))),((13,14),((11,12),10))),((((24,(25,26)),(((27,28),(((29,30),31),32)),(((35,34),33),36))),((21,(22,23)),((19,20),((15,16),(17,18))))),(((1,(2,3)),4),0)));
Tree Score: 12592.795398218583
Score Improvement: 4.559505237515804E-4

Step Number: 8
Time Spent: 7.207176974 seconds
New Tree:
Tree: ((((5,6),(9,(8,7))),((13,14),((11,12),10))),((((24,(25,26)),(((27,28),(((29,30),31),32)),(((35,34),33),36))),((21,(22,23)),((19,20),((15,16),(17,18))))),(((3,(2,1)),4),0)));
Tree Score: 12593.218798207377
Score Improvement: 3.362239879267648E-5

Step Number: 9
Time Spent: 6.651720446 seconds
New Tree:
Tree: ((((5,6),(9,(8,7))),((13,14),((11,12),10))),((((24,(25,26)),(((27,28),(((29,30),31),32)),(((35,34),33),36))),((21,(22,23)),((19,20),((15,16),(17,18))))),(((3,4),(2,1)),0)));
Tree Score: 12671.788148221352
Score Improvement: 0.006239020481813462

Step Number: 10
Time Spent: 6.650674992 seconds
New Tree:
Tree: ((((5,6),(9,(8,7))),((13,14),((11,12),10))),((((24,(25,26)),(((27,28),(((29,30),31),32)),(((35,34),33),36))),((21,(22,23)),((19,20),((15,16),(17,18))))),((0,(2,1)),(3,4))));
Tree Score: 12924.249648042747
Score Improvement: 0.01992311557519466

Step Number: 11
Time Spent: 6.087262563 seconds
New Tree:
Tree: ((((5,6),(9,(8,7))),((13,14),((11,12),10))),((((24,(25,26)),(((27,28),(((29,30),31),32)),(((35,34),33),36))),((21,(22,23)),((19,20),((15,16),(17,18))))),((0,(2,1)),(3,4))));
Tree Score: 12924.249648042747
Score Improvement: 0.0

TOTAL STEPS: 11
TOTAL TIME: 90.561204468 seconds
Final tree: Tree: ((((5,6),(9,(8,7))),((13,14),((11,12),10))),((((24,(25,26)),(((27,28),(((29,30),31),32)),(((35,34),33),36))),((21,(22,23)),((19,20),((15,16),(17,18))))),((0,(2,1)),(3,4))));
Tree Score: 12924.249648042747
Total Score Improvement: 0.34458072356933833

--------------ITERATION 7--------------
Input tree: (((0,((1,2),(3,4))),((5,((6,7),8)),(((9,10),(11,12)),(13,14)))),(((15,16),17),((((18,(19,20)),(21,(22,(23,(24,25))))),((26,27),(((28,29),30),(31,32)))),(33,(34,(35,36))))));
Initial Score: 10990.214800269418

Step Number: 1
Time Spent: 9.946486701 seconds
New Tree:
Tree: ((((3,4),((1,2),0)),((5,((6,7),8)),(((9,10),(11,12)),(13,14)))),(((15,16),17),((((18,(19,20)),(21,(22,(23,(24,25))))),((26,27),(((28,29),30),(31,32)))),(33,(34,(35,36))))));
Tree Score: 11242.676300090812
Score Improvement: 0.02297148003105498

Step Number: 2
Time Spent: 9.411400989 seconds
New Tree:
Tree: ((((3,4),((1,2),0)),((5,((6,7),8)),(((9,10),(11,12)),(13,14)))),(((15,16),17),((((18,(19,20)),(21,((24,25),(23,22)))),((26,27),(((28,29),30),(31,32)))),(33,(34,(35,36))))));
Tree Score: 11308.602125176303
Score Improvement: 0.005863890707674235

Step Number: 3
Time Spent: 8.873868458 seconds
New Tree:
Tree: ((((3,4),((1,2),0)),((5,((6,7),8)),(((9,10),(11,12)),(13,14)))),(((15,16),17),((((18,(19,20)),((24,25),(21,(23,22)))),((26,27),(((28,29),30),(31,32)))),(33,(34,(35,36))))));
Tree Score: 11377.269025043659
Score Improvement: 0.006072094420448648

Step Number: 4
Time Spent: 8.872870217 seconds
New Tree:
Tree: ((((3,4),((1,2),0)),((5,((6,7),8)),(((9,10),(11,12)),(13,14)))),(((15,16),17),((((18,(19,20)),((24,25),(21,(23,22)))),((26,27),(((28,29),30),(31,32)))),(33,(36,(35,34))))));
Tree Score: 11399.203575268462
Score Improvement: 0.0019279275348522695

Step Number: 5
Time Spent: 8.321745105 seconds
New Tree:
Tree: ((((3,4),((1,2),0)),((5,((8,7),6)),(((9,10),(11,12)),(13,14)))),(((15,16),17),((((18,(19,20)),((24,25),(21,(23,22)))),((26,27),(((28,29),30),(31,32)))),(33,(36,(35,34))))));
Tree Score: 11420.61605008699
Score Improvement: 0.0018784184945150884

Step Number: 6
Time Spent: 7.771487701 seconds
New Tree:
Tree: ((((3,4),((1,2),0)),((5,((8,7),6)),(((9,10),(11,12)),(13,14)))),(((15,16),17),((((20,(19,18)),((24,25),(21,(23,22)))),((26,27),(((28,29),30),(31,32)))),(33,(36,(35,34))))));
Tree Score: 11437.219975516275
Score Improvement: 0.001453855497502543

Step Number: 7
Time Spent: 7.222238945 seconds
New Tree:
Tree: ((((3,4),((1,2),0)),((5,((8,7),6)),(((9,10),(11,12)),(13,14)))),(((15,16),17),((((20,(19,18)),((24,25),(22,(23,21)))),((26,27),(((28,29),30),(31,32)))),(33,(36,(35,34))))));
Tree Score: 11443.362750724033
Score Improvement: 5.370863917024682E-4

Step Number: 8
Time Spent: 6.66749857 seconds
New Tree:
Tree: ((((3,4),((1,2),0)),((5,((8,7),6)),(((9,10),(11,12)),(13,14)))),(((15,16),17),((((20,(19,18)),((24,25),(22,(23,21)))),((26,27),(((30,29),28),(31,32)))),(33,(36,(35,34))))));
Tree Score: 11445.193975634947
Score Improvement: 1.6002506874990274E-4

Step Number: 9
Time Spent: 6.125096355 seconds
New Tree:
Tree: ((((3,4),((1,2),0)),((5,((8,7),6)),(((9,10),(11,12)),(13,14)))),(((15,16),17),((((20,(19,18)),((24,25),(22,(23,21)))),((26,27),(((30,29),28),(31,32)))),(33,(36,(35,34))))));
Tree Score: 11445.193975634947
Score Improvement: 0.0

TOTAL STEPS: 9
TOTAL TIME: 73.212693041 seconds
Final tree: Tree: ((((3,4),((1,2),0)),((5,((8,7),6)),(((9,10),(11,12)),(13,14)))),(((15,16),17),((((20,(19,18)),((24,25),(22,(23,21)))),((26,27),(((30,29),28),(31,32)))),(33,(36,(35,34))))));
Tree Score: 11445.193975634947
Total Score Improvement: 0.041398569876393676

--------------ITERATION 8--------------
Input tree: (((((((0,1),2),((((3,4),5),(6,7)),(8,(((9,10),11),((12,13),14))))),(15,((16,(17,18)),19))),(((20,(21,(22,(23,(24,25))))),((26,(27,28)),29)),((30,31),32))),((33,34),35)),36);
Initial Score: 8892.78502260073

Step Number: 1
Time Spent: 10.200011608 seconds
New Tree:
Tree: (((((((0,1),2),((((3,4),5),(6,7)),(8,(((9,10),11),((12,13),14))))),(15,((16,(17,18)),19))),((((30,31),32),((26,(27,28)),29)),(20,(21,(22,(23,(24,25))))))),((33,34),35)),36);
Tree Score: 9601.932323872754
Score Improvement: 0.07974411834647399

Step Number: 2
Time Spent: 9.572877529 seconds
New Tree:
Tree: (((((((0,1),2),((((3,4),5),(6,7)),(((12,13),14),(((9,10),11),8)))),(15,((16,(17,18)),19))),((((30,31),32),((26,(27,28)),29)),(20,(21,(22,(23,(24,25))))))),((33,34),35)),36);
Tree Score: 10046.828198462901
Score Improvement: 0.0463339939903582

Step Number: 3
Time Spent: 9.585909005 seconds
New Tree:
Tree: (((((((0,1),2),((((3,4),5),(6,7)),(((12,13),14),(((9,10),11),8)))),(15,((16,(17,18)),19))),((((30,31),32),((26,(27,28)),29)),((22,(23,(24,25))),(21,20)))),((33,34),35)),36);
Tree Score: 10301.392123274682
Score Improvement: 0.025337740407537446

Step Number: 4
Time Spent: 9.059564697 seconds
New Tree:
Tree: (((((((0,1),2),((((3,4),5),(6,7)),(((12,13),14),(((9,10),11),8)))),(15,((16,(17,18)),19))),((((30,31),32),((26,(27,28)),29)),(((24,25),(23,22)),(21,20)))),((33,34),35)),36);
Tree Score: 10368.320273325024
Score Improvement: 0.00649700052666935

Step Number: 5
Time Spent: 8.562924587 seconds
New Tree:
Tree: (((((((0,1),2),((((3,4),5),(6,7)),(((12,13),14),((8,11),(9,10))))),(15,((16,(17,18)),19))),((((30,31),32),((26,(27,28)),29)),(((24,25),(23,22)),(21,20)))),((33,34),35)),36);
Tree Score: 10409.757848125128
Score Improvement: 0.0039965562123607246

Step Number: 6
Time Spent: 8.223559156 seconds
New Tree:
Tree: (((((((0,1),2),((((3,4),5),(6,7)),(((12,13),14),((8,11),(9,10))))),(15,((16,(17,18)),19))),((((30,31),32),((27,(26,28)),29)),(((24,25),(23,22)),(21,20)))),((33,34),35)),36);
Tree Score: 10422.413648296324
Score Improvement: 0.0012157631671976254

Step Number: 7
Time Spent: 7.784088046 seconds
New Tree:
Tree: (((((((0,1),2),((((3,4),5),(6,7)),(((12,13),14),((8,11),(9,10))))),(15,((16,(17,18)),19))),((((30,31),32),((27,(26,28)),29)),(((24,25),(23,22)),(21,20)))),((35,34),33)),36);
Tree Score: 10429.673523214939
Score Improvement: 6.965636908684569E-4

Step Number: 8
Time Spent: 7.760955077 seconds
New Tree:
Tree: (((((((0,1),2),((((3,4),5),(6,7)),(((12,13),14),((8,11),(9,10))))),(15,((16,(17,18)),19))),((((30,31),32),((27,(26,28)),29)),(((24,25),(23,22)),(21,20)))),((35,34),33)),36);
Tree Score: 10429.673523214939
Score Improvement: 0.0

TOTAL STEPS: 8
TOTAL TIME: 70.749889705 seconds
Final tree: Tree: (((((((0,1),2),((((3,4),5),(6,7)),(((12,13),14),((8,11),(9,10))))),(15,((16,(17,18)),19))),((((30,31),32),((27,(26,28)),29)),(((24,25),(23,22)),(21,20)))),((35,34),33)),36);
Tree Score: 10429.673523214939
Total Score Improvement: 0.17282420487038141

--------------ITERATION 9--------------
Input tree: ((((0,(1,2)),(((3,4),5),((6,7),(8,9)))),(10,11)),(12,(13,((14,(((15,16),(((17,18),19),20)),21)),((((22,23),(24,25)),(((((26,27),28),29),30),(31,32))),(((33,34),35),36))))));
Initial Score: 7694.4240486102135

Step Number: 1
Time Spent: 9.023871821 seconds
New Tree:
Tree: ((((0,(1,2)),(((3,4),5),((6,7),(8,9)))),(10,11)),(12,(13,((((33,34),35),36),((((22,23),(24,25)),(((((26,27),28),29),30),(31,32))),(14,(((15,16),(((17,18),19),20)),21)))))));
Tree Score: 8878.622776456694
Score Improvement: 0.15390349171883422

Step Number: 2
Time Spent: 8.974294007 seconds
New Tree:
Tree: ((((0,(1,2)),(((3,4),5),((6,7),(8,9)))),(10,11)),(((((33,34),35),36),((((22,23),(24,25)),(((((26,27),28),29),30),(31,32))),(14,(((15,16),(((17,18),19),20)),21)))),(13,12)));
Tree Score: 9465.358077023695
Score Improvement: 0.06608404426448189

Step Number: 3
Time Spent: 8.39441545 seconds
New Tree:
Tree: (((13,12),(10,11)),(((((33,34),35),36),((((22,23),(24,25)),(((((26,27),28),29),30),(31,32))),(14,(((15,16),(((17,18),19),20)),21)))),((0,(1,2)),(((3,4),5),((6,7),(8,9))))));
Tree Score: 10344.747052085171
Score Improvement: 0.09290604411428594

Step Number: 4
Time Spent: 8.866863586 seconds
New Tree:
Tree: (((13,12),(10,11)),(((((33,34),35),36),((((22,23),(24,25)),(((((26,27),28),29),30),(31,32))),(14,(((15,16),(((17,18),19),20)),21)))),(((6,7),(8,9)),(((3,4),5),(0,(1,2))))));
Tree Score: 10465.482101740832
Score Improvement: 0.011671145659508886

Step Number: 5
Time Spent: 8.33214545 seconds
New Tree:
Tree: (((13,12),(10,11)),(((6,7),(8,9)),(((((33,34),35),36),((((22,23),(24,25)),(((((26,27),28),29),30),(31,32))),(14,(((15,16),(((17,18),19),20)),21)))),(((3,4),5),(0,(1,2))))));
Tree Score: 11222.904050238016
Score Improvement: 0.0723733451678441

Step Number: 6
Time Spent: 9.050317782 seconds
New Tree:
Tree: (((13,12),(10,11)),(((6,7),(8,9)),(((((33,34),35),36),(((3,4),5),(0,(1,2)))),((((22,23),(24,25)),(((((26,27),28),29),30),(31,32))),(14,(((15,16),(((17,18),19),20)),21))))));
Tree Score: 12871.951876047817
Score Improvement: 0.14693592838609604

Step Number: 7
Time Spent: 8.465979368 seconds
New Tree:
Tree: (((13,12),(10,11)),(((6,7),(8,9)),(((((33,34),35),36),(((3,4),5),(0,(1,2)))),((((22,23),(24,25)),(((((26,27),28),29),30),(31,32))),(14,((21,(((17,18),19),20)),(15,16)))))));
Tree Score: 12908.465052109
Score Improvement: 0.00283664640862491

Step Number: 8
Time Spent: 8.418418921 seconds
New Tree:
Tree: (((13,12),(10,11)),(((6,7),(8,9)),(((((33,34),35),36),(((3,4),5),(0,(1,2)))),((((22,23),(24,25)),(((((26,28),27),29),30),(31,32))),(14,((21,(((17,18),19),20)),(15,16)))))));
Tree Score: 12921.324952222196
Score Improvement: 9.962377448660131E-4

Step Number: 9
Time Spent: 7.852599622 seconds
New Tree:
Tree: (((13,12),(10,11)),(((6,7),(8,9)),(((((35,34),33),36),(((3,4),5),(0,(1,2)))),((((22,23),(24,25)),(((((26,28),27),29),30),(31,32))),(14,((21,(((17,18),19),20)),(15,16)))))));
Tree Score: 12928.58482714081
Score Improvement: 5.618522052079911E-4

Step Number: 10
Time Spent: 7.857087622 seconds
New Tree:
Tree: (((13,12),(10,11)),(((6,7),(8,9)),(((((35,34),33),36),(((3,4),5),(0,(1,2)))),((((22,23),(24,25)),(((((26,28),27),29),30),(31,32))),((21,(((17,18),19),20)),(14,(15,16)))))));
Tree Score: 12930.096126955043
Score Improvement: 1.1689599708231135E-4

Step Number: 11
Time Spent: 7.854619362 seconds
New Tree:
Tree: (((13,12),(10,11)),(((6,7),(8,9)),(((((35,34),33),36),(((3,4),5),(0,(1,2)))),((((22,23),(24,25)),(((((26,28),27),29),30),(31,32))),((21,(((17,18),19),20)),(16,(15,14)))))));
Tree Score: 12943.667701821814
Score Improvement: 0.001049611289314356

Step Number: 12
Time Spent: 7.295836783 seconds
New Tree:
Tree: (((13,12),(10,11)),(((6,7),(8,9)),(((((35,34),33),36),(((3,4),5),(0,(1,2)))),((((22,23),(24,25)),(((((26,28),27),29),30),(31,32))),((21,(((17,18),19),20)),(16,(15,14)))))));
Tree Score: 12943.667701821814
Score Improvement: 0.0

TOTAL STEPS: 12
TOTAL TIME: 100.386449774 seconds
Final tree: Tree: (((13,12),(10,11)),(((6,7),(8,9)),(((((35,34),33),36),(((3,4),5),(0,(1,2)))),((((22,23),(24,25)),(((((26,28),27),29),30),(31,32))),((21,(((17,18),19),20)),(16,(15,14)))))));
Tree Score: 12943.667701821814
Total Score Improvement: 0.6822139798962252

--------------ITERATION 10--------------
Input tree: ((((0,(((1,2),(3,4)),((5,6),(7,8)))),9),(((10,(11,(12,13))),((((14,(15,16)),(17,(18,((19,20),21)))),(22,23)),((24,25),26))),(((27,28),(29,(30,31))),32))),((33,34),(35,36)));
Initial Score: 8948.868377487302

Step Number: 1
Time Spent: 10.794747014 seconds
New Tree:
Tree: ((((0,(((1,2),(3,4)),((5,6),(7,8)))),9),(((10,(11,(12,13))),((((14,(15,16)),(((19,20),21),(18,17))),(22,23)),((24,25),26))),(((27,28),(29,(30,31))),32))),((33,34),(35,36)));
Tree Score: 9188.327026627852
Score Improvement: 0.026758539632000478

Step Number: 2
Time Spent: 10.260091525 seconds
New Tree:
Tree: ((((0,(((1,2),(3,4)),((5,6),(7,8)))),9),(((10,(11,(12,13))),((((22,23),(((19,20),21),(18,17))),(14,(15,16))),((24,25),26))),(((27,28),(29,(30,31))),32))),((33,34),(35,36)));
Tree Score: 9288.940901265174
Score Improvement: 0.010950184331243618

Step Number: 3
Time Spent: 10.255752425 seconds
New Tree:
Tree: ((((0,(((1,2),(3,4)),((5,6),(7,8)))),9),(((((27,28),(29,(30,31))),32),((((22,23),(((19,20),21),(18,17))),(14,(15,16))),((24,25),26))),(10,(11,(12,13))))),((33,34),(35,36)));
Tree Score: 9313.488625596146
Score Improvement: 0.0026426827979526557

Step Number: 4
Time Spent: 11.460667449 seconds
New Tree:
Tree: ((((0,(((1,2),(3,4)),((5,6),(7,8)))),9),(((((22,23),(((19,20),21),(18,17))),(14,(15,16))),((((27,28),(29,(30,31))),32),((24,25),26))),(10,(11,(12,13))))),((33,34),(35,36)));
Tree Score: 10474.531799340708
Score Improvement: 0.12466254272901356

Step Number: 5
Time Spent: 11.445845593 seconds
New Tree:
Tree: ((((0,(((1,2),(3,4)),((5,6),(7,8)))),9),(((((22,23),(((19,20),21),(18,17))),((((27,28),(29,(30,31))),32),((24,25),26))),(14,(15,16))),(10,(11,(12,13))))),((33,34),(35,36)));
Tree Score: 10724.754801976858
Score Improvement: 0.023888705235674657

Step Number: 6
Time Spent: 11.507137535 seconds
New Tree:
Tree: ((((0,(((1,2),(3,4)),((5,6),(7,8)))),9),(((10,(11,(12,13))),(14,(15,16))),(((22,23),(((19,20),21),(18,17))),((((27,28),(29,(30,31))),32),((24,25),26))))),((33,34),(35,36)));
Tree Score: 13938.886849567643
Score Improvement: 0.2996928234665406

Step Number: 7
Time Spent: 11.21657845 seconds
New Tree:
Tree: ((((((5,6),(7,8)),(((1,2),(3,4)),0)),9),(((10,(11,(12,13))),(14,(15,16))),(((22,23),(((19,20),21),(18,17))),((((27,28),(29,(30,31))),32),((24,25),26))))),((33,34),(35,36)));
Tree Score: 13958.453599237255
Score Improvement: 0.0014037526727048721

Step Number: 8
Time Spent: 11.825089629 seconds
New Tree:
Tree: ((((((5,6),(7,8)),9),(((1,2),(3,4)),0)),(((10,(11,(12,13))),(14,(15,16))),(((22,23),(((19,20),21),(18,17))),((((27,28),(29,(30,31))),32),((24,25),26))))),((33,34),(35,36)));
Tree Score: 14378.12832455372
Score Improvement: 0.030065989927379855

Step Number: 9
Time Spent: 11.222670215 seconds
New Tree:
Tree: ((((((5,6),(7,8)),9),(((1,2),0),(3,4))),(((10,(11,(12,13))),(14,(15,16))),(((22,23),(((19,20),21),(18,17))),((((27,28),(29,(30,31))),32),((24,25),26))))),((33,34),(35,36)));
Tree Score: 14535.021124605439
Score Improvement: 0.010911907065385584

Step Number: 10
Time Spent: 10.640081187 seconds
New Tree:
Tree: (((((9,(7,8)),(5,6)),(((1,2),0),(3,4))),(((10,(11,(12,13))),(14,(15,16))),(((22,23),(((19,20),21),(18,17))),((((27,28),(29,(30,31))),32),((24,25),26))))),((33,34),(35,36)));
Tree Score: 14581.799524237285
Score Improvement: 0.0032183234706593122

Step Number: 11
Time Spent: 10.61836369 seconds
New Tree:
Tree: (((((9,(7,8)),(5,6)),(((1,2),0),(3,4))),(((10,(11,(12,13))),(14,(15,16))),(((22,23),(((19,20),21),(18,17))),((((27,28),(31,(30,29))),32),((24,25),26))))),((33,34),(35,36)));
Tree Score: 14587.740649332176
Score Improvement: 4.074342871753789E-4

Step Number: 12
Time Spent: 10.070289944 seconds
New Tree:
Tree: (((((9,(7,8)),(5,6)),(((1,2),0),(3,4))),(((10,(11,(12,13))),(16,(15,14))),(((22,23),(((19,20),21),(18,17))),((((27,28),(31,(30,29))),32),((24,25),26))))),((33,34),(35,36)));
Tree Score: 14589.658149500261
Score Improvement: 1.314460007331153E-4

Step Number: 13
Time Spent: 9.513882178 seconds
New Tree:
Tree: (((((9,(7,8)),(5,6)),(((1,2),0),(3,4))),(((10,(12,(11,13))),(16,(15,14))),(((22,23),(((19,20),21),(18,17))),((((27,28),(31,(30,29))),32),((24,25),26))))),((33,34),(35,36)));
Tree Score: 14590.240374407615
Score Improvement: 3.990668605036163E-5

Step Number: 14
Time Spent: 8.975734764 seconds
New Tree:
Tree: (((((9,(7,8)),(5,6)),(((1,2),0),(3,4))),((((11,13),(12,10)),(16,(15,14))),(((22,23),(((19,20),21),(18,17))),((((27,28),(31,(30,29))),32),((24,25),26))))),((33,34),(35,36)));
Tree Score: 14605.58797427162
Score Improvement: 0.0010519086368807606

Step Number: 15
Time Spent: 8.413892647 seconds
New Tree:
Tree: (((((9,(7,8)),(5,6)),(((1,2),0),(3,4))),((((11,13),(12,10)),(16,(15,14))),(((22,23),(((19,20),21),(18,17))),((((27,28),(31,(30,29))),32),((24,25),26))))),((33,34),(35,36)));
Tree Score: 14605.58797427162
Score Improvement: 0.0

TOTAL STEPS: 15
TOTAL TIME: 158.220824245 seconds
Final tree: Tree: (((((9,(7,8)),(5,6)),(((1,2),0),(3,4))),((((11,13),(12,10)),(16,(15,14))),(((22,23),(((19,20),21),(18,17))),((((27,28),(31,(30,29))),32),((24,25),26))))),((33,34),(35,36)));
Tree Score: 14605.58797427162
Total Score Improvement: 0.6321156327446882

===========================================================
RESULTS FROM 10 ITERATION(S):
AVERAGE TIME PER RUN: 96.071468036 seconds
AVERAGE IMPROVEMENT: 0.3952764092194128
BEST Tree: (((32,33),(((((9,10),((11,6),(8,7))),((12,13),((14,15),16))),((((29,30),31),((24,25),(27,(26,28)))),((23,22),((((17,18),19),20),21)))),((2,(3,4)),5))),(((35,36),34),(0,1)));
Tree Score: 16753.36757468572
BEST'S IMPROVEMENT :0.7427038271107871
