--------------ITERATION 1--------------
Input tree: ((((((0,1),(2,3)),((((4,5),((((6,7),(8,9)),(10,11)),12)),13),(14,(15,16)))),(((17,18),((19,20),21)),(22,(23,24)))),((25,26),((27,28),29))),((((30,31),32),(33,34)),(35,36)));
Initial Score: 12146.837797306129

Step Number: 1
Time Spent: 12.130616051 seconds
New Tree:
Tree: ((((((0,1),(2,3)),(((14,(15,16)),13),((4,5),((((6,7),(8,9)),(10,11)),12)))),(((17,18),((19,20),21)),(22,(23,24)))),((25,26),((27,28),29))),((((30,31),32),(33,34)),(35,36)));
Tree Score: 12623.496598601923
Score Improvement: 0.039241390166707024

Step Number: 2
Time Spent: 11.112718454 seconds
New Tree:
Tree: ((((((0,1),(2,3)),(((14,(15,16)),13),((4,5),((((6,7),(8,9)),(10,11)),12)))),(((17,18),((19,20),21)),(22,(23,24)))),((25,26),((27,28),29))),((((33,34),32),(30,31)),(35,36)));
Tree Score: 12674.030998814036
Score Improvement: 0.004003201475707652

Step Number: 3
Time Spent: 11.413123695 seconds
New Tree:
Tree: ((((((0,1),(2,3)),(((16,(15,14)),13),((4,5),((((6,7),(8,9)),(10,11)),12)))),(((17,18),((19,20),21)),(22,(23,24)))),((25,26),((27,28),29))),((((33,34),32),(30,31)),(35,36)));
Tree Score: 12682.697573620011
Score Improvement: 6.838057131772768E-4

Step Number: 4
Time Spent: 10.530185577 seconds
New Tree:
Tree: ((((((0,1),(2,3)),(((16,(15,14)),13),((4,5),((((6,7),(8,9)),(10,11)),12)))),(((17,18),((19,20),21)),(24,(23,22)))),((25,26),((27,28),29))),((((33,34),32),(30,31)),(35,36)));
Tree Score: 12687.142573746969
Score Improvement: 3.5047749906169656E-4

Step Number: 5
Time Spent: 9.938008249 seconds
New Tree:
Tree: ((((((0,1),(2,3)),(((16,(15,14)),13),((4,5),((((6,7),(8,9)),(10,11)),12)))),(((17,18),((19,20),21)),(24,(23,22)))),((25,26),((27,28),29))),((((33,34),32),(30,31)),(35,36)));
Tree Score: 12687.142573746969
Score Improvement: 0.0

TOTAL STEPS: 5
TOTAL TIME: 55.124652026 seconds
Final tree: Tree: ((((((0,1),(2,3)),(((16,(15,14)),13),((4,5),((((6,7),(8,9)),(10,11)),12)))),(((17,18),((19,20),21)),(24,(23,22)))),((25,26),((27,28),29))),((((33,34),32),(30,31)),(35,36)));
Tree Score: 12687.142573746969
Total Score Improvement: 0.044481105737714355

--------------ITERATION 2--------------
Input tree: ((((((0,1),2),3),4),5),(((6,((7,(8,9)),(10,11))),((12,((13,14),15)),((16,17),((18,19),20)))),(((21,(22,23)),((24,(25,26)),(27,(28,29)))),((((30,31),32),(33,(34,35))),36))));
Initial Score: 10900.309023618585

Step Number: 1
Time Spent: 10.212849065 seconds
New Tree:
Tree: (((5,4),(((0,1),2),3)),(((6,((7,(8,9)),(10,11))),((12,((13,14),15)),((16,17),((18,19),20)))),(((21,(22,23)),((24,(25,26)),(27,(28,29)))),((((30,31),32),(33,(34,35))),36))));
Tree Score: 11428.75917285297
Score Improvement: 0.04848029061280257

Step Number: 2
Time Spent: 9.60995019 seconds
New Tree:
Tree: (((5,4),(((0,1),2),3)),((((7,(8,9)),(6,(10,11))),((12,((13,14),15)),((16,17),((18,19),20)))),(((21,(22,23)),((24,(25,26)),(27,(28,29)))),((((30,31),32),(33,(34,35))),36))));
Tree Score: 11897.755772154665
Score Improvement: 0.04103652830621507

Step Number: 3
Time Spent: 9.042791196 seconds
New Tree:
Tree: (((5,4),(((0,1),2),3)),((((7,(8,9)),(6,(10,11))),((12,((13,14),15)),((16,17),((18,19),20)))),(((21,(22,23)),((24,(25,26)),(27,(28,29)))),((36,(33,(34,35))),((30,31),32)))));
Tree Score: 12123.12282348413
Score Improvement: 0.018941979953640553

Step Number: 4
Time Spent: 7.908077137 seconds
New Tree:
Tree: ((((0,1),2),((5,4),3)),((((7,(8,9)),(6,(10,11))),((12,((13,14),15)),((16,17),((18,19),20)))),(((21,(22,23)),((24,(25,26)),(27,(28,29)))),((36,(33,(34,35))),((30,31),32)))));
Tree Score: 12291.587373862396
Score Improvement: 0.013896134917640968

Step Number: 5
Time Spent: 7.903146343 seconds
New Tree:
Tree: ((((0,1),2),((5,4),3)),((((7,(8,9)),(6,(10,11))),((12,((15,14),13)),((16,17),((18,19),20)))),(((21,(22,23)),((24,(25,26)),(27,(28,29)))),((36,(33,(34,35))),((30,31),32)))));
Tree Score: 12304.513624305258
Score Improvement: 0.001051633938701002

Step Number: 6
Time Spent: 7.333811234 seconds
New Tree:
Tree: ((((0,1),2),((3,4),5)),((((7,(8,9)),(6,(10,11))),((12,((15,14),13)),((16,17),((18,19),20)))),(((21,(22,23)),((24,(25,26)),(27,(28,29)))),((36,(33,(34,35))),((30,31),32)))));
Tree Score: 12313.848824011515
Score Improvement: 7.586809191559851E-4

Step Number: 7
Time Spent: 6.773626102 seconds
New Tree:
Tree: ((((0,1),2),((3,4),5)),((((7,(8,9)),(6,(10,11))),((12,((15,14),13)),((16,17),((18,19),20)))),(((21,(22,23)),((24,(25,26)),(29,(28,27)))),((36,(33,(34,35))),((30,31),32)))));
Tree Score: 12314.830748787503
Score Improvement: 7.974149999911972E-5

Step Number: 8
Time Spent: 6.217205065 seconds
New Tree:
Tree: ((((0,1),2),((3,4),5)),((((7,(8,9)),(6,(10,11))),((12,((15,14),13)),((16,17),((18,19),20)))),(((21,(22,23)),((24,(25,26)),(29,(28,27)))),((36,(33,(34,35))),((30,31),32)))));
Tree Score: 12314.830748787503
Score Improvement: 0.0

TOTAL STEPS: 8
TOTAL TIME: 65.001456332 seconds
Final tree: Tree: ((((0,1),2),((3,4),5)),((((7,(8,9)),(6,(10,11))),((12,((15,14),13)),((16,17),((18,19),20)))),(((21,(22,23)),((24,(25,26)),(29,(28,27)))),((36,(33,(34,35))),((30,31),32)))));
Tree Score: 12314.830748787503
Total Score Improvement: 0.12976895628407958

--------------ITERATION 3--------------
Input tree: ((0,((1,2),(3,(4,5)))),(((6,7),8),((((9,(((((10,((11,12),((13,14),15))),(16,(17,18))),19),20),((21,22),((23,24),25)))),(((26,27),28),29)),(30,31)),(((32,33),(34,35)),36))));
Initial Score: 6646.970100791452

Step Number: 1
Time Spent: 12.017907445 seconds
New Tree:
Tree: ((0,((1,2),(3,(4,5)))),(((6,7),8),((((30,31),(((26,27),28),29)),(9,(((((10,((11,12),((13,14),15))),(16,(17,18))),19),20),((21,22),((23,24),25))))),(((32,33),(34,35)),36))));
Tree Score: 8156.600126214118
Score Improvement: 0.22711551316334577

Step Number: 2
Time Spent: 13.574868564 seconds
New Tree:
Tree: ((0,((1,2),(3,(4,5)))),(((6,7),8),((((30,31),(((26,27),28),29)),(((21,22),((23,24),25)),(((((10,((11,12),((13,14),15))),(16,(17,18))),19),20),9))),(((32,33),(34,35)),36))));
Tree Score: 8945.86374979236
Score Improvement: 0.09676380003497576

Step Number: 3
Time Spent: 12.133707018 seconds
New Tree:
Tree: ((0,((1,2),(3,(4,5)))),(((6,7),8),(((((((10,((11,12),((13,14),15))),(16,(17,18))),19),20),9),(((21,22),((23,24),25)),((30,31),(((26,27),28),29)))),(((32,33),(34,35)),36))));
Tree Score: 10105.33432527052
Score Improvement: 0.12960968419679686

Step Number: 4
Time Spent: 11.819635583 seconds
New Tree:
Tree: ((0,((1,2),(3,(4,5)))),(((6,7),8),((((((19,(16,(17,18))),(10,((11,12),((13,14),15)))),20),9),(((21,22),((23,24),25)),((30,31),(((26,27),28),29)))),(((32,33),(34,35)),36))));
Tree Score: 10464.488550269816
Score Improvement: 0.03554105321395995

Step Number: 5
Time Spent: 11.166071538 seconds
New Tree:
Tree: ((0,((1,2),(3,(4,5)))),(((6,7),8),((((((19,(16,(17,18))),(((13,14),15),((11,12),10))),20),9),(((21,22),((23,24),25)),((30,31),(((26,27),28),29)))),(((32,33),(34,35)),36))));
Tree Score: 10761.635175751362
Score Improvement: 0.02839571413873676

Step Number: 6
Time Spent: 10.620084161 seconds
New Tree:
Tree: (((3,(4,5)),((1,2),0)),(((6,7),8),((((((19,(16,(17,18))),(((13,14),15),((11,12),10))),20),9),(((21,22),((23,24),25)),((30,31),(((26,27),28),29)))),(((32,33),(34,35)),36))));
Tree Score: 11037.267876284037
Score Improvement: 0.025612529697507602

Step Number: 7
Time Spent: 10.043434224 seconds
New Tree:
Tree: (((3,(4,5)),((1,2),0)),(((6,7),8),((((((19,(16,(17,18))),20),(((13,14),15),((11,12),10))),9),(((21,22),((23,24),25)),((30,31),(((26,27),28),29)))),(((32,33),(34,35)),36))));
Tree Score: 11294.737275737229
Score Improvement: 0.023327276490808124

Step Number: 8
Time Spent: 9.382000184 seconds
New Tree:
Tree: (((3,(4,5)),((1,2),0)),(((6,7),8),((((9,(((13,14),15),((11,12),10))),((19,(16,(17,18))),20)),(((21,22),((23,24),25)),((30,31),(((26,27),28),29)))),(((32,33),(34,35)),36))));
Tree Score: 11447.743900077192
Score Improvement: 0.0135467183170912

Step Number: 9
Time Spent: 9.905571791 seconds
New Tree:
Tree: (((3,(4,5)),((1,2),0)),(((6,7),8),((((((11,12),10),(((13,14),15),9)),((19,(16,(17,18))),20)),(((21,22),((23,24),25)),((30,31),(((26,27),28),29)))),(((32,33),(34,35)),36))));
Tree Score: 11872.970300057677
Score Improvement: 0.037144995877975484

Step Number: 10
Time Spent: 9.340640943 seconds
New Tree:
Tree: (((3,(4,5)),((1,2),0)),(((6,7),8),((((((21,22),((23,24),25)),((30,31),(((26,27),28),29))),((19,(16,(17,18))),20)),(((11,12),10),(((13,14),15),9))),(((32,33),(34,35)),36))));
Tree Score: 12404.741650367047
Score Improvement: 0.04478840061671718

Step Number: 11
Time Spent: 9.428440656 seconds
New Tree:
Tree: (((3,(4,5)),((1,2),0)),(((6,7),8),((((((21,22),((23,24),25)),((19,(16,(17,18))),20)),((30,31),(((26,27),28),29))),(((11,12),10),(((13,14),15),9))),(((32,33),(34,35)),36))));
Tree Score: 13255.08362430265
Score Improvement: 0.06854975282056297

Step Number: 12
Time Spent: 8.822385864 seconds
New Tree:
Tree: (((3,(4,5)),((1,2),0)),(((6,7),8),((((((21,22),((23,24),25)),((19,(16,(17,18))),20)),((30,31),(((26,27),28),29))),(((11,12),10),(((13,14),15),9))),((36,(34,35)),(32,33)))));
Tree Score: 13298.675275250578
Score Improvement: 0.0032886741557787147

Step Number: 13
Time Spent: 8.241408003 seconds
New Tree:
Tree: (((3,(4,5)),((1,2),0)),(((6,7),8),((((((21,22),((23,24),25)),((19,(16,(17,18))),20)),((30,31),(((26,28),27),29))),(((11,12),10),(((13,14),15),9))),((36,(34,35)),(32,33)))));
Tree Score: 13311.535175363773
Score Improvement: 9.670061000082164E-4

Step Number: 14
Time Spent: 7.656385425 seconds
New Tree:
Tree: (((3,(4,5)),((1,2),0)),(((6,7),8),((((((21,22),((23,24),25)),((19,(16,(17,18))),20)),((30,31),(((26,28),27),29))),(((11,12),10),(((15,14),13),9))),((36,(34,35)),(32,33)))));
Tree Score: 13324.177000548
Score Improvement: 9.496894999476702E-4

Step Number: 15
Time Spent: 7.073817627 seconds
New Tree:
Tree: (((5,(4,3)),((1,2),0)),(((6,7),8),((((((21,22),((23,24),25)),((19,(16,(17,18))),20)),((30,31),(((26,28),27),29))),(((11,12),10),(((15,14),13),9))),((36,(34,35)),(32,33)))));
Tree Score: 13333.512200254256
Score Improvement: 7.006211119735539E-4

Step Number: 16
Time Spent: 6.48727216 seconds
New Tree:
Tree: (((5,(4,3)),((1,2),0)),(((6,7),8),((((((21,22),((23,24),25)),((19,(16,(17,18))),20)),((30,31),(((26,28),27),29))),(((11,12),10),(((15,14),13),9))),((36,(34,35)),(32,33)))));
Tree Score: 13333.512200254256
Score Improvement: 0.0

TOTAL STEPS: 16
TOTAL TIME: 157.713631186 seconds
Final tree: Tree: (((5,(4,3)),((1,2),0)),(((6,7),8),((((((21,22),((23,24),25)),((19,(16,(17,18))),20)),((30,31),(((26,28),27),29))),(((11,12),10),(((15,14),13),9))),((36,(34,35)),(32,33)))));
Tree Score: 13333.512200254256
Total Score Improvement: 1.005953388998491

--------------ITERATION 4--------------
Input tree: (((0,1),(2,3)),(4,((((5,6),(((((7,8),9),10),11),(12,(13,14)))),(((15,16),((((17,18),19),(20,21)),22)),(23,24))),(((25,((26,27),28)),((29,30),(31,32))),(((33,34),35),36)))));
Initial Score: 9939.962975204022

Step Number: 1
Time Spent: 10.54990275 seconds
New Tree:
Tree: (((0,1),(2,3)),(4,((((33,34),35),36),(((25,((26,27),28)),((29,30),(31,32))),(((5,6),(((((7,8),9),10),11),(12,(13,14)))),(((15,16),((((17,18),19),(20,21)),22)),(23,24)))))));
Tree Score: 11000.56102679766
Score Improvement: 0.10670040263121505

Step Number: 2
Time Spent: 10.470369801 seconds
New Tree:
Tree: (((0,1),(2,3)),(4,((((33,34),35),36),(((5,6),(((((7,8),9),10),11),(12,(13,14)))),(((25,((26,27),28)),((29,30),(31,32))),(((15,16),((((17,18),19),(20,21)),22)),(23,24)))))));
Tree Score: 12572.384324128625
Score Improvement: 0.14288573950928152

Step Number: 3
Time Spent: 10.467626016 seconds
New Tree:
Tree: (((0,1),((((33,34),35),36),(((5,6),(((((7,8),9),10),11),(12,(13,14)))),(((25,((26,27),28)),((29,30),(31,32))),(((15,16),((((17,18),19),(20,21)),22)),(23,24)))))),(4,(2,3)));
Tree Score: 12701.69047428237
Score Improvement: 0.01028493456929902

Step Number: 4
Time Spent: 9.923366233 seconds
New Tree:
Tree: (((0,1),((((33,34),35),36),(((5,6),(((((7,8),9),10),11),(12,(13,14)))),(((25,((26,28),27)),((29,30),(31,32))),(((15,16),((((17,18),19),(20,21)),22)),(23,24)))))),(4,(2,3)));
Tree Score: 12721.684149421171
Score Improvement: 0.001574095603989356

Step Number: 5
Time Spent: 9.347008024 seconds
New Tree:
Tree: (((0,1),((((35,34),33),36),(((5,6),(((((7,8),9),10),11),(12,(13,14)))),(((25,((26,28),27)),((29,30),(31,32))),(((15,16),((((17,18),19),(20,21)),22)),(23,24)))))),(4,(2,3)));
Tree Score: 12728.944024339786
Score Improvement: 5.706693259590612E-4

Step Number: 6
Time Spent: 9.346676767 seconds
New Tree:
Tree: (((0,1),((((35,34),33),36),(((5,6),(((((7,8),9),10),11),(12,(13,14)))),(((25,((26,28),27)),((29,30),(31,32))),(((15,16),((((17,18),19),(20,21)),22)),(23,24)))))),(4,(2,3)));
Tree Score: 12728.944024339786
Score Improvement: 0.0

TOTAL STEPS: 6
TOTAL TIME: 60.104949591 seconds
Final tree: Tree: (((0,1),((((35,34),33),36),(((5,6),(((((7,8),9),10),11),(12,(13,14)))),(((25,((26,28),27)),((29,30),(31,32))),(((15,16),((((17,18),19),(20,21)),22)),(23,24)))))),(4,(2,3)));
Tree Score: 12728.944024339786
Total Score Improvement: 0.28058263960269114

--------------ITERATION 5--------------
Input tree: ((((0,(1,((2,3),(4,5)))),((((6,7),(8,(9,10))),(((11,((12,(13,14)),15)),16),17)),(18,19))),((20,21),(((22,23),(24,25)),(26,27)))),((((28,(29,30)),(31,32)),((33,34),35)),36));
Initial Score: 9492.585575272971

Step Number: 1
Time Spent: 10.482529937 seconds
New Tree:
Tree: ((((((2,3),(4,5)),(1,0)),((((6,7),(8,(9,10))),(((11,((12,(13,14)),15)),16),17)),(18,19))),((20,21),(((22,23),(24,25)),(26,27)))),((((28,(29,30)),(31,32)),((33,34),35)),36));
Tree Score: 10091.019025830263
Score Improvement: 0.0630421970718007

Step Number: 2
Time Spent: 9.353470228 seconds
New Tree:
Tree: ((((((2,3),(4,5)),(1,0)),((((6,7),(8,(9,10))),(((11,((12,(13,14)),15)),16),17)),(18,19))),((20,21),(((22,23),(24,25)),(26,27)))),((36,((33,34),35)),((28,(29,30)),(31,32))));
Tree Score: 10408.621252294632
Score Improvement: 0.0314737516252217

Step Number: 3
Time Spent: 8.722022194 seconds
New Tree:
Tree: ((((18,19),((((6,7),(8,(9,10))),(((11,((12,(13,14)),15)),16),17)),(((2,3),(4,5)),(1,0)))),((20,21),(((22,23),(24,25)),(26,27)))),((36,((33,34),35)),((28,(29,30)),(31,32))));
Tree Score: 10636.471452809363
Score Improvement: 0.02189052661172597

Step Number: 4
Time Spent: 8.68709317 seconds
New Tree:
Tree: ((((18,19),((20,21),(((22,23),(24,25)),(26,27)))),((((6,7),(8,(9,10))),(((11,((12,(13,14)),15)),16),17)),(((2,3),(4,5)),(1,0)))),((36,((33,34),35)),((28,(29,30)),(31,32))));
Tree Score: 12560.139251023977
Score Improvement: 0.18085582298126934

Step Number: 5
Time Spent: 8.614883708 seconds
New Tree:
Tree: ((((((22,23),(24,25)),(26,27)),((20,21),(18,19))),((((6,7),(8,(9,10))),(((11,((12,(13,14)),15)),16),17)),(((2,3),(4,5)),(1,0)))),((36,((33,34),35)),((28,(29,30)),(31,32))));
Tree Score: 13304.095749119713
Score Improvement: 0.05923154857021862

Step Number: 6
Time Spent: 8.643690654 seconds
New Tree:
Tree: ((((((22,23),(24,25)),(26,27)),((20,21),(18,19))),((((6,7),(8,(9,10))),(((16,((12,(13,14)),15)),11),17)),(((2,3),(4,5)),(1,0)))),((36,((33,34),35)),((28,(29,30)),(31,32))));
Tree Score: 13338.656299012198
Score Improvement: 0.0025977376098462734

Step Number: 7
Time Spent: 8.643319937 seconds
New Tree:
Tree: ((((((22,23),(24,25)),(26,27)),((20,21),(18,19))),((((6,7),(8,(9,10))),((((12,(13,14)),(16,15)),11),17)),(((2,3),(4,5)),(1,0)))),((36,((33,34),35)),((28,(29,30)),(31,32))));
Tree Score: 13383.555124270215
Score Improvement: 0.003366068084484697

Step Number: 8
Time Spent: 8.076491361 seconds
New Tree:
Tree: ((((((22,23),(24,25)),(26,27)),((20,21),(18,19))),((((6,7),(10,(9,8))),((((12,(13,14)),(16,15)),11),17)),(((2,3),(4,5)),(1,0)))),((36,((33,34),35)),((28,(29,30)),(31,32))));
Tree Score: 13393.736774051979
Score Improvement: 7.60758235552883E-4

Step Number: 9
Time Spent: 7.500300073 seconds
New Tree:
Tree: ((((((22,23),(24,25)),(26,27)),((20,21),(18,19))),((((6,7),(10,(9,8))),((((12,(13,14)),(16,15)),11),17)),(((2,3),(4,5)),(1,0)))),((36,((35,34),33)),((28,(29,30)),(31,32))));
Tree Score: 13400.996648970593
Score Improvement: 5.420350601992308E-4

Step Number: 10
Time Spent: 7.502486385 seconds
New Tree:
Tree: ((((((22,23),(24,25)),(26,27)),((20,21),(18,19))),((((6,7),(10,(9,8))),((((12,(13,14)),(16,15)),11),17)),(((2,3),(4,5)),(1,0)))),((36,((35,34),33)),((28,(29,30)),(31,32))));
Tree Score: 13400.996648970593
Score Improvement: 0.0

TOTAL STEPS: 10
TOTAL TIME: 86.226287647 seconds
Final tree: Tree: ((((((22,23),(24,25)),(26,27)),((20,21),(18,19))),((((6,7),(10,(9,8))),((((12,(13,14)),(16,15)),11),17)),(((2,3),(4,5)),(1,0)))),((36,((35,34),33)),((28,(29,30)),(31,32))));
Tree Score: 13400.996648970593
Total Score Improvement: 0.4117330355049478

--------------ITERATION 6--------------
Input tree: (((0,(((1,(2,3)),4),(5,6))),((7,8),((9,10),((((11,12),13),14),((15,16),17))))),((((((18,(19,20)),(21,22)),((23,24),((25,26),27))),28),(29,30)),(31,(32,((33,34),(35,36))))));
Initial Score: 9915.993198879387

Step Number: 1
Time Spent: 16.742488134 seconds
New Tree:
Tree: (((0,(((1,(2,3)),4),(5,6))),(((((11,12),13),14),((15,16),17)),((9,10),(7,8)))),((((((18,(19,20)),(21,22)),((23,24),((25,26),27))),28),(29,30)),(31,(32,((33,34),(35,36))))));
Tree Score: 10884.589499422389
Score Improvement: 0.09768021025392226

Step Number: 2
Time Spent: 16.566629458 seconds
New Tree:
Tree: (((0,(((1,(2,3)),4),(5,6))),(((((11,12),13),14),((15,16),17)),((9,10),(7,8)))),((((29,30),28),(((18,(19,20)),(21,22)),((23,24),((25,26),27)))),(31,(32,((33,34),(35,36))))));
Tree Score: 11723.494025361182
Score Improvement: 0.07707268390629807

Step Number: 3
Time Spent: 15.598043299 seconds
New Tree:
Tree: (((0,(((1,(2,3)),4),(5,6))),(((((11,12),13),14),((15,16),17)),((9,10),(7,8)))),((((18,(19,20)),(21,22)),(((29,30),28),((23,24),((25,26),27)))),(31,(32,((33,34),(35,36))))));
Tree Score: 12485.09587548384
Score Improvement: 0.06496372570115194

Step Number: 4
Time Spent: 14.891458544 seconds
New Tree:
Tree: (((0,(((1,(2,3)),4),(5,6))),(((((11,12),13),14),((15,16),17)),((9,10),(7,8)))),((((18,(19,20)),(21,22)),(((29,30),28),((23,24),((25,26),27)))),(((33,34),(35,36)),(32,31))));
Tree Score: 12761.206550479768
Score Improvement: 0.022115222642231425

Step Number: 5
Time Spent: 13.368908854 seconds
New Tree:
Tree: ((((5,6),(((1,(2,3)),4),0)),(((((11,12),13),14),((15,16),17)),((9,10),(7,8)))),((((18,(19,20)),(21,22)),(((29,30),28),((23,24),((25,26),27)))),(((33,34),(35,36)),(32,31))));
Tree Score: 12966.491076297028
Score Improvement: 0.016086607877179304

Step Number: 6
Time Spent: 10.849298853 seconds
New Tree:
Tree: ((((5,6),(((1,(2,3)),4),0)),((((14,13),(11,12)),((15,16),17)),((9,10),(7,8)))),((((18,(19,20)),(21,22)),(((29,30),28),((23,24),((25,26),27)))),(((33,34),(35,36)),(32,31))));
Tree Score: 13034.722901605903
Score Improvement: 0.005262165755360204

Step Number: 7
Time Spent: 10.269316301 seconds
New Tree:
Tree: ((((5,6),(((1,(2,3)),4),0)),((((14,13),(11,12)),((15,16),17)),((9,10),(7,8)))),((((20,(19,18)),(21,22)),(((29,30),28),((23,24),((25,26),27)))),(((33,34),(35,36)),(32,31))));
Tree Score: 13053.875726655959
Score Improvement: 0.0014693695596472711

Step Number: 8
Time Spent: 9.683297716 seconds
New Tree:
Tree: ((((5,6),(((3,(2,1)),4),0)),((((14,13),(11,12)),((15,16),17)),((9,10),(7,8)))),((((20,(19,18)),(21,22)),(((29,30),28),((23,24),((25,26),27)))),(((33,34),(35,36)),(32,31))));
Tree Score: 13054.299126644753
Score Improvement: 3.243481075365651E-5

Step Number: 9
Time Spent: 9.092851752 seconds
New Tree:
Tree: ((((5,6),(((3,4),(2,1)),0)),((((14,13),(11,12)),((15,16),17)),((9,10),(7,8)))),((((20,(19,18)),(21,22)),(((29,30),28),((23,24),((25,26),27)))),(((33,34),(35,36)),(32,31))));
Tree Score: 13132.868476658728
Score Improvement: 0.006018657091563684

Step Number: 10
Time Spent: 9.08445222 seconds
New Tree:
Tree: ((((5,6),((0,(2,1)),(3,4))),((((14,13),(11,12)),((15,16),17)),((9,10),(7,8)))),((((20,(19,18)),(21,22)),(((29,30),28),((23,24),((25,26),27)))),(((33,34),(35,36)),(32,31))));
Tree Score: 13185.832551490184
Score Improvement: 0.004032940322640899

Step Number: 11
Time Spent: 9.066845442 seconds
New Tree:
Tree: ((((0,(2,1)),((5,6),(3,4))),((((14,13),(11,12)),((15,16),17)),((9,10),(7,8)))),((((20,(19,18)),(21,22)),(((29,30),28),((23,24),((25,26),27)))),(((33,34),(35,36)),(32,31))));
Tree Score: 13578.614126286138
Score Improvement: 0.0297881512799556

Step Number: 12
Time Spent: 7.927998665 seconds
New Tree:
Tree: ((((0,(2,1)),((5,6),(3,4))),((((14,13),(11,12)),((15,16),17)),((9,10),(7,8)))),((((20,(19,18)),(21,22)),(((29,30),28),((23,24),((25,26),27)))),(((33,34),(35,36)),(32,31))));
Tree Score: 13578.614126286138
Score Improvement: 0.0

TOTAL STEPS: 12
TOTAL TIME: 143.141589238 seconds
Final tree: Tree: ((((0,(2,1)),((5,6),(3,4))),((((14,13),(11,12)),((15,16),17)),((9,10),(7,8)))),((((20,(19,18)),(21,22)),(((29,30),28),((23,24),((25,26),27)))),(((33,34),(35,36)),(32,31))));
Tree Score: 13578.614126286138
Total Score Improvement: 0.3693650100345638

--------------ITERATION 7--------------
Input tree: ((((0,((1,(2,(3,4))),(((5,6),7),(8,9)))),(((10,11),(12,13)),(14,(15,16)))),(((((17,(18,19)),20),21),((22,23),(24,((((25,(26,27)),28),29),30)))),((31,32),33))),((34,35),36));
Initial Score: 9626.32965263084

Step Number: 1
Time Spent: 10.545359994 seconds
New Tree:
Tree: ((((0,((1,(2,(3,4))),(((5,6),7),(8,9)))),(((10,11),(12,13)),(14,(15,16)))),(((((17,(18,19)),20),21),((31,32),33)),((22,23),(24,((((25,(26,27)),28),29),30))))),((34,35),36));
Tree Score: 10981.883377769147
Score Improvement: 0.14081729735567894

Step Number: 2
Time Spent: 9.878332503 seconds
New Tree:
Tree: ((((0,((1,(2,(3,4))),(((5,6),7),(8,9)))),(((10,11),(12,13)),(14,(15,16)))),((24,((((25,(26,27)),28),29),30)),((22,23),((((17,(18,19)),20),21),((31,32),33))))),((34,35),36));
Tree Score: 11426.271177732502
Score Improvement: 0.04046553625427651

Step Number: 3
Time Spent: 10.455924807 seconds
New Tree:
Tree: ((((0,((1,(2,(3,4))),(((5,6),7),(8,9)))),(((10,11),(12,13)),(14,(15,16)))),((24,((((25,(26,27)),28),29),30)),(((31,32),33),((((17,(18,19)),20),21),(22,23))))),((34,35),36));
Tree Score: 11769.08792812482
Score Improvement: 0.030002504321829715

Step Number: 4
Time Spent: 9.866159168 seconds
New Tree:
Tree: (((((((5,6),7),(8,9)),((1,(2,(3,4))),0)),(((10,11),(12,13)),(14,(15,16)))),((24,((((25,(26,27)),28),29),30)),(((31,32),33),((((17,(18,19)),20),21),(22,23))))),((34,35),36));
Tree Score: 12019.2169277902
Score Improvement: 0.021253048765796256

Step Number: 5
Time Spent: 9.320338362 seconds
New Tree:
Tree: (((((((5,6),7),(8,9)),(((10,11),(12,13)),(14,(15,16)))),((1,(2,(3,4))),0)),((24,((((25,(26,27)),28),29),30)),(((31,32),33),((((17,(18,19)),20),21),(22,23))))),((34,35),36));
Tree Score: 12142.346601278638
Score Improvement: 0.010244400631770345

Step Number: 6
Time Spent: 9.927680817 seconds
New Tree:
Tree: (((((((5,6),7),(8,9)),(((10,11),(12,13)),(14,(15,16)))),((24,((((25,(26,27)),28),29),30)),(((31,32),33),((((17,(18,19)),20),21),(22,23))))),((1,(2,(3,4))),0)),((34,35),36));
Tree Score: 16016.625723869656
Score Improvement: 0.3190716959259787

Step Number: 7
Time Spent: 10.026613371 seconds
New Tree:
Tree: (((((((5,6),7),(8,9)),(((10,11),(12,13)),(14,(15,16)))),((24,((30,29),((25,(26,27)),28))),(((31,32),33),((((17,(18,19)),20),21),(22,23))))),((1,(2,(3,4))),0)),((34,35),36));
Tree Score: 16112.717173376237
Score Improvement: 0.0059994814865016455

Step Number: 8
Time Spent: 9.375407585 seconds
New Tree:
Tree: (((((((5,6),7),(8,9)),(((10,11),(12,13)),(14,(15,16)))),((24,((30,29),((25,(26,27)),28))),(((31,32),33),((((17,(18,19)),20),21),(22,23))))),(((3,4),(2,1)),0)),((34,35),36));
Tree Score: 16193.866673567449
Score Improvement: 0.005036363471041305

Step Number: 9
Time Spent: 9.384226584 seconds
New Tree:
Tree: (((((((5,6),7),(8,9)),(((10,11),(12,13)),(14,(15,16)))),((24,((30,29),((25,(26,27)),28))),(((31,32),33),((((17,(18,19)),20),21),(22,23))))),((0,(2,1)),(3,4))),((34,35),36));
Tree Score: 16247.67414863885
Score Improvement: 0.0033227070566925754

Step Number: 10
Time Spent: 9.376883332 seconds
New Tree:
Tree: (((((((7,6),5),(8,9)),(((10,11),(12,13)),(14,(15,16)))),((24,((30,29),((25,(26,27)),28))),(((31,32),33),((((17,(18,19)),20),21),(22,23))))),((0,(2,1)),(3,4))),((34,35),36));
Tree Score: 16263.14619867981
Score Improvement: 9.522624530389212E-4

Step Number: 11
Time Spent: 8.800103491 seconds
New Tree:
Tree: (((((((7,6),5),(8,9)),(((10,11),(12,13)),(14,(15,16)))),((24,((30,29),((25,(26,27)),28))),(((31,32),33),((((19,(18,17)),20),21),(22,23))))),((0,(2,1)),(3,4))),((34,35),36));
Tree Score: 16273.0313735354
Score Improvement: 6.078267227525025E-4

Step Number: 12
Time Spent: 8.219995503 seconds
New Tree:
Tree: (((((((7,6),5),(8,9)),(((10,11),(12,13)),(16,(15,14)))),((24,((30,29),((25,(26,27)),28))),(((31,32),33),((((19,(18,17)),20),21),(22,23))))),((0,(2,1)),(3,4))),((34,35),36));
Tree Score: 16274.948873703484
Score Improvement: 1.1783300382517403E-4

Step Number: 13
Time Spent: 7.617245322 seconds
New Tree:
Tree: (((((((7,6),5),(8,9)),(((10,11),(12,13)),(16,(15,14)))),((24,((30,29),((25,(26,27)),28))),(((31,32),33),((((19,(18,17)),20),21),(22,23))))),((0,(2,1)),(3,4))),((34,35),36));
Tree Score: 16274.948873703484
Score Improvement: 0.0

TOTAL STEPS: 13
TOTAL TIME: 122.794270839 seconds
Final tree: Tree: (((((((7,6),5),(8,9)),(((10,11),(12,13)),(16,(15,14)))),((24,((30,29),((25,(26,27)),28))),(((31,32),33),((((19,(18,17)),20),21),(22,23))))),((0,(2,1)),(3,4))),((34,35),36));
Tree Score: 16274.948873703484
Total Score Improvement: 0.6906702202179

--------------ITERATION 8--------------
Input tree: (((0,1),((((((2,3),4),(5,6)),((((7,8),(9,10)),11),12)),(13,(14,15))),((16,17),18))),((((((19,(20,21)),22),(23,24)),(25,(26,27))),28),(((29,((30,31),32)),33),((34,35),36))));
Initial Score: 7863.611274302617

Step Number: 1
Time Spent: 9.310574131 seconds
New Tree:
Tree: (((0,1),((((13,(14,15)),((((7,8),(9,10)),11),12)),(((2,3),4),(5,6))),((16,17),18))),((((((19,(20,21)),22),(23,24)),(25,(26,27))),28),(((29,((30,31),32)),33),((34,35),36))));
Tree Score: 8951.456274874072
Score Improvement: 0.13833911197090942

Step Number: 2
Time Spent: 9.257753727 seconds
New Tree:
Tree: (((0,1),((((13,(14,15)),((((7,8),(9,10)),11),12)),(((2,3),4),(5,6))),((16,17),18))),(((28,(25,(26,27))),(((19,(20,21)),22),(23,24))),(((29,((30,31),32)),33),((34,35),36))));
Tree Score: 9998.590524246218
Score Improvement: 0.11697920620037627

Step Number: 3
Time Spent: 9.177709331 seconds
New Tree:
Tree: (((0,1),((((13,(14,15)),((((7,8),(9,10)),11),12)),(((2,3),4),(5,6))),((16,17),18))),(((28,(25,(26,27))),(((21,(20,19)),22),(23,24))),(((29,((30,31),32)),33),((34,35),36))));
Tree Score: 10015.1267742489
Score Improvement: 0.0016538581075584702

Step Number: 4
Time Spent: 8.600682601 seconds
New Tree:
Tree: (((0,1),((((13,(14,15)),((((7,8),11),(9,10)),12)),(((2,3),4),(5,6))),((16,17),18))),(((28,(25,(26,27))),(((21,(20,19)),22),(23,24))),(((29,((30,31),32)),33),((34,35),36))));
Tree Score: 10021.083899078192
Score Improvement: 5.948127231509837E-4

Step Number: 5
Time Spent: 8.033361644 seconds
New Tree:
Tree: (((0,1),((((13,(14,15)),((((7,8),11),(9,10)),12)),(((4,3),2),(5,6))),((16,17),18))),(((28,(25,(26,27))),(((21,(20,19)),22),(23,24))),(((29,((30,31),32)),33),((34,35),36))));
Tree Score: 10022.000299315434
Score Improvement: 9.144721733411743E-5

Step Number: 6
Time Spent: 8.039751354 seconds
New Tree:
Tree: (((0,1),((((13,(14,15)),((((7,8),11),(9,10)),12)),(((4,3),2),(5,6))),((16,17),18))),(((28,(25,(26,27))),(((21,(20,19)),22),(23,24))),(((29,((30,31),32)),33),((34,35),36))));
Tree Score: 10022.000299315434
Score Improvement: 0.0

TOTAL STEPS: 6
TOTAL TIME: 52.419832788 seconds
Final tree: Tree: (((0,1),((((13,(14,15)),((((7,8),11),(9,10)),12)),(((4,3),2),(5,6))),((16,17),18))),(((28,(25,(26,27))),(((21,(20,19)),22),(23,24))),(((29,((30,31),32)),33),((34,35),36))));
Tree Score: 10022.000299315434
Total Score Improvement: 0.2744780927900372

--------------ITERATION 9--------------
Input tree: (((((0,1),(2,(3,(4,5)))),(6,((7,8),9))),(10,11)),((((12,13),(14,15)),(((16,((17,(18,((19,20),((21,22),23)))),24)),(25,26)),(27,((28,29),30)))),(((31,32),33),((34,35),36))));
Initial Score: 8960.332425583809

Step Number: 1
Time Spent: 9.741994775 seconds
New Tree:
Tree: ((((10,11),(6,((7,8),9))),((0,1),(2,(3,(4,5))))),((((12,13),(14,15)),(((16,((17,(18,((19,20),((21,22),23)))),24)),(25,26)),(27,((28,29),30)))),(((31,32),33),((34,35),36))));
Tree Score: 9881.676348650552
Score Improvement: 0.10282474793413843

Step Number: 2
Time Spent: 10.798309339 seconds
New Tree:
Tree: ((((10,11),(6,((7,8),9))),((0,1),(2,(3,(4,5))))),((((12,13),(14,15)),(((27,((28,29),30)),(25,26)),(16,((17,(18,((19,20),((21,22),23)))),24)))),(((31,32),33),((34,35),36))));
Tree Score: 10545.476972047589
Score Improvement: 0.06717490028781259

Step Number: 3
Time Spent: 10.703775529 seconds
New Tree:
Tree: ((((10,11),(6,((7,8),9))),((0,1),(2,(3,(4,5))))),((((12,13),(14,15)),(((27,((28,29),30)),(25,26)),(16,((((19,20),((21,22),23)),(18,17)),24)))),(((31,32),33),((34,35),36))));
Tree Score: 10777.664845751307
Score Improvement: 0.022017768785534075

Step Number: 4
Time Spent: 10.184910735 seconds
New Tree:
Tree: ((((10,11),(6,((7,8),9))),((0,1),(2,(3,(4,5))))),((((12,13),(14,15)),(((27,((28,29),30)),(25,26)),(16,((((19,20),(18,17)),((21,22),23)),24)))),(((31,32),33),((34,35),36))));
Tree Score: 11000.19494573184
Score Improvement: 0.020647339026158118

Step Number: 5
Time Spent: 10.173311774 seconds
New Tree:
Tree: ((((10,11),(6,((7,8),9))),((3,(4,5)),(2,(0,1)))),((((12,13),(14,15)),(((27,((28,29),30)),(25,26)),(16,((((19,20),(18,17)),((21,22),23)),24)))),(((31,32),33),((34,35),36))));
Tree Score: 11219.059669427283
Score Improvement: 0.019896440451754316

Step Number: 6
Time Spent: 10.181954284 seconds
New Tree:
Tree: ((((10,11),(6,((7,8),9))),((3,(4,5)),(2,(0,1)))),(((((31,32),33),((34,35),36)),(((27,((28,29),30)),(25,26)),(16,((((19,20),(18,17)),((21,22),23)),24)))),((12,13),(14,15))));
Tree Score: 11392.983350921597
Score Improvement: 0.015502518626250739

Step Number: 7
Time Spent: 9.65623359 seconds
New Tree:
Tree: ((((10,11),(6,((7,8),9))),((12,13),(14,15))),(((((31,32),33),((34,35),36)),(((27,((28,29),30)),(25,26)),(16,((((19,20),(18,17)),((21,22),23)),24)))),((3,(4,5)),(2,(0,1)))));
Tree Score: 12568.35652233864
Score Improvement: 0.10316640823687018

Step Number: 8
Time Spent: 9.077628656 seconds
New Tree:
Tree: (((((7,8),9),(6,(10,11))),((12,13),(14,15))),(((((31,32),33),((34,35),36)),(((27,((28,29),30)),(25,26)),(16,((((19,20),(18,17)),((21,22),23)),24)))),((3,(4,5)),(2,(0,1)))));
Tree Score: 12643.637747498404
Score Improvement: 0.005989742972835055

Step Number: 9
Time Spent: 9.087694113 seconds
New Tree:
Tree: (((((7,8),9),(6,(10,11))),((12,13),(14,15))),(((((31,32),33),((34,35),36)),(((27,((28,29),30)),(25,26)),(16,((((19,20),(18,17)),((21,22),23)),24)))),((5,(4,3)),(2,(0,1)))));
Tree Score: 12652.97294720466
Score Improvement: 7.383317912681431E-4

Step Number: 10
Time Spent: 8.521910922 seconds
New Tree:
Tree: (((((7,8),9),(6,(10,11))),((12,13),(14,15))),(((((31,32),33),((34,35),36)),(((27,((28,29),30)),(25,26)),(16,((((19,20),(18,17)),((21,23),22)),24)))),((5,(4,3)),(2,(0,1)))));
Tree Score: 12654.18079730327
Score Improvement: 9.545978669600608E-5

Step Number: 11
Time Spent: 7.969927321 seconds
New Tree:
Tree: (((((7,8),9),(6,(10,11))),((12,13),(14,15))),(((((31,32),33),((34,35),36)),(((27,((28,29),30)),(25,26)),(16,((((19,20),(18,17)),((21,23),22)),24)))),((5,(4,3)),(2,(0,1)))));
Tree Score: 12654.18079730327
Score Improvement: 0.0

TOTAL STEPS: 11
TOTAL TIME: 106.097651038 seconds
Final tree: Tree: (((((7,8),9),(6,(10,11))),((12,13),(14,15))),(((((31,32),33),((34,35),36)),(((27,((28,29),30)),(25,26)),(16,((((19,20),(18,17)),((21,23),22)),24)))),((5,(4,3)),(2,(0,1)))));
Tree Score: 12654.18079730327
Total Score Improvement: 0.41224456820069255

--------------ITERATION 10--------------
Input tree: (((((((0,1),((2,3),(4,5))),((6,7),8)),(9,10)),(11,((12,13),((((14,(15,16)),(17,18)),19),(20,21))))),(((((22,23),(24,25)),(26,(27,28))),29),(30,(31,32)))),(33,(34,(35,36))));
Initial Score: 8257.286975761792

Step Number: 1
Time Spent: 10.575385739 seconds
New Tree:
Tree: ((((((((22,23),(24,25)),(26,(27,28))),29),(30,(31,32))),(11,((12,13),((((14,(15,16)),(17,18)),19),(20,21))))),((((0,1),((2,3),(4,5))),((6,7),8)),(9,10))),(33,(34,(35,36))));
Tree Score: 9364.938503615474
Score Improvement: 0.13414230740739086

Step Number: 2
Time Spent: 10.580288457 seconds
New Tree:
Tree: ((((((((22,23),(24,25)),(26,(27,28))),29),(30,(31,32))),(((((14,(15,16)),(17,18)),19),(20,21)),((12,13),11))),((((0,1),((2,3),(4,5))),((6,7),8)),(9,10))),(33,(34,(35,36))));
Tree Score: 10214.317203456569
Score Improvement: 0.09069773384130375

Step Number: 3
Time Spent: 10.645248324 seconds
New Tree:
Tree: ((((((((22,23),(24,25)),(26,(27,28))),29),(30,(31,32))),(((((14,(15,16)),(17,18)),19),(20,21)),((12,13),11))),(((9,10),((6,7),8)),((0,1),((2,3),(4,5))))),(33,(34,(35,36))));
Tree Score: 10748.883403106625
Score Improvement: 0.05233499107205697

Step Number: 4
Time Spent: 10.552565729 seconds
New Tree:
Tree: ((((0,1),((2,3),(4,5))),(((9,10),((6,7),8)),((((((22,23),(24,25)),(26,(27,28))),29),(30,(31,32))),(((((14,(15,16)),(17,18)),19),(20,21)),((12,13),11))))),(33,(34,(35,36))));
Tree Score: 11275.327851275946
Score Improvement: 0.0489766637544109

Step Number: 5
Time Spent: 10.467712619 seconds
New Tree:
Tree: ((((0,1),((2,3),(4,5))),((((((22,23),(24,25)),(26,(27,28))),29),(30,(31,32))),(((9,10),((6,7),8)),(((((14,(15,16)),(17,18)),19),(20,21)),((12,13),11))))),(33,(34,(35,36))));
Tree Score: 12035.55625001065
Score Improvement: 0.06742406152284741

Step Number: 6
Time Spent: 9.883923577 seconds
New Tree:
Tree: ((((0,1),((2,3),(4,5))),((((((22,23),(24,25)),(26,(27,28))),29),(30,(31,32))),(((((14,(15,16)),(17,18)),19),(20,21)),(((9,10),((6,7),8)),((12,13),11))))),(33,(34,(35,36))));
Tree Score: 12517.195172985263
Score Improvement: 0.04001800273869249

Step Number: 7
Time Spent: 11.034265671 seconds
New Tree:
Tree: ((((0,1),((2,3),(4,5))),((((9,10),((6,7),8)),((12,13),11)),(((((14,(15,16)),(17,18)),19),(20,21)),(((((22,23),(24,25)),(26,(27,28))),29),(30,(31,32)))))),(33,(34,(35,36))));
Tree Score: 12951.23445205951
Score Improvement: 0.03467544230763431

Step Number: 8
Time Spent: 10.425891938 seconds
New Tree:
Tree: ((((0,1),((2,3),(4,5))),((((9,10),((6,7),8)),((12,13),11)),(((((14,(15,16)),(17,18)),19),(20,21)),(((29,(26,(27,28))),((22,23),(24,25))),(30,(31,32)))))),(33,(34,(35,36))));
Tree Score: 13150.58652584629
Score Improvement: 0.015392515248234151

Step Number: 9
Time Spent: 10.338922149 seconds
New Tree:
Tree: ((((0,1),((2,3),(4,5))),((((9,10),((6,7),8)),((12,13),11)),(((((14,(15,16)),(17,18)),19),(20,21)),(((29,(26,(27,28))),(30,(31,32))),((22,23),(24,25)))))),(33,(34,(35,36))));
Tree Score: 13392.643602332118
Score Improvement: 0.018406561259460608

Step Number: 10
Time Spent: 9.7621069 seconds
New Tree:
Tree: ((((0,1),((2,3),(4,5))),((((9,10),((6,7),8)),((12,13),11)),((((19,(17,18)),(14,(15,16))),(20,21)),(((29,(26,(27,28))),(30,(31,32))),((22,23),(24,25)))))),(33,(34,(35,36))));
Tree Score: 13460.224101903066
Score Improvement: 0.005046091091319704

Step Number: 11
Time Spent: 9.166693963 seconds
New Tree:
Tree: ((((0,1),((2,3),(4,5))),((((9,10),((6,7),8)),((12,13),11)),((((19,(17,18)),(14,(15,16))),(20,21)),(((29,(26,(27,28))),(30,(31,32))),((22,23),(24,25)))))),(33,(36,(35,34))));
Tree Score: 13482.15865212787
Score Improvement: 0.0016295828404300217

Step Number: 12
Time Spent: 8.595581952 seconds
New Tree:
Tree: ((((0,1),((2,3),(4,5))),((((9,10),((6,7),8)),((12,13),11)),((((19,(17,18)),(14,(15,16))),(20,21)),(((29,(26,(27,28))),(32,(31,30))),((22,23),(24,25)))))),(33,(36,(35,34))));
Tree Score: 13500.383602072634
Score Improvement: 0.0013517827830848983

Step Number: 13
Time Spent: 8.037942046 seconds
New Tree:
Tree: ((((0,1),((2,3),(4,5))),((((9,10),((6,7),8)),((12,13),11)),((((19,(17,18)),(16,(15,14))),(20,21)),(((29,(26,(27,28))),(32,(31,30))),((22,23),(24,25)))))),(33,(36,(35,34))));
Tree Score: 13516.387702067532
Score Improvement: 0.0011854552038388366

Step Number: 14
Time Spent: 7.477157955 seconds
New Tree:
Tree: ((((0,1),((2,3),(4,5))),((((9,10),((6,7),8)),((12,13),11)),((((19,(17,18)),(16,(15,14))),(20,21)),(((29,(27,(26,28))),(32,(31,30))),((22,23),(24,25)))))),(33,(36,(35,34))));
Tree Score: 13529.043502238728
Score Improvement: 9.363300646711981E-4

Step Number: 15
Time Spent: 6.907598794 seconds
New Tree:
Tree: ((((0,1),((2,3),(4,5))),((((9,10),((6,7),8)),((12,13),11)),((((19,(17,18)),(16,(15,14))),(20,21)),(((29,(27,(26,28))),(32,(31,30))),((22,23),(24,25)))))),(33,(36,(35,34))));
Tree Score: 13529.043502238728
Score Improvement: 0.0

TOTAL STEPS: 15
TOTAL TIME: 144.451285813 seconds
Final tree: Tree: ((((0,1),((2,3),(4,5))),((((9,10),((6,7),8)),((12,13),11)),((((19,(17,18)),(16,(15,14))),(20,21)),(((29,(27,(26,28))),(32,(31,30))),((22,23),(24,25)))))),(33,(36,(35,34))));
Tree Score: 13529.043502238728
Total Score Improvement: 0.6384368790804416

===========================================================
RESULTS FROM 10 ITERATION(S):
AVERAGE TIME PER RUN: 99.307560649 seconds
AVERAGE IMPROVEMENT: 0.42577138964515593
BEST Tree: (((((((7,6),5),(8,9)),(((10,11),(12,13)),(16,(15,14)))),((24,((30,29),((25,(26,27)),28))),(((31,32),33),((((19,(18,17)),20),21),(22,23))))),((0,(2,1)),(3,4))),((34,35),36));
Tree Score: 16274.948873703484
BEST'S IMPROVEMENT :0.6906702202179
