--------------ITERATION 1--------------
Input tree: ((((0,((1,2),(3,4))),(((5,6),7),((8,9),10))),((((((11,12),((13,(14,15)),(16,17))),(((18,19),20),21)),(((22,23),(24,25)),26)),(27,28)),(29,(((30,31),32),(33,(34,35)))))),36);
Initial Score: 7546.256228018754

Step Number: 1
Time Spent: 9.240617539 seconds
New Tree:
Tree: (((((((((11,12),((13,(14,15)),(16,17))),(((18,19),20),21)),(((22,23),(24,25)),26)),(27,28)),(29,(((30,31),32),(33,(34,35))))),(((5,6),7),((8,9),10))),(0,((1,2),(3,4)))),36);
Tree Score: 9080.028951954298
Score Improvement: 0.20324948922894337

Step Number: 2
Time Spent: 9.383722959 seconds
New Tree:
Tree: ((((((29,(((30,31),32),(33,(34,35)))),(27,28)),((((11,12),((13,(14,15)),(16,17))),(((18,19),20),21)),(((22,23),(24,25)),26))),(((5,6),7),((8,9),10))),(0,((1,2),(3,4)))),36);
Tree Score: 10505.343151065083
Score Improvement: 0.15697242890442697

Step Number: 3
Time Spent: 10.789970568 seconds
New Tree:
Tree: ((((((29,(((30,31),32),(33,(34,35)))),(27,28)),(((((22,23),(24,25)),26),(((18,19),20),21)),((11,12),((13,(14,15)),(16,17))))),(((5,6),7),((8,9),10))),(0,((1,2),(3,4)))),36);
Tree Score: 11314.06570180091
Score Improvement: 0.07698202134918697

Step Number: 4
Time Spent: 11.238049685 seconds
New Tree:
Tree: ((((((11,12),((13,(14,15)),(16,17))),(((((22,23),(24,25)),26),(((18,19),20),21)),((29,(((30,31),32),(33,(34,35)))),(27,28)))),(((5,6),7),((8,9),10))),(0,((1,2),(3,4)))),36);
Tree Score: 12388.707427100333
Score Improvement: 0.09498280756212751

Step Number: 5
Time Spent: 11.791066239 seconds
New Tree:
Tree: ((((((11,12),((13,(14,15)),(16,17))),(((5,6),7),((8,9),10))),(((((22,23),(24,25)),26),(((18,19),20),21)),((29,(((30,31),32),(33,(34,35)))),(27,28)))),(0,((1,2),(3,4)))),36);
Tree Score: 12967.741698784643
Score Improvement: 0.046738876924131034

Step Number: 6
Time Spent: 12.47946565 seconds
New Tree:
Tree: ((0,(((((11,12),((13,(14,15)),(16,17))),(((5,6),7),((8,9),10))),(((((22,23),(24,25)),26),(((18,19),20),21)),((29,(((30,31),32),(33,(34,35)))),(27,28)))),((1,2),(3,4)))),36);
Tree Score: 13429.67719872471
Score Improvement: 0.035621892436626945

Step Number: 7
Time Spent: 12.217982958 seconds
New Tree:
Tree: ((0,(((((11,12),((13,(14,15)),(16,17))),(((5,6),7),((8,9),10))),(((((22,23),(24,25)),26),(((18,19),20),21)),((29,(27,28)),(((30,31),32),(33,(34,35)))))),((1,2),(3,4)))),36);
Tree Score: 13646.556323604547
Score Improvement: 0.016149243326595508

Step Number: 8
Time Spent: 11.453740451 seconds
New Tree:
Tree: ((0,(((((11,12),((13,(14,15)),(16,17))),(((5,6),7),((8,9),10))),(((((22,23),(24,25)),26),(((18,19),20),21)),((29,(27,28)),((34,35),(33,((30,31),32)))))),((1,2),(3,4)))),36);
Tree Score: 13683.004673375637
Score Improvement: 0.0026708825953434268

Step Number: 9
Time Spent: 10.727719077 seconds
New Tree:
Tree: ((0,(((((11,12),((13,(14,15)),(16,17))),(((5,6),7),((8,9),10))),(((((22,23),(24,25)),26),(((18,19),20),21)),((29,(27,28)),((34,35),((30,31),(33,32)))))),((1,2),(3,4)))),36);
Tree Score: 13760.121799009741
Score Improvement: 0.005635978900464522

Step Number: 10
Time Spent: 10.01790081 seconds
New Tree:
Tree: ((0,(((((11,12),((13,(14,15)),(16,17))),(((7,6),5),((8,9),10))),(((((22,23),(24,25)),26),(((18,19),20),21)),((29,(27,28)),((34,35),((30,31),(33,32)))))),((1,2),(3,4)))),36);
Tree Score: 13764.840424063505
Score Improvement: 3.42920296977578E-4

Step Number: 11
Time Spent: 9.290889366 seconds
New Tree:
Tree: ((0,(((((11,12),((13,(14,15)),(16,17))),(((7,6),5),((8,9),10))),(((((22,23),(24,25)),26),(((18,19),20),21)),((29,(27,28)),((34,35),((30,31),(33,32)))))),((1,2),(3,4)))),36);
Tree Score: 13764.840424063505
Score Improvement: 0.0

TOTAL STEPS: 11
TOTAL TIME: 118.631125302 seconds
Final tree: Tree: ((0,(((((11,12),((13,(14,15)),(16,17))),(((7,6),5),((8,9),10))),(((((22,23),(24,25)),26),(((18,19),20),21)),((29,(27,28)),((34,35),((30,31),(33,32)))))),((1,2),(3,4)))),36);
Tree Score: 13764.840424063505
Total Score Improvement: 0.8240621585251182

--------------ITERATION 2--------------
Input tree: (((((0,(1,2)),(3,4)),((((5,6),((7,8),(9,(10,(11,12))))),(13,14)),(((15,(16,(17,(18,19)))),(20,21)),(22,23)))),(24,(25,((26,27),(28,29))))),((((30,31),32),33),(34,(35,36))));
Initial Score: 10788.54554997197

Step Number: 1
Time Spent: 12.603032481 seconds
New Tree:
Tree: ((((((15,(16,(17,(18,19)))),(20,21)),(22,23)),((((5,6),((7,8),(9,(10,(11,12))))),(13,14)),((0,(1,2)),(3,4)))),(24,(25,((26,27),(28,29))))),((((30,31),32),33),(34,(35,36))));
Tree Score: 11668.821873134222
Score Improvement: 0.08159360491039869

Step Number: 2
Time Spent: 12.676122501 seconds
New Tree:
Tree: ((((((15,(16,(17,(18,19)))),(20,21)),(22,23)),((((5,6),((7,8),(9,(10,(11,12))))),(13,14)),((0,(1,2)),(3,4)))),(((26,27),(28,29)),(25,24))),((((30,31),32),33),(34,(35,36))));
Tree Score: 12115.640174309012
Score Improvement: 0.03829163783907985

Step Number: 3
Time Spent: 12.030817886 seconds
New Tree:
Tree: (((((((17,(18,19)),(16,15)),(20,21)),(22,23)),((((5,6),((7,8),(9,(10,(11,12))))),(13,14)),((0,(1,2)),(3,4)))),(((26,27),(28,29)),(25,24))),((((30,31),32),33),(34,(35,36))));
Tree Score: 12209.070699370322
Score Improvement: 0.007711563212270622

Step Number: 4
Time Spent: 11.348076037 seconds
New Tree:
Tree: (((((((17,(18,19)),(20,21)),(16,15)),(22,23)),((((5,6),((7,8),(9,(10,(11,12))))),(13,14)),((0,(1,2)),(3,4)))),(((26,27),(28,29)),(25,24))),((((30,31),32),33),(34,(35,36))));
Tree Score: 12297.818449343464
Score Improvement: 0.007269001233461525

Step Number: 5
Time Spent: 11.366164092 seconds
New Tree:
Tree: (((((((17,(18,19)),(20,21)),(16,15)),(22,23)),((((5,6),((7,8),(9,(10,(11,12))))),(13,14)),((0,(1,2)),(3,4)))),(((26,27),(28,29)),(25,24))),(((33,32),(30,31)),(34,(35,36))));
Tree Score: 12377.562149851492
Score Improvement: 0.006484377764764071

Step Number: 6
Time Spent: 10.637089675 seconds
New Tree:
Tree: (((((((17,(18,19)),(20,21)),(16,15)),(22,23)),((((5,6),((10,(11,12)),(9,(7,8)))),(13,14)),((0,(1,2)),(3,4)))),(((26,27),(28,29)),(25,24))),(((33,32),(30,31)),(34,(35,36))));
Tree Score: 12395.164824544361
Score Improvement: 0.001422143914913132

Step Number: 7
Time Spent: 9.949277349 seconds
New Tree:
Tree: (((((((19,(18,17)),(20,21)),(16,15)),(22,23)),((((5,6),((10,(11,12)),(9,(7,8)))),(13,14)),((0,(1,2)),(3,4)))),(((26,27),(28,29)),(25,24))),(((33,32),(30,31)),(34,(35,36))));
Tree Score: 12404.751699670127
Score Improvement: 7.734366796625647E-4

Step Number: 8
Time Spent: 9.235342567 seconds
New Tree:
Tree: (((((((19,(18,17)),(20,21)),(16,15)),(22,23)),((((5,6),((10,(11,12)),(9,(7,8)))),(13,14)),((0,(1,2)),(3,4)))),(((26,27),(28,29)),(25,24))),(((33,32),(30,31)),(34,(35,36))));
Tree Score: 12404.751699670127
Score Improvement: 0.0

TOTAL STEPS: 8
TOTAL TIME: 89.845922588 seconds
Final tree: Tree: (((((((19,(18,17)),(20,21)),(16,15)),(22,23)),((((5,6),((10,(11,12)),(9,(7,8)))),(13,14)),((0,(1,2)),(3,4)))),(((26,27),(28,29)),(25,24))),(((33,32),(30,31)),(34,(35,36))));
Tree Score: 12404.751699670127
Total Score Improvement: 0.14980760309274088

--------------ITERATION 3--------------
Input tree: ((((0,(1,2)),3),(4,(5,6))),(((((7,8),(9,10)),(11,12)),((13,14),15)),(((((16,17),((18,(19,(20,21))),(22,23))),((24,25),(26,27))),(28,(((29,30),(31,32)),33))),((34,35),36))));
Initial Score: 10760.464902074888

Step Number: 1
Time Spent: 12.61016607 seconds
New Tree:
Tree: ((((0,(1,2)),3),(4,(5,6))),(((34,35),36),(((((16,17),((18,(19,(20,21))),(22,23))),((24,25),(26,27))),(28,(((29,30),(31,32)),33))),((((7,8),(9,10)),(11,12)),((13,14),15)))));
Tree Score: 13616.448298909116
Score Improvement: 0.2654144986136726

Step Number: 2
Time Spent: 13.358833829 seconds
New Tree:
Tree: ((((0,(1,2)),3),(4,(5,6))),(((34,35),36),((((28,(((29,30),(31,32)),33)),((24,25),(26,27))),((16,17),((18,(19,(20,21))),(22,23)))),((((7,8),(9,10)),(11,12)),((13,14),15)))));
Tree Score: 14957.936224462737
Score Improvement: 0.09851966504812393

Step Number: 3
Time Spent: 13.906902548 seconds
New Tree:
Tree: ((((0,(1,2)),3),(4,(5,6))),(((34,35),36),((((28,(((29,30),(31,32)),33)),((24,25),(26,27))),((16,17),(((20,21),(19,18)),(22,23)))),((((7,8),(9,10)),(11,12)),((13,14),15)))));
Tree Score: 15042.759100130566
Score Improvement: 0.00567076061797267

Step Number: 4
Time Spent: 13.114774651 seconds
New Tree:
Tree: ((((0,(1,2)),3),(4,(5,6))),(((34,35),36),((((33,(((29,30),(31,32)),28)),((24,25),(26,27))),((16,17),(((20,21),(19,18)),(22,23)))),((((7,8),(9,10)),(11,12)),((13,14),15)))));
Tree Score: 15090.724175572668
Score Improvement: 0.0031885823021446935

Step Number: 5
Time Spent: 11.219580926 seconds
New Tree:
Tree: ((((4,(5,6)),3),(0,(1,2))),(((34,35),36),((((33,(((29,30),(31,32)),28)),((24,25),(26,27))),((16,17),(((20,21),(19,18)),(22,23)))),((((7,8),(9,10)),(11,12)),((13,14),15)))));
Tree Score: 15129.244476118864
Score Improvement: 0.0025525813140596654

Step Number: 6
Time Spent: 9.183583402 seconds
New Tree:
Tree: ((((4,(5,6)),3),((((33,(((29,30),(31,32)),28)),((24,25),(26,27))),((16,17),(((20,21),(19,18)),(22,23)))),((((7,8),(9,10)),(11,12)),((13,14),15)))),(((34,35),36),(0,(1,2))));
Tree Score: 15365.257626781979
Score Improvement: 0.015599797533555337

Step Number: 7
Time Spent: 8.649185905 seconds
New Tree:
Tree: ((((4,3),(5,6)),((((33,(((29,30),(31,32)),28)),((24,25),(26,27))),((16,17),(((20,21),(19,18)),(22,23)))),((((7,8),(9,10)),(11,12)),((13,14),15)))),(((34,35),36),(0,(1,2))));
Tree Score: 15417.241401526302
Score Improvement: 0.003383202287068343

Step Number: 8
Time Spent: 8.105221761 seconds
New Tree:
Tree: ((((4,3),(5,6)),((((33,(((29,30),28),(31,32))),((24,25),(26,27))),((16,17),(((20,21),(19,18)),(22,23)))),((((7,8),(9,10)),(11,12)),((13,14),15)))),(((34,35),36),(0,(1,2))));
Tree Score: 15447.15107601431
Score Improvement: 0.0019400146698778098

Step Number: 9
Time Spent: 8.096627302 seconds
New Tree:
Tree: ((((4,3),(5,6)),((((((29,30),28),(33,(31,32))),((24,25),(26,27))),((16,17),(((20,21),(19,18)),(22,23)))),((((7,8),(9,10)),(11,12)),((13,14),15)))),(((34,35),36),(0,(1,2))));
Tree Score: 15509.338525622774
Score Improvement: 0.004025819991171353

Step Number: 10
Time Spent: 7.565791432 seconds
New Tree:
Tree: ((((4,3),(5,6)),((((((29,30),28),(33,(31,32))),((24,25),(26,27))),((16,17),(((20,21),(19,18)),(22,23)))),((((7,8),(9,10)),(11,12)),((15,14),13)))),(((34,35),36),(0,(1,2))));
Tree Score: 15515.750375941087
Score Improvement: 4.1341868369948465E-4

Step Number: 11
Time Spent: 7.02538598 seconds
New Tree:
Tree: ((((4,3),(5,6)),((((((29,30),28),(33,(31,32))),((24,25),(26,27))),((16,17),(((20,21),(19,18)),(22,23)))),((((7,8),(9,10)),(11,12)),((15,14),13)))),(((34,35),36),(0,(1,2))));
Tree Score: 15515.750375941087
Score Improvement: 0.0

TOTAL STEPS: 11
TOTAL TIME: 112.836053806 seconds
Final tree: Tree: ((((4,3),(5,6)),((((((29,30),28),(33,(31,32))),((24,25),(26,27))),((16,17),(((20,21),(19,18)),(22,23)))),((((7,8),(9,10)),(11,12)),((15,14),13)))),(((34,35),36),(0,(1,2))));
Tree Score: 15515.750375941087
Total Score Improvement: 0.4419219352640851

--------------ITERATION 4--------------
Input tree: ((0,((((1,(2,(3,4))),(5,(((6,7),(8,9)),(10,11)))),12),((13,(14,15)),16))),(((((17,(18,19)),(20,(21,(22,23)))),(24,25)),(((26,(27,28)),(29,(30,31))),(32,(33,34)))),(35,36)));
Initial Score: 7859.426925843582

Step Number: 1
Time Spent: 10.703060565 seconds
New Tree:
Tree: ((0,(35,36)),(((((17,(18,19)),(20,(21,(22,23)))),(24,25)),(((26,(27,28)),(29,(30,31))),(32,(33,34)))),((((1,(2,(3,4))),(5,(((6,7),(8,9)),(10,11)))),12),((13,(14,15)),16))));
Tree Score: 9640.664273262955
Score Improvement: 0.22663705181382388

Step Number: 2
Time Spent: 10.693236339 seconds
New Tree:
Tree: ((0,(35,36)),((((((26,(27,28)),(29,(30,31))),(32,(33,34))),(24,25)),((17,(18,19)),(20,(21,(22,23))))),((((1,(2,(3,4))),(5,(((6,7),(8,9)),(10,11)))),12),((13,(14,15)),16))));
Tree Score: 11168.029425896937
Score Improvement: 0.15842945147150456

Step Number: 3
Time Spent: 10.21256097 seconds
New Tree:
Tree: ((0,(35,36)),((((((26,(27,28)),(29,(30,31))),(32,(33,34))),(24,25)),((17,(18,19)),(20,(21,(22,23))))),((((((6,7),(8,9)),(10,11)),(5,(1,(2,(3,4))))),12),((13,(14,15)),16))));
Tree Score: 11771.651724974858
Score Improvement: 0.054049132220068685

Step Number: 4
Time Spent: 10.240977222 seconds
New Tree:
Tree: ((0,(35,36)),((((((26,(27,28)),(29,(30,31))),(32,(33,34))),(24,25)),((17,(18,19)),(20,(21,(22,23))))),((((((6,7),(8,9)),(10,11)),(5,((3,4),(2,1)))),12),((13,(14,15)),16))));
Tree Score: 11837.924849990057
Score Improvement: 0.005629891757211292

Step Number: 5
Time Spent: 9.709390978 seconds
New Tree:
Tree: ((0,(35,36)),((((((26,(27,28)),(29,(30,31))),(32,(33,34))),(24,25)),((17,(18,19)),(20,(21,(22,23))))),((((((6,7),(8,9)),(10,11)),((2,1),((3,4),5))),12),((13,(14,15)),16))));
Tree Score: 12055.446274875896
Score Improvement: 0.018374962473766798

Step Number: 6
Time Spent: 9.176267247 seconds
New Tree:
Tree: ((0,(35,36)),((((((26,(27,28)),(29,(30,31))),(32,(33,34))),(24,25)),((17,(18,19)),((22,23),(21,20)))),((((((6,7),(8,9)),(10,11)),((2,1),((3,4),5))),12),((13,(14,15)),16))));
Tree Score: 12110.884799982654
Score Improvement: 0.004598629021498324

Step Number: 7
Time Spent: 8.641156044 seconds
New Tree:
Tree: ((0,(35,36)),((((((26,(27,28)),(29,(30,31))),(32,(33,34))),(24,25)),((19,(18,17)),((22,23),(21,20)))),((((((6,7),(8,9)),(10,11)),((2,1),((3,4),5))),12),((13,(14,15)),16))));
Tree Score: 12120.145300339209
Score Improvement: 7.646427581053938E-4

Step Number: 8
Time Spent: 8.10549505 seconds
New Tree:
Tree: ((0,(35,36)),((((((26,(27,28)),(31,(30,29))),(32,(33,34))),(24,25)),((19,(18,17)),((22,23),(21,20)))),((((((6,7),(8,9)),(10,11)),((2,1),((3,4),5))),12),((13,(14,15)),16))));
Tree Score: 12120.370650480734
Score Improvement: 1.8593023098478767E-5

Step Number: 9
Time Spent: 7.567878569 seconds
New Tree:
Tree: ((0,(35,36)),((((((26,(27,28)),(31,(30,29))),(32,(33,34))),(24,25)),((19,(18,17)),((22,23),(21,20)))),((((((6,7),(8,9)),(10,11)),((2,1),((3,4),5))),12),((13,(14,15)),16))));
Tree Score: 12120.370650480734
Score Improvement: 0.0

TOTAL STEPS: 9
TOTAL TIME: 85.050022984 seconds
Final tree: Tree: ((0,(35,36)),((((((26,(27,28)),(31,(30,29))),(32,(33,34))),(24,25)),((19,(18,17)),((22,23),(21,20)))),((((((6,7),(8,9)),(10,11)),((2,1),((3,4),5))),12),((13,(14,15)),16))));
Tree Score: 12120.370650480734
Total Score Improvement: 0.5421443274224234

--------------ITERATION 5--------------
Input tree: (((0,1),(2,3)),((((((4,5),(((6,((((7,(8,9)),10),(11,12)),13)),(14,(15,16))),(17,18))),(19,(20,21))),(22,((23,(24,25)),26))),((27,28),(29,30))),(((31,32),(33,34)),(35,36))));
Initial Score: 8633.259352291978

Step Number: 1
Time Spent: 11.057438939 seconds
New Tree:
Tree: (((0,1),(2,3)),(((((27,28),(29,30)),(22,((23,(24,25)),26))),(((4,5),(((6,((((7,(8,9)),10),(11,12)),13)),(14,(15,16))),(17,18))),(19,(20,21)))),(((31,32),(33,34)),(35,36))));
Tree Score: 10161.588501542665
Score Improvement: 0.17702805937886512

Step Number: 2
Time Spent: 10.805106082 seconds
New Tree:
Tree: (((0,1),(2,3)),(((((27,28),(29,30)),(22,((23,(24,25)),26))),(((4,5),(((6,((((11,12),10),(7,(8,9))),13)),(14,(15,16))),(17,18))),(19,(20,21)))),(((31,32),(33,34)),(35,36))));
Tree Score: 10240.217051938034
Score Improvement: 0.0077378207534613

Step Number: 3
Time Spent: 10.776709665 seconds
New Tree:
Tree: (((0,1),(2,3)),(((((27,28),(29,30)),(22,((23,(24,25)),26))),(((4,5),(((6,((((11,12),10),(7,(8,9))),13)),(14,(15,16))),(17,18))),(19,(20,21)))),(((35,36),(33,34)),(31,32))));
Tree Score: 10269.503426390442
Score Improvement: 0.0028599368845276807

Step Number: 4
Time Spent: 10.252788221 seconds
New Tree:
Tree: (((0,1),(2,3)),(((((27,28),(29,30)),(22,((23,(24,25)),26))),(((4,5),(((6,((((11,12),10),(7,(8,9))),13)),(14,(15,16))),(17,18))),(19,(20,21)))),(((35,36),(33,34)),(31,32))));
Tree Score: 10269.503426390442
Score Improvement: 0.0

TOTAL STEPS: 4
TOTAL TIME: 42.892042907 seconds
Final tree: Tree: (((0,1),(2,3)),(((((27,28),(29,30)),(22,((23,(24,25)),26))),(((4,5),(((6,((((11,12),10),(7,(8,9))),13)),(14,(15,16))),(17,18))),(19,(20,21)))),(((35,36),(33,34)),(31,32))));
Tree Score: 10269.503426390442
Total Score Improvement: 0.18952796473837785

--------------ITERATION 6--------------
Input tree: ((((((0,1),2),(3,(4,5))),((6,7),(8,((9,(10,11)),(12,13))))),(((14,(15,16)),((17,(18,(19,(20,21)))),(22,((23,24),25)))),26)),((((27,(28,29)),30),31),((((32,33),34),35),36)));
Initial Score: 10542.568699138632

Step Number: 1
Time Spent: 10.645840229 seconds
New Tree:
Tree: ((((((0,1),2),(3,(4,5))),(((9,(10,11)),(12,13)),(8,(6,7)))),(((14,(15,16)),((17,(18,(19,(20,21)))),(22,((23,24),25)))),26)),((((27,(28,29)),30),31),((((32,33),34),35),36)));
Tree Score: 10997.457324199771
Score Improvement: 0.04314779804074753

Step Number: 2
Time Spent: 10.215925364 seconds
New Tree:
Tree: ((((((0,1),2),(3,(4,5))),(((9,(10,11)),(12,13)),(8,(6,7)))),(((14,(15,16)),(((19,(20,21)),(18,17)),(22,((23,24),25)))),26)),((((27,(28,29)),30),31),((((32,33),34),35),36)));
Tree Score: 11260.344597482283
Score Improvement: 0.02390436857654632

Step Number: 3
Time Spent: 9.717976707 seconds
New Tree:
Tree: ((((((0,1),2),(3,(4,5))),(((9,(10,11)),(12,13)),(8,(6,7)))),(((14,(15,16)),(((19,(20,21)),(18,17)),(22,((23,24),25)))),26)),((((27,(28,29)),30),31),(((35,34),(32,33)),36)));
Tree Score: 11335.193947170672
Score Improvement: 0.0066471633297195964

Step Number: 4
Time Spent: 9.707964399 seconds
New Tree:
Tree: ((((((0,1),2),(3,(4,5))),(((9,(10,11)),(12,13)),(8,(6,7)))),(((14,(15,16)),(((21,(20,19)),(18,17)),(22,((23,24),25)))),26)),((((27,(28,29)),30),31),(((35,34),(32,33)),36)));
Tree Score: 11357.99067218676
Score Improvement: 0.0020111455633078368

Step Number: 5
Time Spent: 9.164699017 seconds
New Tree:
Tree: ((((((0,1),2),(5,(4,3))),(((9,(10,11)),(12,13)),(8,(6,7)))),(((14,(15,16)),(((21,(20,19)),(18,17)),(22,((23,24),25)))),26)),((((27,(28,29)),30),31),(((35,34),(32,33)),36)));
Tree Score: 11367.325871893016
Score Improvement: 8.219059141434393E-4

Step Number: 6
Time Spent: 8.621652656 seconds
New Tree:
Tree: ((((((0,1),2),(5,(4,3))),(((9,(10,11)),(12,13)),(8,(6,7)))),(((16,(15,14)),(((21,(20,19)),(18,17)),(22,((23,24),25)))),26)),((((27,(28,29)),30),31),(((35,34),(32,33)),36)));
Tree Score: 11376.250421621648
Score Improvement: 7.851054706453642E-4

Step Number: 7
Time Spent: 8.084723623 seconds
New Tree:
Tree: ((((((0,1),2),(5,(4,3))),(((9,(10,11)),(12,13)),(8,(6,7)))),(((16,(15,14)),(((21,(20,19)),(18,17)),(22,((25,24),23)))),26)),((((27,(28,29)),30),31),(((35,34),(32,33)),36)));
Tree Score: 11380.341171584834
Score Improvement: 3.595868420240844E-4

Step Number: 8
Time Spent: 8.089971847 seconds
New Tree:
Tree: ((((((0,1),2),(5,(4,3))),(((9,(10,11)),(12,13)),(8,(6,7)))),(((16,(15,14)),(((21,(20,19)),(18,17)),((25,24),(22,23)))),26)),((((27,(28,29)),30),31),(((35,34),(32,33)),36)));
Tree Score: 11439.383046671559
Score Improvement: 0.005188058441880861

Step Number: 9
Time Spent: 7.557625938 seconds
New Tree:
Tree: ((((((0,1),2),(5,(4,3))),(((9,(10,11)),(12,13)),(8,(6,7)))),(((16,(15,14)),(((21,(20,19)),(18,17)),((25,24),(22,23)))),26)),((((29,(28,27)),30),31),(((35,34),(32,33)),36)));
Tree Score: 11441.607721656372
Score Improvement: 1.9447508451597706E-4

Step Number: 10
Time Spent: 7.016054137 seconds
New Tree:
Tree: ((((((0,1),2),(5,(4,3))),(((9,(10,11)),(12,13)),(8,(6,7)))),(((16,(15,14)),(((21,(20,19)),(18,17)),((25,24),(22,23)))),26)),((((29,(28,27)),30),31),(((35,34),(32,33)),36)));
Tree Score: 11441.607721656372
Score Improvement: 0.0

TOTAL STEPS: 10
TOTAL TIME: 88.822433917 seconds
Final tree: Tree: ((((((0,1),2),(5,(4,3))),(((9,(10,11)),(12,13)),(8,(6,7)))),(((16,(15,14)),(((21,(20,19)),(18,17)),((25,24),(22,23)))),26)),((((29,(28,27)),30),31),(((35,34),(32,33)),36)));
Tree Score: 11441.607721656372
Total Score Improvement: 0.08527703714097634

--------------ITERATION 7--------------
Input tree: ((((0,1),2),(((3,4),(5,6)),(7,8))),((((((9,(10,11)),(12,13)),(14,15)),(16,((17,18),(19,20)))),(21,22)),(((((23,24),(25,26)),(27,(28,29))),(30,(31,32))),(33,(34,(35,36))))));
Initial Score: 9384.680371739603

Step Number: 1
Time Spent: 11.223025219 seconds
New Tree:
Tree: ((((0,1),2),(((3,4),(5,6)),(7,8))),((((21,22),(16,((17,18),(19,20)))),(((9,(10,11)),(12,13)),(14,15))),(((((23,24),(25,26)),(27,(28,29))),(30,(31,32))),(33,(34,(35,36))))));
Tree Score: 10676.982548065418
Score Improvement: 0.13770337668796562

Step Number: 2
Time Spent: 11.102682261 seconds
New Tree:
Tree: ((((0,1),2),(((3,4),(5,6)),(7,8))),((((21,22),(16,((17,18),(19,20)))),(((((23,24),(25,26)),(27,(28,29))),(30,(31,32))),(33,(34,(35,36))))),(((9,(10,11)),(12,13)),(14,15))));
Tree Score: 12114.700574446666
Score Improvement: 0.1346558374436746

Step Number: 3
Time Spent: 12.479830152 seconds
New Tree:
Tree: ((((0,1),2),(((3,4),(5,6)),(7,8))),((((21,22),(16,((17,18),(19,20)))),(((((23,24),(25,26)),(27,(28,29))),(30,(31,32))),(33,(34,(35,36))))),(((14,15),(12,13)),(9,(10,11)))));
Tree Score: 12317.424524869966
Score Improvement: 0.01673371530542833

Step Number: 4
Time Spent: 11.167149329 seconds
New Tree:
Tree: ((((0,1),2),(((3,4),(5,6)),(7,8))),((((21,22),(16,((17,18),(19,20)))),(((((23,24),(25,26)),(27,(28,29))),(30,(31,32))),(33,(36,(35,34))))),(((14,15),(12,13)),(9,(10,11)))));
Tree Score: 12339.35907509477
Score Improvement: 0.0017807740717643572

Step Number: 5
Time Spent: 10.635925071 seconds
New Tree:
Tree: ((((0,1),2),(((3,4),(5,6)),(7,8))),((((21,22),(16,((17,18),(19,20)))),(((((23,24),(25,26)),(27,(28,29))),(32,(31,30))),(33,(36,(35,34))))),(((14,15),(12,13)),(9,(10,11)))));
Tree Score: 12350.407350002984
Score Improvement: 8.953686201185196E-4

Step Number: 6
Time Spent: 10.10674891 seconds
New Tree:
Tree: ((((0,1),2),(((3,4),(5,6)),(7,8))),((((21,22),(16,((17,18),(19,20)))),(((((23,24),(25,26)),(29,(28,27))),(32,(31,30))),(33,(36,(35,34))))),(((14,15),(12,13)),(9,(10,11)))));
Tree Score: 12350.608674961339
Score Improvement: 1.6301078389568957E-5

Step Number: 7
Time Spent: 9.576364495 seconds
New Tree:
Tree: ((((0,1),2),(((3,4),(5,6)),(7,8))),((((21,22),(16,((17,18),(19,20)))),(((((23,24),(25,26)),(29,(28,27))),(32,(31,30))),(33,(36,(35,34))))),(((14,15),(12,13)),(9,(10,11)))));
Tree Score: 12350.608674961339
Score Improvement: 0.0

TOTAL STEPS: 7
TOTAL TIME: 76.291725437 seconds
Final tree: Tree: ((((0,1),2),(((3,4),(5,6)),(7,8))),((((21,22),(16,((17,18),(19,20)))),(((((23,24),(25,26)),(29,(28,27))),(32,(31,30))),(33,(36,(35,34))))),(((14,15),(12,13)),(9,(10,11)))));
Tree Score: 12350.608674961339
Total Score Improvement: 0.31603935197975774

--------------ITERATION 8--------------
Input tree: ((((((0,1),2),3),((4,((5,6),7)),8)),((9,10),11)),((((12,13),14),((15,16),((17,18),19))),((20,(21,(22,23))),(((24,25),(26,((27,28),29))),(((((30,31),(32,33)),34),35),36)))));
Initial Score: 10215.328377412256

Step Number: 1
Time Spent: 10.734444234 seconds
New Tree:
Tree: ((((((0,1),2),3),((4,((5,6),7)),8)),((20,(21,(22,23))),(((24,25),(26,((27,28),29))),(((((30,31),(32,33)),34),35),36)))),((((12,13),14),((15,16),((17,18),19))),((9,10),11)));
Tree Score: 10939.094500155772
Score Improvement: 0.0708509894154632

Step Number: 2
Time Spent: 10.218102665 seconds
New Tree:
Tree: ((((((0,1),2),3),((4,((5,6),7)),8)),((((((30,31),(32,33)),34),35),36),(((24,25),(26,((27,28),29))),(20,(21,(22,23)))))),((((12,13),14),((15,16),((17,18),19))),((9,10),11)));
Tree Score: 11521.415275274894
Score Improvement: 0.053232996123292464

Step Number: 3
Time Spent: 9.723092162 seconds
New Tree:
Tree: ((((((0,1),2),3),((4,((5,6),7)),8)),(((36,35),(((30,31),(32,33)),34)),(((24,25),(26,((27,28),29))),(20,(21,(22,23)))))),((((12,13),14),((15,16),((17,18),19))),((9,10),11)));
Tree Score: 11765.47692667146
Score Improvement: 0.021183304790716617

Step Number: 4
Time Spent: 9.094968152 seconds
New Tree:
Tree: ((((((0,1),2),3),((4,((5,6),7)),8)),(((36,35),(((30,31),(32,33)),34)),(((24,25),(26,((27,28),29))),((22,23),(21,20))))),((((12,13),14),((15,16),((17,18),19))),((9,10),11)));
Tree Score: 11903.942401236041
Score Improvement: 0.01176879402573916

Step Number: 5
Time Spent: 8.571171796 seconds
New Tree:
Tree: ((((((0,1),2),3),((4,((5,6),7)),8)),(((36,35),(((30,31),(32,33)),34)),(((24,25),(26,((27,28),29))),((22,23),(21,20))))),((((12,13),14),((9,10),11)),((15,16),((17,18),19))));
Tree Score: 12032.023978467916
Score Improvement: 0.010759593159538117

Step Number: 6
Time Spent: 8.568427661 seconds
New Tree:
Tree: ((((((0,1),2),3),((4,((5,6),7)),8)),((((30,31),(32,33)),((36,35),34)),(((24,25),(26,((27,28),29))),((22,23),(21,20))))),((((12,13),14),((9,10),11)),((15,16),((17,18),19))));
Tree Score: 12048.944052997978
Score Improvement: 0.0014062533918102194

Step Number: 7
Time Spent: 8.569717979 seconds
New Tree:
Tree: ((((((2,1),0),3),((4,((5,6),7)),8)),((((30,31),(32,33)),((36,35),34)),(((24,25),(26,((27,28),29))),((22,23),(21,20))))),((((12,13),14),((9,10),11)),((15,16),((17,18),19))));
Tree Score: 12061.17377812043
Score Improvement: 0.001015003893175992

Step Number: 8
Time Spent: 8.047138187 seconds
New Tree:
Tree: ((((((2,1),0),3),((4,((5,6),7)),8)),((((30,31),(32,33)),((36,35),34)),(((24,25),(26,((27,28),29))),((22,23),(21,20))))),((((12,13),14),((9,10),11)),((15,16),((17,18),19))));
Tree Score: 12061.17377812043
Score Improvement: 0.0

TOTAL STEPS: 8
TOTAL TIME: 73.527062836 seconds
Final tree: Tree: ((((((2,1),0),3),((4,((5,6),7)),8)),((((30,31),(32,33)),((36,35),34)),(((24,25),(26,((27,28),29))),((22,23),(21,20))))),((((12,13),14),((9,10),11)),((15,16),((17,18),19))));
Tree Score: 12061.17377812043
Total Score Improvement: 0.18069369211758657

--------------ITERATION 9--------------
Input tree: (((((0,((1,(2,(3,4))),(5,(6,7)))),(8,((9,(10,11)),(12,13)))),14),((15,16),(((17,18),19),((20,21),(22,((23,24),((25,26),27))))))),((28,29),((30,(31,32)),(((33,34),35),36))));
Initial Score: 6603.933001406862

Step Number: 1
Time Spent: 10.257578775 seconds
New Tree:
Tree: ((((14,(8,((9,(10,11)),(12,13)))),(0,((1,(2,(3,4))),(5,(6,7))))),((15,16),(((17,18),19),((20,21),(22,((23,24),((25,26),27))))))),((28,29),((30,(31,32)),(((33,34),35),36))));
Tree Score: 9439.44252634947
Score Improvement: 0.42936679162834457

Step Number: 2
Time Spent: 10.109175964 seconds
New Tree:
Tree: ((((14,(8,((9,(10,11)),(12,13)))),(0,((1,(2,(3,4))),(5,(6,7))))),((15,16),((22,((23,24),((25,26),27))),((20,21),((17,18),19))))),((28,29),((30,(31,32)),(((33,34),35),36))));
Tree Score: 9982.121650406763
Score Improvement: 0.057490590418072474

Step Number: 3
Time Spent: 10.135417989 seconds
New Tree:
Tree: ((((14,(8,((9,(10,11)),(12,13)))),(0,((1,(2,(3,4))),(5,(6,7))))),((15,16),((((25,26),27),((23,24),22)),((20,21),((17,18),19))))),((28,29),((30,(31,32)),(((33,34),35),36))));
Tree Score: 10254.480176002973
Score Improvement: 0.027284632980315582

Step Number: 4
Time Spent: 9.617258731 seconds
New Tree:
Tree: ((((14,(8,((9,(10,11)),(12,13)))),(0,((1,(2,(3,4))),(5,(6,7))))),((30,(31,32)),(((33,34),35),36))),((28,29),((15,16),((((25,26),27),((23,24),22)),((20,21),((17,18),19))))));
Tree Score: 10440.029326699441
Score Improvement: 0.018094447257373414

Step Number: 5
Time Spent: 9.075656619 seconds
New Tree:
Tree: ((((14,(8,((9,(10,11)),(12,13)))),((5,(6,7)),((1,(2,(3,4))),0))),((30,(31,32)),(((33,34),35),36))),((28,29),((15,16),((((25,26),27),((23,24),22)),((20,21),((17,18),19))))));
Tree Score: 10614.541025505518
Score Improvement: 0.016715633006870734

Step Number: 6
Time Spent: 9.081102632 seconds
New Tree:
Tree: ((((14,(8,((9,(10,11)),(12,13)))),((5,(6,7)),(((3,4),(2,1)),0))),((30,(31,32)),(((33,34),35),36))),((28,29),((15,16),((((25,26),27),((23,24),22)),((20,21),((17,18),19))))));
Tree Score: 10695.69052569673
Score Improvement: 0.00764512568147957

Step Number: 7
Time Spent: 9.088495751 seconds
New Tree:
Tree: ((((14,(8,((9,(10,11)),(12,13)))),((5,(6,7)),((0,(2,1)),(3,4)))),((30,(31,32)),(((33,34),35),36))),((28,29),((15,16),((((25,26),27),((23,24),22)),((20,21),((17,18),19))))));
Tree Score: 10787.330451105838
Score Improvement: 0.008567929783396488

Step Number: 8
Time Spent: 8.539155154 seconds
New Tree:
Tree: ((((14,(8,((9,(10,11)),(12,13)))),((5,(6,7)),((0,(2,1)),(3,4)))),((30,(31,32)),(((35,34),33),36))),((28,29),((15,16),((((25,26),27),((23,24),22)),((20,21),((17,18),19))))));
Tree Score: 10794.590326024452
Score Improvement: 6.730001413715048E-4

Step Number: 9
Time Spent: 8.535893566 seconds
New Tree:
Tree: ((((14,((12,13),((9,(10,11)),8))),((5,(6,7)),((0,(2,1)),(3,4)))),((30,(31,32)),(((35,34),33),36))),((28,29),((15,16),((((25,26),27),((23,24),22)),((20,21),((17,18),19))))));
Tree Score: 10796.114276005188
Score Improvement: 1.4117719475303936E-4

Step Number: 10
Time Spent: 8.55362089 seconds
New Tree:
Tree: ((((((9,(10,11)),8),((12,13),14)),((5,(6,7)),((0,(2,1)),(3,4)))),((30,(31,32)),(((35,34),33),36))),((28,29),((15,16),((((25,26),27),((23,24),22)),((20,21),((17,18),19))))));
Tree Score: 11514.78707572841
Score Improvement: 0.066567728105704

Step Number: 11
Time Spent: 8.04782794 seconds
New Tree:
Tree: ((((((9,8),(10,11)),((12,13),14)),((5,(6,7)),((0,(2,1)),(3,4)))),((30,(31,32)),(((35,34),33),36))),((28,29),((15,16),((((25,26),27),((23,24),22)),((20,21),((17,18),19))))));
Tree Score: 11557.35057538026
Score Improvement: 0.003696420904001574

Step Number: 12
Time Spent: 8.046253926 seconds
New Tree:
Tree: ((((((9,8),(10,11)),((12,13),14)),((5,(6,7)),((0,(2,1)),(3,4)))),((30,(31,32)),(((35,34),33),36))),((28,29),((15,16),((((25,26),27),((23,24),22)),((20,21),((17,18),19))))));
Tree Score: 11557.35057538026
Score Improvement: 0.0

TOTAL STEPS: 12
TOTAL TIME: 109.087437937 seconds
Final tree: Tree: ((((((9,8),(10,11)),((12,13),14)),((5,(6,7)),((0,(2,1)),(3,4)))),((30,(31,32)),(((35,34),33),36))),((28,29),((15,16),((((25,26),27),((23,24),22)),((20,21),((17,18),19))))));
Tree Score: 11557.35057538026
Total Score Improvement: 0.7500708400460987

--------------ITERATION 10--------------
Input tree: ((((0,(1,(2,3))),((4,5),(6,((7,8),9)))),((((10,11),12),(13,(14,(15,(16,17))))),((((18,(19,20)),(21,((22,23),(24,25)))),26),((27,28),29)))),(((30,(31,32)),(33,34)),(35,36)));
Initial Score: 10786.416673573396

Step Number: 1
Time Spent: 9.658944549 seconds
New Tree:
Tree: ((((0,(1,(2,3))),((4,5),(6,((7,8),9)))),((((10,11),12),(13,(14,(15,(16,17))))),((((27,28),29),26),((18,(19,20)),(21,((22,23),(24,25))))))),(((30,(31,32)),(33,34)),(35,36)));
Tree Score: 11864.964873470177
Score Improvement: 0.09999133470703137

Step Number: 2
Time Spent: 9.553949772 seconds
New Tree:
Tree: ((((((27,28),29),26),((18,(19,20)),(21,((22,23),(24,25))))),((((10,11),12),(13,(14,(15,(16,17))))),((0,(1,(2,3))),((4,5),(6,((7,8),9)))))),(((30,(31,32)),(33,34)),(35,36)));
Tree Score: 12502.187951199234
Score Improvement: 0.05370627595820987

Step Number: 3
Time Spent: 9.57118737 seconds
New Tree:
Tree: ((((((27,28),29),26),((18,(19,20)),(21,((22,23),(24,25))))),((((10,11),12),((15,(16,17)),(14,13))),((0,(1,(2,3))),((4,5),(6,((7,8),9)))))),(((30,(31,32)),(33,34)),(35,36)));
Tree Score: 12622.90915043706
Score Improvement: 0.009656005789470345

Step Number: 4
Time Spent: 9.054799148 seconds
New Tree:
Tree: ((((((27,28),29),26),((18,(19,20)),((24,25),((22,23),21)))),((((10,11),12),((15,(16,17)),(14,13))),((0,(1,(2,3))),((4,5),(6,((7,8),9)))))),(((30,(31,32)),(33,34)),(35,36)));
Tree Score: 12691.576050304417
Score Improvement: 0.0054398632715326745

Step Number: 5
Time Spent: 9.064409517 seconds
New Tree:
Tree: ((((((27,28),29),26),((18,(19,20)),((24,25),((22,23),21)))),((((10,11),12),((17,(16,15)),(14,13))),((0,(1,(2,3))),((4,5),(6,((7,8),9)))))),(((30,(31,32)),(33,34)),(35,36)));
Tree Score: 12708.591450248861
Score Improvement: 0.0013406845514696286

Step Number: 6
Time Spent: 8.537186748 seconds
New Tree:
Tree: ((((((27,28),29),26),((20,(19,18)),((24,25),((22,23),21)))),((((10,11),12),((17,(16,15)),(14,13))),((0,(1,(2,3))),((4,5),(6,((7,8),9)))))),(((30,(31,32)),(33,34)),(35,36)));
Tree Score: 12725.195375678146
Score Improvement: 0.0013065118580832813

Step Number: 7
Time Spent: 7.954541426 seconds
New Tree:
Tree: ((((((27,28),29),26),((20,(19,18)),((24,25),((22,23),21)))),((((10,11),12),((17,(16,15)),(14,13))),((0,(1,(2,3))),((4,5),(6,((7,8),9)))))),(((35,36),(33,34)),(30,(31,32))));
Tree Score: 12741.660225571033
Score Improvement: 0.0012938779646838316

Step Number: 8
Time Spent: 7.422561975 seconds
New Tree:
Tree: ((((((27,28),29),26),((20,(19,18)),((24,25),((22,23),21)))),((((10,11),12),((17,(16,15)),(14,13))),((0,(3,(2,1))),((4,5),(6,((7,8),9)))))),(((35,36),(33,34)),(30,(31,32))));
Tree Score: 12754.108575623615
Score Improvement: 9.769802233150493E-4

Step Number: 9
Time Spent: 7.42444322 seconds
New Tree:
Tree: ((((((27,28),29),26),((20,(19,18)),((24,25),((21,23),22)))),((((10,11),12),((17,(16,15)),(14,13))),((0,(3,(2,1))),((4,5),(6,((7,8),9)))))),(((35,36),(33,34)),(30,(31,32))));
Tree Score: 12760.251350831373
Score Improvement: 4.816310894120157E-4

Step Number: 10
Time Spent: 6.897890088 seconds
New Tree:
Tree: ((((((27,28),29),26),((20,(19,18)),((24,25),((21,23),22)))),((((10,11),12),((17,(16,15)),(14,13))),((0,(3,(2,1))),((4,5),(6,((7,8),9)))))),(((35,36),(33,34)),(30,(31,32))));
Tree Score: 12760.251350831373
Score Improvement: 0.0

TOTAL STEPS: 10
TOTAL TIME: 85.139913813 seconds
Final tree: Tree: ((((((27,28),29),26),((20,(19,18)),((24,25),((21,23),22)))),((((10,11),12),((17,(16,15)),(14,13))),((0,(3,(2,1))),((4,5),(6,((7,8),9)))))),(((35,36),(33,34)),(30,(31,32))));
Tree Score: 12760.251350831373
Total Score Improvement: 0.18299262275801476

===========================================================
RESULTS FROM 10 ITERATION(S):
AVERAGE TIME PER RUN: 88.212374152 seconds
AVERAGE IMPROVEMENT: 0.3662537533085179
BEST Tree: ((((4,3),(5,6)),((((((29,30),28),(33,(31,32))),((24,25),(26,27))),((16,17),(((20,21),(19,18)),(22,23)))),((((7,8),(9,10)),(11,12)),((15,14),13)))),(((34,35),36),(0,(1,2))));
Tree Score: 15515.750375941087
BEST'S IMPROVEMENT :0.4419219352640851
