--------------ITERATION 1--------------
Input tree: ((((((((0,1),2),3),(((4,((5,6),7)),8),9)),(10,11)),(12,13)),14),((((15,(16,17)),((18,19),(20,21))),(((22,(23,(24,25))),(26,(27,(28,(29,((30,31),32)))))),33)),((34,35),36)));
Initial Score: 7731.947277032852

Step Number: 1
Time Spent: 51.916653439 seconds
New Tree:
Tree: ((((((((0,1),2),3),(((4,((5,6),7)),8),9)),(10,11)),(12,13)),14),((((15,(16,17)),((18,19),(20,21))),(((22,(23,(24,25))),33),(26,(27,(28,(29,((30,31),32))))))),((34,35),36)));
Tree Score: 9101.35707837072
Score Improvement: 0.17711059740482105

Step Number: 2
Time Spent: 49.783311901 seconds
New Tree:
Tree: (((14,(12,13)),(((((0,1),2),3),(((4,((5,6),7)),8),9)),(10,11))),((((15,(16,17)),((18,19),(20,21))),(((22,(23,(24,25))),33),(26,(27,(28,(29,((30,31),32))))))),((34,35),36)));
Tree Score: 9874.424504206132
Score Improvement: 0.08493979734874912

Step Number: 3
Time Spent: 39.849953616 seconds
New Tree:
Tree: (((14,(12,13)),((34,35),36)),((((15,(16,17)),((18,19),(20,21))),(((22,(23,(24,25))),33),(26,(27,(28,(29,((30,31),32))))))),(((((0,1),2),3),(((4,((5,6),7)),8),9)),(10,11))));
Tree Score: 10797.117980913341
Score Improvement: 0.09344275975923222

Step Number: 4
Time Spent: 48.606374248 seconds
New Tree:
Tree: (((14,(12,13)),((34,35),36)),((10,11),(((((0,1),2),3),(((4,((5,6),7)),8),9)),(((15,(16,17)),((18,19),(20,21))),(((22,(23,(24,25))),33),(26,(27,(28,(29,((30,31),32))))))))));
Tree Score: 11771.43473078016
Score Improvement: 0.09023859437205117

Step Number: 5
Time Spent: 49.582503335 seconds
New Tree:
Tree: (((14,(12,13)),((34,35),36)),((10,11),(((((0,1),2),3),(((4,((5,6),7)),8),9)),(((15,(16,17)),((18,19),(20,21))),(((22,(23,(24,25))),33),((28,(29,((30,31),32))),(27,26)))))));
Tree Score: 12068.602430782596
Score Improvement: 0.025244815674456023

Step Number: 6
Time Spent: 49.841225062 seconds
New Tree:
Tree: (((14,(12,13)),((34,35),36)),((10,11),(((((0,1),2),3),(((4,((5,6),7)),8),9)),(((28,(29,((30,31),32))),(27,26)),(((22,(23,(24,25))),33),((15,(16,17)),((18,19),(20,21))))))));
Tree Score: 12544.437905082183
Score Improvement: 0.03942755402116038

Step Number: 7
Time Spent: 49.872804427 seconds
New Tree:
Tree: (((14,(12,13)),((34,35),36)),((10,11),(((((0,1),2),3),(((4,((5,6),7)),8),9)),(((28,(27,26)),(29,((30,31),32))),(((22,(23,(24,25))),33),((15,(16,17)),((18,19),(20,21))))))));
Tree Score: 12757.315827998502
Score Improvement: 0.016969905270133756

Step Number: 8
Time Spent: 49.641459924 seconds
New Tree:
Tree: (((14,(12,13)),((34,35),36)),((10,11),(((((0,1),2),3),((9,8),(4,((5,6),7)))),(((28,(27,26)),(29,((30,31),32))),(((22,(23,(24,25))),33),((15,(16,17)),((18,19),(20,21))))))));
Tree Score: 12940.310803860828
Score Improvement: 0.014344316494909304

Step Number: 9
Time Spent: 49.2443757 seconds
New Tree:
Tree: (((14,(12,13)),((34,35),36)),((10,11),((((3,2),(0,1)),((9,8),(4,((5,6),7)))),(((28,(27,26)),(29,((30,31),32))),(((22,(23,(24,25))),33),((15,(16,17)),((18,19),(20,21))))))));
Tree Score: 13103.931229066273
Score Improvement: 0.01264424229722727

Step Number: 10
Time Spent: 49.307574868 seconds
New Tree:
Tree: (((14,(12,13)),((34,35),36)),((10,11),((((3,2),(0,1)),((9,8),(4,((5,6),7)))),(((28,(27,26)),(29,((30,31),32))),(((22,33),(23,(24,25))),((15,(16,17)),((18,19),(20,21))))))));
Tree Score: 13223.33437919261
Score Improvement: 0.009112009826599765

Step Number: 11
Time Spent: 49.11953713 seconds
New Tree:
Tree: (((14,(12,13)),((((3,2),(0,1)),((9,8),(4,((5,6),7)))),(((28,(27,26)),(29,((30,31),32))),(((22,33),(23,(24,25))),((15,(16,17)),((18,19),(20,21))))))),((10,11),((34,35),36)));
Tree Score: 13307.87560447951
Score Improvement: 0.006393336420496665

Step Number: 12
Time Spent: 49.257340757 seconds
New Tree:
Tree: (((14,(12,13)),((((3,2),(0,1)),((9,8),(4,((5,6),7)))),(((28,(27,26)),(29,((30,31),32))),(((18,19),(20,21)),((15,(16,17)),((22,33),(23,(24,25)))))))),((10,11),((34,35),36)));
Tree Score: 13355.600154834061
Score Improvement: 0.0035861884926611243

Step Number: 13
Time Spent: 49.15567713 seconds
New Tree:
Tree: (((14,(12,13)),((((3,2),(0,1)),((9,8),(4,((5,6),7)))),(((28,(27,26)),(29,((30,31),32))),(((18,19),(20,21)),((15,(16,17)),((24,25),(23,(22,33)))))))),((10,11),((34,35),36)));
Tree Score: 13415.36622999069
Score Improvement: 0.004474982364232938

Step Number: 14
Time Spent: 49.141117108 seconds
New Tree:
Tree: (((14,(12,13)),((((3,2),(0,1)),((9,8),(4,((5,6),7)))),(((28,(27,26)),(29,((30,31),32))),(((18,19),(20,21)),((15,(16,17)),((24,25),(23,(22,33)))))))),((34,35),((10,11),36)));
Tree Score: 13454.875979956432
Score Improvement: 0.0029451115451037957

Step Number: 15
Time Spent: 49.083022151 seconds
New Tree:
Tree: (((14,(12,13)),((((3,2),(0,1)),((9,8),(4,((5,6),7)))),(((28,(27,26)),((30,31),(29,32))),(((18,19),(20,21)),((15,(16,17)),((24,25),(23,(22,33)))))))),((34,35),((10,11),36)));
Tree Score: 13483.650155244588
Score Improvement: 0.002138568600039248

Step Number: 16
Time Spent: 49.061811842 seconds
New Tree:
Tree: (((14,(12,13)),((((3,2),(0,1)),((9,8),(4,((5,6),7)))),(((28,(27,26)),((30,31),(29,32))),(((18,19),(20,21)),((15,(16,17)),((24,25),(23,(22,33)))))))),((34,35),((10,36),11)));
Tree Score: 13498.101555122255
Score Improvement: 0.0010717720877715387

Step Number: 17
Time Spent: 49.816100219 seconds
New Tree:
Tree: (((14,(12,13)),((((3,2),(0,1)),((9,8),(4,((5,6),7)))),(((28,(27,26)),((30,31),(29,32))),(((18,19),(20,21)),((15,(16,17)),((24,25),(33,(22,23)))))))),((34,35),((10,36),11)));
Tree Score: 13498.41237976235
Score Improvement: 2.3027285639187767E-5

Step Number: 18
Time Spent: 50.502146678 seconds
New Tree:
Tree: (((14,(12,13)),((((3,2),(0,1)),((9,8),(4,((5,6),7)))),(((28,(27,26)),((30,31),(29,32))),(((18,19),(20,21)),((24,25),((15,(16,17)),(33,(22,23)))))))),((34,35),((10,36),11)));
Tree Score: 13499.785129441158
Score Improvement: 1.016971211269535E-4

Step Number: 19
Time Spent: 50.600083224 seconds
New Tree:
Tree: (((14,(12,13)),((((3,2),(0,1)),((9,8),(4,((5,6),7)))),(((28,(27,26)),((30,31),(29,32))),(((18,19),(20,21)),((24,25),((15,(16,17)),(33,(22,23)))))))),((34,35),((10,36),11)));
Tree Score: 13499.785129441158
Score Improvement: 0.0

TOTAL STEPS: 19
TOTAL TIME: 933.383072759 seconds
Final tree: Tree: (((14,(12,13)),((((3,2),(0,1)),((9,8),(4,((5,6),7)))),(((28,(27,26)),((30,31),(29,32))),(((18,19),(20,21)),((24,25),((15,(16,17)),(33,(22,23)))))))),((34,35),((10,36),11)));
Tree Score: 13499.785129441158
Total Score Improvement: 0.7459748037265099

--------------ITERATION 2--------------
Input tree: ((0,((1,2),(((3,4),(5,6)),(((7,8),(9,10)),(11,12))))),((13,14),((((15,16),17),(18,19)),((((20,21),22),23),((24,((25,26),((27,28),(29,(((30,31),32),33))))),(34,(35,36)))))));
Initial Score: 8020.609678914294

Step Number: 1
Time Spent: 49.228015309 seconds
New Tree:
Tree: ((0,((1,2),(((3,4),(5,6)),(((7,8),(9,10)),(11,12))))),((13,14),(((24,((25,26),((27,28),(29,(((30,31),32),33))))),(34,(35,36))),((((20,21),22),23),(((15,16),17),(18,19))))));
Tree Score: 9177.355551110031
Score Improvement: 0.14422168868742657

Step Number: 2
Time Spent: 47.324025773 seconds
New Tree:
Tree: ((0,((1,2),(((3,4),(5,6)),(((7,8),(9,10)),(11,12))))),((13,14),(((24,((25,26),((27,28),(29,(((30,31),32),33))))),((((20,21),22),23),(((15,16),17),(18,19)))),(34,(35,36)))));
Tree Score: 10138.617153604664
Score Improvement: 0.10474276572823471

Step Number: 3
Time Spent: 39.413304165 seconds
New Tree:
Tree: ((0,((1,2),(((3,4),(5,6)),(((7,8),(9,10)),(11,12))))),((13,14),(((((27,28),(29,(((30,31),32),33))),((25,26),24)),((((20,21),22),23),(((15,16),17),(18,19)))),(34,(35,36)))));
Tree Score: 11351.167903117985
Score Improvement: 0.1195972518877697

Step Number: 4
Time Spent: 39.635276037 seconds
New Tree:
Tree: ((0,((1,2),(((3,4),(5,6)),(((7,8),(9,10)),(11,12))))),(((((27,28),(29,(((30,31),32),33))),((25,26),24)),((((20,21),22),23),(((15,16),17),(18,19)))),((13,14),(34,(35,36)))));
Tree Score: 11773.274903932037
Score Improvement: 0.03718621770171393

Step Number: 5
Time Spent: 38.814139704 seconds
New Tree:
Tree: ((0,((13,14),(34,(35,36)))),(((((27,28),(29,(((30,31),32),33))),((25,26),24)),((((20,21),22),23),(((15,16),17),(18,19)))),((1,2),(((3,4),(5,6)),(((7,8),(9,10)),(11,12))))));
Tree Score: 12551.433802810647
Score Improvement: 0.06609536473311439

Step Number: 6
Time Spent: 38.735502749 seconds
New Tree:
Tree: ((0,((13,14),(34,(35,36)))),((1,2),(((((27,28),(29,(((30,31),32),33))),((25,26),24)),((((20,21),22),23),(((15,16),17),(18,19)))),(((3,4),(5,6)),(((7,8),(9,10)),(11,12))))));
Tree Score: 13763.12287528723
Score Improvement: 0.09653790088947845

Step Number: 7
Time Spent: 39.591092556 seconds
New Tree:
Tree: ((0,((13,14),(34,(35,36)))),((1,2),(((((27,28),((25,26),24)),(29,(((30,31),32),33))),((((20,21),22),23),(((15,16),17),(18,19)))),(((3,4),(5,6)),(((7,8),(9,10)),(11,12))))));
Tree Score: 13995.14617467768
Score Improvement: 0.016858332334376502

Step Number: 8
Time Spent: 39.63186017 seconds
New Tree:
Tree: ((0,((13,14),(34,(35,36)))),((1,2),(((((27,28),((25,26),24)),(29,(((30,31),32),33))),((((20,21),22),23),(((15,16),17),(18,19)))),(((7,8),(9,10)),(((3,4),(5,6)),(11,12))))));
Tree Score: 14167.382174941744
Score Improvement: 0.012306838250514485

Step Number: 9
Time Spent: 39.662291274 seconds
New Tree:
Tree: ((0,((13,14),(34,(35,36)))),((1,2),(((((27,28),((25,26),24)),(((30,31),32),(29,33))),((((20,21),22),23),(((15,16),17),(18,19)))),(((7,8),(9,10)),(((3,4),(5,6)),(11,12))))));
Tree Score: 14309.705425106953
Score Improvement: 0.010045839690619784

Step Number: 10
Time Spent: 39.682186821 seconds
New Tree:
Tree: (((((((27,28),((25,26),24)),(((30,31),32),(29,33))),((((20,21),22),23),(((15,16),17),(18,19)))),(((7,8),(9,10)),(((3,4),(5,6)),(11,12)))),((13,14),(34,(35,36)))),((1,2),0));
Tree Score: 14440.857125038314
Score Improvement: 0.009165227098333562

Step Number: 11
Time Spent: 43.770290483 seconds
New Tree:
Tree: (((((((27,28),((25,26),24)),(((30,31),32),(29,33))),((((20,21),22),23),(((15,16),17),(18,19)))),(((7,8),(9,10)),(((11,12),(5,6)),(3,4)))),((13,14),(34,(35,36)))),((1,2),0));
Tree Score: 14524.278049532357
Score Improvement: 0.005776729440069239

Step Number: 12
Time Spent: 23.088869961 seconds
New Tree:
Tree: (((((((27,28),((25,26),24)),(((30,31),32),(29,33))),(((23,22),(20,21)),(((15,16),17),(18,19)))),(((7,8),(9,10)),(((11,12),(5,6)),(3,4)))),((13,14),(34,(35,36)))),((1,2),0));
Tree Score: 14589.496150033581
Score Improvement: 0.004490281739223834

Step Number: 13
Time Spent: 20.585396789 seconds
New Tree:
Tree: (((((((27,28),((25,26),24)),(((30,31),32),(29,33))),(((23,22),(20,21)),(((17,16),15),(18,19)))),(((7,8),(9,10)),(((11,12),(5,6)),(3,4)))),((13,14),(34,(35,36)))),((1,2),0));
Tree Score: 14618.401549991417
Score Improvement: 0.0019812473070064396

Step Number: 14
Time Spent: 20.785369494 seconds
New Tree:
Tree: (((((((27,28),((25,26),24)),(((30,31),32),(29,33))),(((23,22),(20,21)),(((17,16),15),(18,19)))),(((7,8),(9,10)),(((11,12),(5,6)),(3,4)))),((13,14),(34,(35,36)))),((1,0),2));
Tree Score: 14643.34392541294
Score Improvement: 0.0017062313780495941

Step Number: 15
Time Spent: 20.599385649 seconds
New Tree:
Tree: (((((((27,28),((25,26),24)),(((30,31),32),(29,33))),(((23,22),(20,21)),(((17,16),15),(18,19)))),(((7,8),(9,10)),(((11,12),(5,6)),(3,4)))),((13,14),(36,(35,34)))),((1,0),2));
Tree Score: 14651.992075528215
Score Improvement: 5.905857404786552E-4

Step Number: 16
Time Spent: 20.623284917 seconds
New Tree:
Tree: (((((((27,28),((25,26),24)),(((30,32),31),(29,33))),(((23,22),(20,21)),(((17,16),15),(18,19)))),(((7,8),(9,10)),(((11,12),(5,6)),(3,4)))),((13,14),(36,(35,34)))),((1,0),2));
Tree Score: 14658.860125522326
Score Improvement: 4.687451343616811E-4

Step Number: 17
Time Spent: 20.560421685 seconds
New Tree:
Tree: (((((((27,28),((25,26),24)),(((30,32),31),(29,33))),(((23,22),(20,21)),(((18,19),15),(17,16)))),(((7,8),(9,10)),(((11,12),(5,6)),(3,4)))),((13,14),(36,(35,34)))),((1,0),2));
Tree Score: 14662.88372543025
Score Improvement: 2.7448245453398634E-4

Step Number: 18
Time Spent: 20.545883175 seconds
New Tree:
Tree: (((((((27,28),((25,26),24)),(((30,32),31),(29,33))),(((23,22),(20,21)),(((15,19),18),(17,16)))),(((7,8),(9,10)),(((11,12),(5,6)),(3,4)))),((13,14),(36,(35,34)))),((1,0),2));
Tree Score: 14667.887025401864
Score Improvement: 3.4122209964304595E-4

Step Number: 19
Time Spent: 20.533883325 seconds
New Tree:
Tree: (((((((27,28),((25,26),24)),(((30,32),31),(29,33))),(((23,22),(20,21)),(((17,16),18),(15,19)))),(((7,8),(9,10)),(((11,12),(5,6)),(3,4)))),((13,14),(36,(35,34)))),((1,0),2));
Tree Score: 14676.510525609348
Score Improvement: 5.879170048521676E-4

Step Number: 20
Time Spent: 20.513766171 seconds
New Tree:
Tree: (((((((27,28),((25,26),24)),(((29,33),31),(30,32))),(((23,22),(20,21)),(((17,16),18),(15,19)))),(((7,8),(9,10)),(((11,12),(5,6)),(3,4)))),((13,14),(36,(35,34)))),((1,0),2));
Tree Score: 14678.002025858481
Score Improvement: 1.016249909355782E-4

Step Number: 21
Time Spent: 20.502999858 seconds
New Tree:
Tree: (((((((27,28),((25,26),24)),(((29,33),31),(30,32))),(((23,22),(20,21)),(((17,16),18),(15,19)))),(((7,8),(9,10)),(((11,12),(5,6)),(3,4)))),((13,14),(36,(35,34)))),((1,0),2));
Tree Score: 14678.002025858481
Score Improvement: 0.0

TOTAL STEPS: 21
TOTAL TIME: 663.827246065 seconds
Final tree: Tree: (((((((27,28),((25,26),24)),(((29,33),31),(30,32))),(((23,22),(20,21)),(((17,16),18),(15,19)))),(((7,8),(9,10)),(((11,12),(5,6)),(3,4)))),((13,14),(36,(35,34)))),((1,0),2));
Tree Score: 14678.002025858481
Total Score Improvement: 0.8300356972171425

--------------ITERATION 3--------------
Input tree: ((((((0,1),2),((3,4),(5,6))),(7,8)),((9,((10,11),12)),(13,14))),((((15,16),17),18),(((19,20),(21,(((22,(23,(24,25))),26),27))),((28,((29,(30,31)),32)),((33,(34,35)),36)))));
Initial Score: 9737.153002203728

Step Number: 1
Time Spent: 19.33599587 seconds
New Tree:
Tree: ((((((0,1),2),((3,4),(5,6))),(7,8)),(((19,20),(21,(((22,(23,(24,25))),26),27))),((28,((29,(30,31)),32)),((33,(34,35)),36)))),((((15,16),17),18),((9,((10,11),12)),(13,14))));
Tree Score: 11306.162026078347
Score Improvement: 0.16113632224116414

Step Number: 2
Time Spent: 19.431328942 seconds
New Tree:
Tree: ((((((0,1),2),(7,8)),((3,4),(5,6))),(((19,20),(21,(((22,(23,(24,25))),26),27))),((28,((29,(30,31)),32)),((33,(34,35)),36)))),((((15,16),17),18),((9,((10,11),12)),(13,14))));
Tree Score: 11869.609200918023
Score Improvement: 0.04983540599719438

Step Number: 3
Time Spent: 19.313445377 seconds
New Tree:
Tree: ((((((0,1),2),(7,8)),((3,4),(5,6))),(((((22,(23,(24,25))),26),27),(21,(19,20))),((28,((29,(30,31)),32)),((33,(34,35)),36)))),((((15,16),17),18),((9,((10,11),12)),(13,14))));
Tree Score: 12251.446550157876
Score Improvement: 0.03216932779979986

Step Number: 4
Time Spent: 19.457905018 seconds
New Tree:
Tree: ((((((0,1),2),(7,8)),((3,4),(5,6))),(((((22,(23,(24,25))),26),27),(21,(19,20))),((28,((29,(30,31)),32)),((33,(34,35)),36)))),((9,((10,11),12)),((((15,16),17),18),(13,14))));
Tree Score: 12462.267248428709
Score Improvement: 0.017207820922021222

Step Number: 5
Time Spent: 19.455969156 seconds
New Tree:
Tree: ((((((0,1),2),(7,8)),((3,4),(5,6))),((((27,26),(22,(23,(24,25)))),(21,(19,20))),((28,((29,(30,31)),32)),((33,(34,35)),36)))),((9,((10,11),12)),((((15,16),17),18),(13,14))));
Tree Score: 12618.354049149368
Score Improvement: 0.012524751524674471

Step Number: 6
Time Spent: 19.213750856 seconds
New Tree:
Tree: ((((((0,1),2),(7,8)),((3,4),(5,6))),((((27,26),(22,(23,(24,25)))),(21,(19,20))),(((29,(30,31)),(28,32)),((33,(34,35)),36)))),((9,((10,11),12)),((((15,16),17),18),(13,14))));
Tree Score: 12726.888424334515
Score Improvement: 0.00860131002525355

Step Number: 7
Time Spent: 19.202820694 seconds
New Tree:
Tree: ((((((0,1),2),(7,8)),((3,4),(5,6))),((((27,26),(22,(23,(24,25)))),(21,(19,20))),(((29,(30,31)),(28,32)),((33,(34,35)),36)))),(((10,11),(9,12)),((((15,16),17),18),(13,14))));
Tree Score: 12826.006099698532
Score Improvement: 0.0077880525120734845

Step Number: 8
Time Spent: 19.229808624 seconds
New Tree:
Tree: ((((((0,1),2),(7,8)),((3,4),(5,6))),((((27,26),((24,25),(23,22))),(21,(19,20))),(((29,(30,31)),(28,32)),((33,(34,35)),36)))),(((10,11),(9,12)),((((15,16),17),18),(13,14))));
Tree Score: 12878.25204975291
Score Improvement: 0.00407343873441679

Step Number: 9
Time Spent: 19.198420693 seconds
New Tree:
Tree: ((((((0,1),2),(7,8)),((3,4),(5,6))),((((27,26),((24,25),(23,22))),(21,(19,20))),(((29,(30,31)),(28,32)),((33,36),(34,35))))),(((10,11),(9,12)),((((15,16),17),18),(13,14))));
Tree Score: 12928.00047500937
Score Improvement: 0.0038629796236528957

Step Number: 10
Time Spent: 19.167151564 seconds
New Tree:
Tree: ((((((0,1),2),(7,8)),((3,4),(5,6))),((((27,26),((24,25),(23,22))),(21,(19,20))),(((29,(30,31)),(28,32)),((33,36),(34,35))))),(((10,11),(9,12)),(((18,17),(15,16)),(13,14))));
Tree Score: 12962.462399997901
Score Improvement: 0.0026656809809952886

Step Number: 11
Time Spent: 19.115016093 seconds
New Tree:
Tree: ((((((7,8),2),(0,1)),((3,4),(5,6))),((((27,26),((24,25),(23,22))),(21,(19,20))),(((29,(30,31)),(28,32)),((33,36),(34,35))))),(((10,11),(9,12)),(((18,17),(15,16)),(13,14))));
Tree Score: 12992.751575091075
Score Improvement: 0.002336683737896861

Step Number: 12
Time Spent: 19.163004108 seconds
New Tree:
Tree: ((((((7,2),8),(0,1)),((3,4),(5,6))),((((27,26),((24,25),(23,22))),(21,(19,20))),(((29,(30,31)),(28,32)),((33,36),(34,35))))),(((10,11),(9,12)),(((18,17),(15,16)),(13,14))));
Tree Score: 13016.899525013905
Score Improvement: 0.0018585708949538926

Step Number: 13
Time Spent: 19.180493763 seconds
New Tree:
Tree: ((((((7,2),8),(0,1)),((3,4),(5,6))),((((27,26),((24,25),(23,22))),(21,(19,20))),(((29,(28,32)),(30,31)),((33,36),(34,35))))),(((10,11),(9,12)),(((18,17),(15,16)),(13,14))));
Tree Score: 13030.045375031572
Score Improvement: 0.0010099063907196282

Step Number: 14
Time Spent: 19.228661411 seconds
New Tree:
Tree: ((((((7,2),8),(0,1)),((3,4),(5,6))),((((24,25),((27,26),(23,22))),(21,(19,20))),(((29,(28,32)),(30,31)),((33,36),(34,35))))),(((10,11),(9,12)),(((18,17),(15,16)),(13,14))));
Tree Score: 13037.120174998454
Score Improvement: 5.429605011535443E-4

Step Number: 15
Time Spent: 19.182613586 seconds
New Tree:
Tree: ((((((0,1),8),(7,2)),((3,4),(5,6))),((((24,25),((27,26),(23,22))),(21,(19,20))),(((29,(28,32)),(30,31)),((33,36),(34,35))))),(((10,11),(9,12)),(((18,17),(15,16)),(13,14))));
Tree Score: 13042.453700140271
Score Improvement: 4.091030127992834E-4

Step Number: 16
Time Spent: 19.122661339 seconds
New Tree:
Tree: ((((((8,1),0),(7,2)),((3,4),(5,6))),((((24,25),((27,26),(23,22))),(21,(19,20))),(((29,(28,32)),(30,31)),((33,36),(34,35))))),(((10,11),(9,12)),(((18,17),(15,16)),(13,14))));
Tree Score: 13047.719925273479
Score Improvement: 4.037756433170614E-4

Step Number: 17
Time Spent: 19.124247923 seconds
New Tree:
Tree: ((((((8,1),0),(7,2)),((3,4),(5,6))),((((24,25),((27,26),(23,22))),(20,(19,21))),(((29,(28,32)),(30,31)),((33,36),(34,35))))),(((10,11),(9,12)),(((18,17),(15,16)),(13,14))));
Tree Score: 13051.839375470568
Score Improvement: 3.1572184417516524E-4

Step Number: 18
Time Spent: 19.184833211 seconds
New Tree:
Tree: ((((((8,1),0),(7,2)),((3,4),(5,6))),((((24,25),((27,26),(23,22))),(20,(19,21))),(((32,(28,29)),(30,31)),((33,36),(34,35))))),(((10,11),(9,12)),(((18,17),(15,16)),(13,14))));
Tree Score: 13052.260875579705
Score Improvement: 3.229430710960379E-5

Step Number: 19
Time Spent: 19.167475837 seconds
New Tree:
Tree: ((((((8,1),0),(7,2)),((3,4),(5,6))),((((24,25),((27,26),(23,22))),(20,(19,21))),(((32,(30,31)),(28,29)),((33,36),(34,35))))),(((10,11),(9,12)),(((18,17),(15,16)),(13,14))));
Tree Score: 13076.577374984314
Score Improvement: 0.0018630105264065833

Step Number: 20
Time Spent: 19.091993054 seconds
New Tree:
Tree: ((((((8,1),0),(7,2)),((3,4),(5,6))),((((24,25),((27,26),(23,22))),(20,(19,21))),(((32,(30,31)),(28,29)),((33,36),(34,35))))),(((10,11),(9,12)),(((18,17),(15,16)),(13,14))));
Tree Score: 13076.577374984314
Score Improvement: 0.0

TOTAL STEPS: 20
TOTAL TIME: 384.567597119 seconds
Final tree: Tree: ((((((8,1),0),(7,2)),((3,4),(5,6))),((((24,25),((27,26),(23,22))),(20,(19,21))),(((32,(30,31)),(28,29)),((33,36),(34,35))))),(((10,11),(9,12)),(((18,17),(15,16)),(13,14))));
Tree Score: 13076.577374984314
Total Score Improvement: 0.3429569579552465

--------------ITERATION 4--------------
Input tree: (((0,(((1,2),3),4)),5),(((6,7),((((8,9),10),((11,((12,((13,14),15)),16)),17)),(((18,19),20),21))),((22,((23,(24,(25,26))),(27,28))),(29,((30,31),(32,((33,34),(35,36))))))));
Initial Score: 9211.632574579975

Step Number: 1
Time Spent: 18.975930739 seconds
New Tree:
Tree: (((0,(((1,2),3),4)),5),(((6,7),((((8,9),10),((11,((12,((13,14),15)),16)),17)),(((18,19),20),21))),(((23,(24,(25,26))),(22,(27,28))),(29,((30,31),(32,((33,34),(35,36))))))));
Tree Score: 9784.738373907114
Score Improvement: 0.06221544277706603

Step Number: 2
Time Spent: 18.967738286 seconds
New Tree:
Tree: (((0,5),(((1,2),3),4)),(((6,7),((((8,9),10),((11,((12,((13,14),15)),16)),17)),(((18,19),20),21))),(((23,(24,(25,26))),(22,(27,28))),(29,((30,31),(32,((33,34),(35,36))))))));
Tree Score: 10263.218349115754
Score Improvement: 0.04890064066348465

Step Number: 3
Time Spent: 18.867481612 seconds
New Tree:
Tree: (((0,5),(((1,2),3),4)),(((((8,9),10),((11,((12,((13,14),15)),16)),17)),((6,7),(((18,19),20),21))),(((23,(24,(25,26))),(22,(27,28))),(29,((30,31),(32,((33,34),(35,36))))))));
Tree Score: 10646.365374937175
Score Improvement: 0.0373320544090765

Step Number: 4
Time Spent: 18.812567158 seconds
New Tree:
Tree: (((0,5),(((1,2),3),4)),(((((8,9),10),((11,((12,((13,14),15)),16)),17)),(((18,19),20),((6,7),21))),(((23,(24,(25,26))),(22,(27,28))),(29,((30,31),(32,((33,34),(35,36))))))));
Tree Score: 11028.680025260795
Score Improvement: 0.035910344691309826

Step Number: 5
Time Spent: 18.804208203 seconds
New Tree:
Tree: (((0,5),(((1,2),3),4)),(((((8,9),10),((11,((12,((13,14),15)),16)),17)),(((18,19),20),((6,7),21))),(((23,(24,(25,26))),(22,(27,28))),((32,((33,34),(35,36))),((30,31),29)))));
Tree Score: 11288.204175438632
Score Improvement: 0.02353175081545622

Step Number: 6
Time Spent: 18.973285709 seconds
New Tree:
Tree: ((((1,2),3),((0,5),4)),(((((8,9),10),((11,((12,((13,14),15)),16)),17)),(((18,19),20),((6,7),21))),(((23,(24,(25,26))),(22,(27,28))),((32,((33,34),(35,36))),((30,31),29)))));
Tree Score: 11487.598924301465
Score Improvement: 0.01766399205435043

Step Number: 7
Time Spent: 18.999264851 seconds
New Tree:
Tree: ((((1,2),3),((0,5),4)),(((((8,9),10),((11,((12,((13,14),15)),16)),17)),(((18,19),20),((6,7),21))),(((23,(24,(25,26))),(22,(27,28))),((32,((30,31),29)),((33,34),(35,36))))));
Tree Score: 11622.713924454425
Score Improvement: 0.011761813851903558

Step Number: 8
Time Spent: 18.973837386 seconds
New Tree:
Tree: ((((1,2),3),((0,5),4)),(((((8,9),10),((11,17),((12,((13,14),15)),16))),(((18,19),20),((6,7),21))),(((23,(24,(25,26))),(22,(27,28))),((32,((30,31),29)),((33,34),(35,36))))));
Tree Score: 11756.427049494796
Score Improvement: 0.011504466677015657

Step Number: 9
Time Spent: 19.251042469 seconds
New Tree:
Tree: ((((1,2),3),((0,5),4)),(((((12,((13,14),15)),16),((11,17),((8,9),10))),(((18,19),20),((6,7),21))),(((23,(24,(25,26))),(22,(27,28))),((32,((30,31),29)),((33,34),(35,36))))));
Tree Score: 12082.539125005256
Score Improvement: 0.027739046407341483

Step Number: 10
Time Spent: 19.619130478 seconds
New Tree:
Tree: ((((1,2),3),((0,5),4)),(((((12,16),((13,14),15)),((11,17),((8,9),10))),(((18,19),20),((6,7),21))),(((23,(24,(25,26))),(22,(27,28))),((32,((30,31),29)),((33,34),(35,36))))));
Tree Score: 12220.628274756025
Score Improvement: 0.011428818754245729

Step Number: 11
Time Spent: 19.547189416 seconds
New Tree:
Tree: ((((1,2),3),((0,5),4)),(((((12,16),((13,14),15)),((11,17),((8,9),10))),((((6,7),21),20),(18,19))),(((23,(24,(25,26))),(22,(27,28))),((32,((30,31),29)),((33,34),(35,36))))));
Tree Score: 12327.713749098584
Score Improvement: 0.008762681585182008

Step Number: 12
Time Spent: 19.67833221 seconds
New Tree:
Tree: ((((1,2),3),((0,5),4)),(((((12,16),((13,14),15)),((11,17),((8,9),10))),((((6,7),21),20),(18,19))),(((23,(24,(25,26))),(22,(27,28))),(((30,31),(32,29)),((33,34),(35,36))))));
Tree Score: 12421.282999192357
Score Improvement: 0.007590154346390099

Step Number: 13
Time Spent: 19.684153412 seconds
New Tree:
Tree: ((((1,2),3),((0,5),4)),(((((23,(24,(25,26))),(22,(27,28))),(((30,31),(32,29)),((33,34),(35,36)))),((((6,7),21),20),(18,19))),(((12,16),((13,14),15)),((11,17),((8,9),10)))));
Tree Score: 12510.791998486078
Score Improvement: 0.007206099345739236

Step Number: 14
Time Spent: 19.915311228 seconds
New Tree:
Tree: ((((1,2),3),((0,5),4)),(((((23,(24,(25,26))),(22,(27,28))),((((6,7),21),20),(18,19))),(((30,31),(32,29)),((33,34),(35,36)))),(((12,16),((13,14),15)),((11,17),((8,9),10)))));
Tree Score: 12605.663722648409
Score Improvement: 0.0075831909102006545

Step Number: 15
Time Spent: 19.878014516 seconds
New Tree:
Tree: ((((1,2),3),((0,5),4)),(((((23,(24,(25,26))),(22,(27,28))),((((6,7),21),20),(18,19))),(((12,16),((13,14),15)),((11,17),((8,9),10)))),(((30,31),(32,29)),((33,34),(35,36)))));
Tree Score: 12980.320898255544
Score Improvement: 0.029721336682493993

Step Number: 16
Time Spent: 19.927680748 seconds
New Tree:
Tree: ((((1,2),3),((0,5),4)),(((((23,(22,(27,28))),(24,(25,26))),((((6,7),21),20),(18,19))),(((12,16),((13,14),15)),((11,17),((8,9),10)))),(((30,31),(32,29)),((33,34),(35,36)))));
Tree Score: 13083.97769887196
Score Improvement: 0.007985688599605245

Step Number: 17
Time Spent: 19.89061123 seconds
New Tree:
Tree: ((((1,2),3),((0,5),4)),(((((23,(22,(27,28))),(24,(25,26))),(((20,21),(6,7)),(18,19))),(((12,16),((13,14),15)),((11,17),((8,9),10)))),(((30,31),(32,29)),((33,34),(35,36)))));
Tree Score: 13160.140224097406
Score Improvement: 0.005821052815766503

Step Number: 18
Time Spent: 19.795892761 seconds
New Tree:
Tree: ((((1,2),3),((0,5),4)),(((((23,(22,(27,28))),(24,(25,26))),(((20,21),(6,7)),(18,19))),(((13,14),((12,16),15)),((11,17),((8,9),10)))),(((30,31),(32,29)),((33,34),(35,36)))));
Tree Score: 13206.627049707917
Score Improvement: 0.0035323959181976505

Step Number: 19
Time Spent: 19.796540957 seconds
New Tree:
Tree: ((((3,2),1),((0,5),4)),(((((23,(22,(27,28))),(24,(25,26))),(((20,21),(6,7)),(18,19))),(((13,14),((12,16),15)),((11,17),((8,9),10)))),(((30,31),(32,29)),((33,34),(35,36)))));
Tree Score: 13247.086974865633
Score Improvement: 0.0030636077633925396

Step Number: 20
Time Spent: 19.829045998 seconds
New Tree:
Tree: ((((3,2),1),((0,5),4)),((((((27,28),(22,23)),(24,(25,26))),(((20,21),(6,7)),(18,19))),(((13,14),((12,16),15)),((11,17),((8,9),10)))),(((30,31),(32,29)),((33,34),(35,36)))));
Tree Score: 13270.777199737138
Score Improvement: 0.0017883346668179367

Step Number: 21
Time Spent: 19.852339254 seconds
New Tree:
Tree: ((((3,2),1),((0,5),4)),((((((27,28),(22,23)),(24,(25,26))),(((20,21),(6,7)),(18,19))),(((13,14),((15,16),12)),((11,17),((8,9),10)))),(((30,31),(32,29)),((33,34),(35,36)))));
Tree Score: 13286.565499789423
Score Improvement: 0.0011897042512776235

Step Number: 22
Time Spent: 19.818619883 seconds
New Tree:
Tree: ((((3,2),1),((0,5),4)),((((((27,28),(22,23)),(24,(25,26))),(((20,21),(6,7)),(18,19))),(((13,14),((15,16),12)),((8,9),((11,17),10)))),(((30,31),(32,29)),((33,34),(35,36)))));
Tree Score: 13300.766324924447
Score Improvement: 0.0010688108326601942

Step Number: 23
Time Spent: 19.842827011 seconds
New Tree:
Tree: ((((3,2),1),((0,5),4)),((((((27,28),(22,23)),(24,(25,26))),(((20,21),(6,7)),(18,19))),(((13,14),((15,16),12)),((8,9),((11,10),17)))),(((30,31),(32,29)),((33,34),(35,36)))));
Tree Score: 13309.961349962083
Score Improvement: 6.913154334877714E-4

Step Number: 24
Time Spent: 19.860153865 seconds
New Tree:
Tree: ((((3,2),1),((0,4),5)),((((((27,28),(22,23)),(24,(25,26))),(((20,21),(6,7)),(18,19))),(((13,14),((15,16),12)),((8,9),((11,10),17)))),(((30,31),(32,29)),((33,34),(35,36)))));
Tree Score: 13311.616874980544
Score Improvement: 1.2438240614920382E-4

Step Number: 25
Time Spent: 19.869070292 seconds
New Tree:
Tree: ((((3,2),1),((0,4),5)),((((((27,28),(22,23)),(24,(25,26))),(((20,21),(6,7)),(18,19))),(((13,14),((15,16),12)),((8,9),((11,10),17)))),(((30,31),(32,29)),((33,34),(35,36)))));
Tree Score: 13311.616874980544
Score Improvement: 0.0

TOTAL STEPS: 25
TOTAL TIME: 487.430269672 seconds
Final tree: Tree: ((((3,2),1),((0,4),5)),((((((27,28),(22,23)),(24,(25,26))),(((20,21),(6,7)),(18,19))),(((13,14),((15,16),12)),((8,9),((11,10),17)))),(((30,31),(32,29)),((33,34),(35,36)))));
Tree Score: 13311.616874980544
Total Score Improvement: 0.4450876939788837

--------------ITERATION 5--------------
Input tree: ((((0,((1,2),((3,(4,((5,6),7))),((8,(9,10)),(11,(12,13)))))),(((14,(15,16)),((17,18),19)),20)),(((((21,((22,23),24)),(25,26)),(27,(28,(29,30)))),(31,(32,33))),34)),(35,36));
Initial Score: 7190.591698376644

Step Number: 1
Time Spent: 21.328585291 seconds
New Tree:
Tree: ((((((3,(4,((5,6),7))),((8,(9,10)),(11,(12,13)))),((1,2),0)),(((14,(15,16)),((17,18),19)),20)),(((((21,((22,23),24)),(25,26)),(27,(28,(29,30)))),(31,(32,33))),34)),(35,36));
Tree Score: 8563.366498406227
Score Improvement: 0.1909126338434015

Step Number: 2
Time Spent: 21.650228636 seconds
New Tree:
Tree: ((34,(((((21,((22,23),24)),(25,26)),(27,(28,(29,30)))),(31,(32,33))),((((3,(4,((5,6),7))),((8,(9,10)),(11,(12,13)))),((1,2),0)),(((14,(15,16)),((17,18),19)),20)))),(35,36));
Tree Score: 9800.02347435215
Score Improvement: 0.14441247798702572

Step Number: 3
Time Spent: 21.061671391 seconds
New Tree:
Tree: ((34,(((((21,((22,23),24)),(25,26)),(27,(28,(29,30)))),((((3,(4,((5,6),7))),((8,(9,10)),(11,(12,13)))),((1,2),0)),(((14,(15,16)),((17,18),19)),20))),(31,(32,33)))),(35,36));
Tree Score: 10679.534948426946
Score Improvement: 0.08974585381112443

Step Number: 4
Time Spent: 21.530329311 seconds
New Tree:
Tree: ((34,(((((21,((22,23),24)),(25,26)),(27,(28,(29,30)))),((((3,(4,((5,6),7))),((1,2),0)),((8,(9,10)),(11,(12,13)))),(((14,(15,16)),((17,18),19)),20))),(31,(32,33)))),(35,36));
Tree Score: 11545.126549349814
Score Improvement: 0.08105143202423482

Step Number: 5
Time Spent: 21.425084923 seconds
New Tree:
Tree: ((34,(((((14,(15,16)),((17,18),19)),20),((((3,(4,((5,6),7))),((1,2),0)),((8,(9,10)),(11,(12,13)))),(((21,((22,23),24)),(25,26)),(27,(28,(29,30)))))),(31,(32,33)))),(35,36));
Tree Score: 12070.191975547015
Score Improvement: 0.045479399810196997

Step Number: 6
Time Spent: 21.334463342 seconds
New Tree:
Tree: ((34,(((((14,(15,16)),((17,18),19)),20),((((((5,6),7),(4,3)),((1,2),0)),((8,(9,10)),(11,(12,13)))),(((21,((22,23),24)),(25,26)),(27,(28,(29,30)))))),(31,(32,33)))),(35,36));
Tree Score: 12192.814299671707
Score Improvement: 0.010159103050979779

Step Number: 7
Time Spent: 21.475924628 seconds
New Tree:
Tree: ((34,(((((14,(15,16)),((17,18),19)),20),((((((5,6),7),(4,3)),((1,2),0)),((8,(9,10)),(11,(12,13)))),(((21,((22,23),24)),(25,26)),((29,30),(28,27))))),(31,(32,33)))),(35,36));
Tree Score: 12301.483549364639
Score Improvement: 0.008912564976558235

Step Number: 8
Time Spent: 21.541703174 seconds
New Tree:
Tree: ((34,(((((14,(15,16)),20),((17,18),19)),((((((5,6),7),(4,3)),((1,2),0)),((8,(9,10)),(11,(12,13)))),(((21,((22,23),24)),(25,26)),((29,30),(28,27))))),(31,(32,33)))),(35,36));
Tree Score: 12368.25472457891
Score Improvement: 0.0054278961514133695

Step Number: 9
Time Spent: 21.447503904 seconds
New Tree:
Tree: ((34,(((((14,20),(15,16)),((17,18),19)),((((((5,6),7),(4,3)),((1,2),0)),((8,(9,10)),(11,(12,13)))),(((21,((22,23),24)),(25,26)),((29,30),(28,27))))),(31,(32,33)))),(35,36));
Tree Score: 12508.443724542092
Score Improvement: 0.011334582209451938

Step Number: 10
Time Spent: 21.400763464 seconds
New Tree:
Tree: ((34,(((((((((5,6),7),(4,3)),((1,2),0)),((8,(9,10)),(11,(12,13)))),(((21,((22,23),24)),(25,26)),((29,30),(28,27)))),((17,18),19)),((14,20),(15,16))),(31,(32,33)))),(35,36));
Tree Score: 12619.13534885649
Score Improvement: 0.008849352225746232

Step Number: 11
Time Spent: 22.744987264 seconds
New Tree:
Tree: ((34,(((((((((5,6),7),(4,3)),((1,2),0)),((8,(9,10)),(11,(12,13)))),(((21,(25,26)),((22,23),24)),((29,30),(28,27)))),((17,18),19)),((14,20),(15,16))),(31,(32,33)))),(35,36));
Tree Score: 12669.434573555289
Score Improvement: 0.0039859485858797505

Step Number: 12
Time Spent: 22.727559001 seconds
New Tree:
Tree: ((34,(((((((((5,6),7),(4,3)),((1,0),2)),((8,(9,10)),(11,(12,13)))),(((21,(25,26)),((22,23),24)),((29,30),(28,27)))),((17,18),19)),((14,20),(15,16))),(31,(32,33)))),(35,36));
Tree Score: 12690.67579849988
Score Improvement: 0.0016765724485390265

Step Number: 13
Time Spent: 22.842609595 seconds
New Tree:
Tree: ((34,(((((((((5,6),7),(4,3)),((1,0),2)),((8,(9,10)),(11,(12,13)))),(((21,(25,26)),((24,23),22)),((29,30),(28,27)))),((17,18),19)),((14,20),(15,16))),(31,(32,33)))),(35,36));
Tree Score: 12708.474323282873
Score Improvement: 0.0014024883359715634

Step Number: 14
Time Spent: 22.848819184 seconds
New Tree:
Tree: ((34,(((((((((5,6),7),(4,3)),((1,0),2)),((8,(9,10)),(11,(12,13)))),(((26,(25,21)),((24,23),22)),((29,30),(28,27)))),((17,18),19)),((14,20),(15,16))),(31,(32,33)))),(35,36));
Tree Score: 12725.975923418922
Score Improvement: 0.0013771598140608354

Step Number: 15
Time Spent: 22.864218977 seconds
New Tree:
Tree: ((34,(((((((((5,6),7),(4,3)),((1,0),2)),((8,(9,10)),(11,(12,13)))),(((26,(25,21)),((24,23),22)),((29,30),(28,27)))),((17,18),19)),((14,20),(15,16))),(32,(31,33)))),(35,36));
Tree Score: 12733.905097942723
Score Improvement: 6.230700554139545E-4

Step Number: 16
Time Spent: 22.809046598 seconds
New Tree:
Tree: ((34,(((32,(31,33)),((14,20),(15,16))),(((((((5,6),7),(4,3)),((1,0),2)),((8,(9,10)),(11,(12,13)))),(((26,(25,21)),((24,23),22)),((29,30),(28,27)))),((17,18),19)))),(35,36));
Tree Score: 12746.199599092022
Score Improvement: 9.654933859437609E-4

Step Number: 17
Time Spent: 21.424451811 seconds
New Tree:
Tree: ((34,(((32,(31,33)),((14,20),(15,16))),(((((((5,6),7),(4,3)),((1,0),2)),((9,(8,10)),(11,(12,13)))),(((26,(25,21)),((24,23),22)),((29,30),(28,27)))),((17,18),19)))),(35,36));
Tree Score: 12746.388374031649
Score Improvement: 1.4810292131350877E-5

Step Number: 18
Time Spent: 21.422828001 seconds
New Tree:
Tree: ((34,(((32,(31,33)),((14,20),(15,16))),(((((((5,6),7),(4,3)),((1,0),2)),((9,(8,10)),(13,(12,11)))),(((26,(25,21)),((24,23),22)),((29,30),(28,27)))),((17,18),19)))),(35,36));
Tree Score: 12746.43134898612
Score Improvement: 3.3715397027567207E-6

Step Number: 19
Time Spent: 21.41943595 seconds
New Tree:
Tree: ((34,(((32,(31,33)),((14,20),(15,16))),(((((((5,6),7),(4,3)),((1,0),2)),((9,(8,10)),(13,(12,11)))),(((26,(25,21)),((24,23),22)),((29,30),(28,27)))),((17,18),19)))),(35,36));
Tree Score: 12746.43134898612
Score Improvement: 0.0

TOTAL STEPS: 19
TOTAL TIME: 415.300214445 seconds
Final tree: Tree: ((34,(((32,(31,33)),((14,20),(15,16))),(((((((5,6),7),(4,3)),((1,0),2)),((9,(8,10)),(13,(12,11)))),(((26,(25,21)),((24,23),22)),((29,30),(28,27)))),((17,18),19)))),(35,36));
Tree Score: 12746.43134898612
Total Score Improvement: 0.7726540295513884

--------------ITERATION 6--------------
Input tree: ((0,(1,((2,3),4))),(((5,(6,((7,8),9))),(((10,11),12),((13,(14,15)),16))),(((17,(18,19)),((((20,(21,(22,(23,24)))),(25,(26,(27,28)))),(29,30)),(31,32))),(33,(34,(35,36))))));
Initial Score: 9875.37425018847

Step Number: 1
Time Spent: 20.238179171 seconds
New Tree:
Tree: ((0,(1,((2,3),4))),((33,(34,(35,36))),(((17,(18,19)),((((20,(21,(22,(23,24)))),(25,(26,(27,28)))),(29,30)),(31,32))),((5,(6,((7,8),9))),(((10,11),12),((13,(14,15)),16))))));
Tree Score: 12559.952075405046
Score Improvement: 0.2718456796880728

Step Number: 2
Time Spent: 20.378554355 seconds
New Tree:
Tree: ((0,(1,((2,3),4))),((33,(34,(35,36))),(((((20,(21,(22,(23,24)))),(25,(26,(27,28)))),(29,30)),((17,(18,19)),(31,32))),((5,(6,((7,8),9))),(((10,11),12),((13,(14,15)),16))))));
Tree Score: 13967.264198764693
Score Improvement: 0.11204757111418062

Step Number: 3
Time Spent: 20.368722727 seconds
New Tree:
Tree: ((0,(1,((2,3),4))),((33,(34,(35,36))),(((((17,(18,19)),(31,32)),(29,30)),((20,(21,(22,(23,24)))),(25,(26,(27,28))))),((5,(6,((7,8),9))),(((10,11),12),((13,(14,15)),16))))));
Tree Score: 14333.312725276803
Score Improvement: 0.02620760381581988

Step Number: 4
Time Spent: 20.026450291 seconds
New Tree:
Tree: ((0,(1,((2,3),4))),((33,(34,(35,36))),(((((29,30),(31,32)),(17,(18,19))),((20,(21,(22,(23,24)))),(25,(26,(27,28))))),((5,(6,((7,8),9))),(((10,11),12),((13,(14,15)),16))))));
Tree Score: 14533.835127330502
Score Improvement: 0.013989955141359367

Step Number: 5
Time Spent: 19.964108286 seconds
New Tree:
Tree: (((((((29,30),(31,32)),(17,(18,19))),((20,(21,(22,(23,24)))),(25,(26,(27,28))))),((5,(6,((7,8),9))),(((10,11),12),((13,(14,15)),16)))),(1,((2,3),4))),((33,(34,(35,36))),0));
Tree Score: 14719.14760300063
Score Improvement: 0.012750418182579715

Step Number: 6
Time Spent: 20.993554208 seconds
New Tree:
Tree: (((((((29,30),(31,32)),(17,(18,19))),((20,(21,(22,(23,24)))),(25,(26,(27,28))))),((((7,8),9),(6,5)),(((10,11),12),((13,(14,15)),16)))),(1,((2,3),4))),((33,(34,(35,36))),0));
Tree Score: 14884.988902773359
Score Improvement: 0.011267045092945516

Step Number: 7
Time Spent: 21.262877215 seconds
New Tree:
Tree: (((((((29,30),(31,32)),(17,(18,19))),((20,(21,(22,(23,24)))),((27,28),(26,25)))),((((7,8),9),(6,5)),(((10,11),12),((13,(14,15)),16)))),(1,((2,3),4))),((33,(34,(35,36))),0));
Tree Score: 15035.545702234027
Score Improvement: 0.010114673275477992

Step Number: 8
Time Spent: 20.946957571 seconds
New Tree:
Tree: (((((((29,30),(31,32)),(17,(18,19))),(((22,(23,24)),(21,20)),((27,28),(26,25)))),((((7,8),9),(6,5)),(((10,11),12),((13,(14,15)),16)))),(1,((2,3),4))),((33,(34,(35,36))),0));
Tree Score: 15185.085226983414
Score Improvement: 0.00994573311211222

Step Number: 9
Time Spent: 20.996509333 seconds
New Tree:
Tree: (((((((29,30),(31,32)),(17,(18,19))),(((22,(23,24)),(21,20)),((27,28),(26,25)))),((((7,8),9),(6,5)),(((10,11),12),((13,(14,15)),16)))),((2,3),(1,4))),((33,(34,(35,36))),0));
Tree Score: 15290.034876593272
Score Improvement: 0.006911363883777666

Step Number: 10
Time Spent: 20.99981087 seconds
New Tree:
Tree: (((((((29,30),(31,32)),(17,(18,19))),(((22,(23,24)),(21,20)),((27,28),(26,25)))),((((7,8),9),(6,5)),(((10,11),12),((13,16),(14,15))))),((2,3),(1,4))),((33,(34,(35,36))),0));
Tree Score: 15385.47805178992
Score Improvement: 0.00624218165406254

Step Number: 11
Time Spent: 21.011632346 seconds
New Tree:
Tree: (((((((29,30),(31,32)),(17,(18,19))),(((22,(23,24)),(21,20)),((27,28),(26,25)))),((((6,5),9),(7,8)),(((10,11),12),((13,16),(14,15))))),((2,3),(1,4))),((33,(34,(35,36))),0));
Tree Score: 15459.580927066854
Score Improvement: 0.004816416820295988

Step Number: 12
Time Spent: 21.020134893 seconds
New Tree:
Tree: (((((((29,30),(31,32)),(17,(18,19))),(((22,(23,24)),(21,20)),((27,28),(26,25)))),((((6,5),9),(7,8)),(((10,11),12),((13,16),(14,15))))),((2,3),(1,4))),((33,0),(34,(35,36))));
Tree Score: 15519.899077182985
Score Improvement: 0.0039016678654286707

Step Number: 13
Time Spent: 20.973681849 seconds
New Tree:
Tree: (((((((29,30),(31,32)),(17,(18,19))),(((22,(23,24)),(21,20)),((27,28),(26,25)))),((((6,5),9),(7,8)),(((10,11),12),((13,16),(14,15))))),((2,3),(1,4))),((35,36),(34,(33,0))));
Tree Score: 15557.790477088885
Score Improvement: 0.002441472055807914

Step Number: 14
Time Spent: 20.975403647 seconds
New Tree:
Tree: (((((((29,30),(31,32)),(17,(18,19))),(((22,(23,24)),(21,20)),((27,28),(26,25)))),(((13,16),(14,15)),(((10,11),12),(((6,5),9),(7,8))))),((2,3),(1,4))),((35,36),(34,(33,0))));
Tree Score: 15581.923825880745
Score Improvement: 0.0015512066978533579

Step Number: 15
Time Spent: 20.975948758 seconds
New Tree:
Tree: ((((((18,19),(17,((29,30),(31,32)))),(((22,(23,24)),(21,20)),((27,28),(26,25)))),(((13,16),(14,15)),(((10,11),12),(((6,5),9),(7,8))))),((2,3),(1,4))),((35,36),(34,(33,0))));
Tree Score: 15601.834323727946
Score Improvement: 0.001277794582343672

Step Number: 16
Time Spent: 20.791359572 seconds
New Tree:
Tree: ((((((18,19),((29,30),(17,(31,32)))),(((22,(23,24)),(21,20)),((27,28),(26,25)))),(((13,16),(14,15)),(((10,11),12),(((6,5),9),(7,8))))),((2,3),(1,4))),((35,36),(34,(33,0))));
Tree Score: 15699.362198347544
Score Improvement: 0.006251051805573393

Step Number: 17
Time Spent: 20.793400334 seconds
New Tree:
Tree: ((((((18,19),((29,30),(17,(31,32)))),(((22,(23,24)),(21,20)),((27,28),(26,25)))),(((13,16),(14,15)),(((10,11),12),(((6,5),9),(7,8))))),((2,3),(1,4))),((35,36),(33,(34,0))));
Tree Score: 15716.18567355754
Score Improvement: 0.0010716024636827637

Step Number: 18
Time Spent: 20.828139599 seconds
New Tree:
Tree: ((((((18,19),((29,30),(17,(31,32)))),(((24,(23,22)),(21,20)),((27,28),(26,25)))),(((13,16),(14,15)),(((10,11),12),(((6,5),9),(7,8))))),((2,3),(1,4))),((35,36),(33,(34,0))));
Tree Score: 15729.213548650352
Score Improvement: 8.289463718116341E-4

Step Number: 19
Time Spent: 20.819134752 seconds
New Tree:
Tree: ((((((18,19),((29,30),(17,(31,32)))),(((24,(23,22)),(21,20)),((27,28),(26,25)))),(((13,16),(14,15)),(((10,11),12),(((6,9),5),(7,8))))),((2,3),(1,4))),((35,36),(33,(34,0))));
Tree Score: 15737.451748722551
Score Improvement: 5.237515560914119E-4

Step Number: 20
Time Spent: 20.884070663 seconds
New Tree:
Tree: ((((((17,(31,32)),((29,30),(18,19))),(((24,(23,22)),(21,20)),((27,28),(26,25)))),(((13,16),(14,15)),(((10,11),12),(((6,9),5),(7,8))))),((2,3),(1,4))),((35,36),(33,(34,0))));
Tree Score: 15743.74852395538
Score Improvement: 4.0011402947381924E-4

Step Number: 21
Time Spent: 21.123427568 seconds
New Tree:
Tree: ((((((32,(31,17)),((29,30),(18,19))),(((24,(23,22)),(21,20)),((27,28),(26,25)))),(((13,16),(14,15)),(((10,11),12),(((6,9),5),(7,8))))),((2,3),(1,4))),((35,36),(33,(34,0))));
Tree Score: 15752.704849139382
Score Improvement: 5.688813671262949E-4

Step Number: 22
Time Spent: 21.034234801 seconds
New Tree:
Tree: ((((((32,(31,17)),((29,30),(18,19))),(((24,(23,22)),(21,20)),((27,28),(26,25)))),(((13,16),(14,15)),(((10,11),12),(((6,9),5),(7,8))))),((2,3),(1,4))),((34,0),(33,(35,36))));
Tree Score: 15753.994023898094
Score Improvement: 8.183831101127303E-5

Step Number: 23
Time Spent: 20.900356044 seconds
New Tree:
Tree: ((((((32,(31,17)),((29,30),(18,19))),(((24,(23,22)),(21,20)),((27,28),(26,25)))),(((13,16),(14,15)),(((12,11),10),(((6,9),5),(7,8))))),((2,3),(1,4))),((34,0),(33,(35,36))));
Tree Score: 15754.207748816758
Score Improvement: 1.356639581939767E-5

Step Number: 24
Time Spent: 21.342540557 seconds
New Tree:
Tree: ((((((32,(31,17)),((29,30),(18,19))),(((24,(23,22)),(21,20)),((27,28),(26,25)))),(((13,16),(14,15)),(((12,11),10),(((6,9),5),(7,8))))),((2,3),(1,4))),((34,0),(33,(35,36))));
Tree Score: 15754.207748816758
Score Improvement: 0.0

TOTAL STEPS: 24
TOTAL TIME: 499.64918941 seconds
Final tree: Tree: ((((((32,(31,17)),((29,30),(18,19))),(((24,(23,22)),(21,20)),((27,28),(26,25)))),(((13,16),(14,15)),(((12,11),10),(((6,9),5),(7,8))))),((2,3),(1,4))),((34,0),(33,(35,36))));
Tree Score: 15754.207748816758
Total Score Improvement: 0.5953023500366168

--------------ITERATION 7--------------
Input tree: ((((0,(1,2)),(3,(4,(5,6)))),((7,(8,(9,10))),(((11,12),13),(((14,15),16),(17,(18,19)))))),((20,((21,22),23)),(((24,(25,26)),((27,(28,29)),(30,31))),(((32,(33,34)),35),36))));
Initial Score: 11652.331525998794

Step Number: 1
Time Spent: 19.761747078 seconds
New Tree:
Tree: ((((0,(1,2)),(3,(4,(5,6)))),((7,(8,(9,10))),(((11,12),13),(((14,15),16),(17,(18,19)))))),(((24,(25,26)),((27,(28,29)),(30,31))),((20,((21,22),23)),(((32,(33,34)),35),36))));
Tree Score: 12805.303899644081
Score Improvement: 0.0989477832031096

Step Number: 2
Time Spent: 19.441186201 seconds
New Tree:
Tree: ((((0,(1,2)),(3,(4,(5,6)))),((7,(8,(9,10))),((17,(18,19)),(((14,15),16),((11,12),13))))),(((24,(25,26)),((27,(28,29)),(30,31))),((20,((21,22),23)),(((32,(33,34)),35),36))));
Tree Score: 12976.489925611953
Score Improvement: 0.013368368865703362

Step Number: 3
Time Spent: 19.413670761 seconds
New Tree:
Tree: ((((0,(1,2)),(3,(4,(5,6)))),((((14,15),16),((11,12),13)),((17,(18,19)),(7,(8,(9,10)))))),(((24,(25,26)),((27,(28,29)),(30,31))),((20,((21,22),23)),(((32,(33,34)),35),36))));
Tree Score: 13183.407399578922
Score Improvement: 0.01594556580039197

Step Number: 4
Time Spent: 19.449830947 seconds
New Tree:
Tree: ((((0,(1,2)),(3,(4,(5,6)))),((((14,15),16),((11,12),13)),((17,(18,19)),((9,10),(8,7))))),(((24,(25,26)),((27,(28,29)),(30,31))),((20,((21,22),23)),(((32,(33,34)),35),36))));
Tree Score: 13296.637574515276
Score Improvement: 0.008588839857893715

Step Number: 5
Time Spent: 19.451528578 seconds
New Tree:
Tree: ((((0,(1,2)),(3,(4,(5,6)))),((((14,15),16),((11,12),13)),((17,(18,19)),((9,10),(8,7))))),(((24,(25,26)),((27,(28,29)),(30,31))),(((21,22),(20,23)),(((32,(33,34)),35),36))));
Tree Score: 13408.718699752324
Score Improvement: 0.00842928331384063

Step Number: 6
Time Spent: 19.455025811 seconds
New Tree:
Tree: ((((0,(1,2)),(3,(4,(5,6)))),((((14,15),16),((11,12),13)),((17,(18,19)),((9,10),(8,7))))),(((24,(25,26)),((27,(28,29)),(30,31))),(((21,22),(20,23)),((36,35),(32,(33,34))))));
Tree Score: 13513.516875356407
Score Improvement: 0.00781567411105577

Step Number: 7
Time Spent: 19.310140836 seconds
New Tree:
Tree: ((((0,(1,2)),((5,6),(4,3))),((((14,15),16),((11,12),13)),((17,(18,19)),((9,10),(8,7))))),(((24,(25,26)),((27,(28,29)),(30,31))),(((21,22),(20,23)),((36,35),(32,(33,34))))));
Tree Score: 13569.637099770218
Score Improvement: 0.0041528955734797535

Step Number: 8
Time Spent: 19.359180731 seconds
New Tree:
Tree: ((((0,(1,2)),((5,6),(4,3))),((((14,15),16),((11,13),12)),((17,(18,19)),((9,10),(8,7))))),(((24,(25,26)),((27,(28,29)),(30,31))),(((21,22),(20,23)),((36,35),(32,(33,34))))));
Tree Score: 13594.383024820447
Score Improvement: 0.001823624675316271

Step Number: 9
Time Spent: 19.360729881 seconds
New Tree:
Tree: ((((2,(1,0)),((5,6),(4,3))),((((14,15),16),((11,13),12)),((17,(18,19)),((9,10),(8,7))))),(((24,(25,26)),((27,(28,29)),(30,31))),(((21,22),(20,23)),((36,35),(32,(33,34))))));
Tree Score: 13610.464749732375
Score Improvement: 0.0011829683541038083

Step Number: 10
Time Spent: 19.369635134 seconds
New Tree:
Tree: ((((2,(1,0)),((5,6),(4,3))),((((14,15),16),((11,13),12)),((19,(18,17)),((9,10),(8,7))))),(((24,(25,26)),((27,(28,29)),(30,31))),(((21,22),(20,23)),((36,35),(32,(33,34))))));
Tree Score: 13623.270123922586
Score Improvement: 9.408476804926291E-4

Step Number: 11
Time Spent: 19.376679325 seconds
New Tree:
Tree: ((((2,(1,0)),((5,6),(4,3))),((((14,15),16),((11,13),12)),((19,(18,17)),((9,10),(8,7))))),(((24,(25,26)),((27,(30,31)),(28,29))),(((21,22),(20,23)),((36,35),(32,(33,34))))));
Tree Score: 13630.185323809594
Score Improvement: 5.076020532592818E-4

Step Number: 12
Time Spent: 19.379531085 seconds
New Tree:
Tree: ((((2,(1,0)),((5,6),(4,3))),((((14,15),16),((11,13),12)),((19,(18,17)),((9,10),(8,7))))),(((24,(25,26)),((31,(30,27)),(28,29))),(((21,22),(20,23)),((36,35),(32,(33,34))))));
Tree Score: 13636.584699009865
Score Improvement: 4.69500234093978E-4

Step Number: 13
Time Spent: 19.399921806 seconds
New Tree:
Tree: ((((2,(1,0)),((5,6),(4,3))),((((14,15),16),((11,13),12)),((19,(18,17)),((9,10),(8,7))))),(((24,(25,26)),((31,(28,29)),(30,27))),(((21,22),(20,23)),((36,35),(32,(33,34))))));
Tree Score: 13640.014973847516
Score Improvement: 2.515494101613669E-4

Step Number: 14
Time Spent: 19.399256359 seconds
New Tree:
Tree: ((((2,(1,0)),((5,6),(4,3))),((((14,15),16),((11,13),12)),((19,(18,17)),((9,10),(8,7))))),(((24,(25,26)),((31,(28,29)),(30,27))),(((21,22),(20,23)),((33,34),(32,(36,35))))));
Tree Score: 13642.53714881299
Score Improvement: 1.849099850923519E-4

Step Number: 15
Time Spent: 19.372418378 seconds
New Tree:
Tree: ((((2,(1,0)),((5,6),(4,3))),((((14,15),16),((11,13),12)),((19,(18,17)),((9,10),(8,7))))),(((24,(25,26)),((31,(28,29)),(30,27))),(((21,22),(20,23)),((33,34),(36,(32,35))))));
Tree Score: 13646.705898901884
Score Improvement: 3.0557000090403186E-4

Step Number: 16
Time Spent: 20.020811795 seconds
New Tree:
Tree: ((((2,(1,0)),((5,6),(4,3))),((((14,15),16),((11,13),12)),((19,(18,17)),((9,10),(8,7))))),(((24,(25,26)),((31,(28,29)),(30,27))),(((21,22),(20,23)),((33,34),(36,(32,35))))));
Tree Score: 13646.705898901884
Score Improvement: 0.0

TOTAL STEPS: 16
TOTAL TIME: 311.321294706 seconds
Final tree: Tree: ((((2,(1,0)),((5,6),(4,3))),((((14,15),16),((11,13),12)),((19,(18,17)),((9,10),(8,7))))),(((24,(25,26)),((31,(28,29)),(30,27))),(((21,22),(20,23)),((33,34),(36,(32,35))))));
Tree Score: 13646.705898901884
Total Score Improvement: 0.17115667954119074

--------------ITERATION 8--------------
Input tree: ((((0,1),(2,3)),(4,((((5,(6,7)),8),9),(((10,11),12),13)))),((((14,15),((16,(17,18)),((19,((20,(21,22)),((((23,24),25),26),((27,28),29)))),((30,31),((32,33),34))))),35),36));
Initial Score: 6429.462451519617

Step Number: 1
Time Spent: 20.829248817 seconds
New Tree:
Tree: ((((0,1),(2,3)),(4,((((5,(6,7)),8),9),(((10,11),12),13)))),(((((19,((20,(21,22)),((((23,24),25),26),((27,28),29)))),((30,31),((32,33),34))),((16,(17,18)),(14,15))),35),36));
Tree Score: 7480.807901674229
Score Improvement: 0.16351996112927347

Step Number: 2
Time Spent: 21.238513642 seconds
New Tree:
Tree: ((((((5,(6,7)),8),9),(((10,11),12),13)),(4,((0,1),(2,3)))),(((((19,((20,(21,22)),((((23,24),25),26),((27,28),29)))),((30,31),((32,33),34))),((16,(17,18)),(14,15))),35),36));
Tree Score: 8438.523026468743
Score Improvement: 0.12802295385504747

Step Number: 3
Time Spent: 21.413034716 seconds
New Tree:
Tree: ((((((5,(6,7)),8),9),(((10,11),12),13)),(4,((0,1),(2,3)))),((36,35),(((19,((20,(21,22)),((((23,24),25),26),((27,28),29)))),((30,31),((32,33),34))),((16,(17,18)),(14,15)))));
Tree Score: 9225.685876121324
Score Improvement: 0.09328206454891719

Step Number: 4
Time Spent: 20.633394653 seconds
New Tree:
Tree: ((((((5,(6,7)),8),9),(((10,11),12),13)),(((19,((20,(21,22)),((((23,24),25),26),((27,28),29)))),((30,31),((32,33),34))),((16,(17,18)),(14,15)))),((36,35),(4,((0,1),(2,3)))));
Tree Score: 10762.288801914126
Score Improvement: 0.16655703938175082

Step Number: 5
Time Spent: 20.680551626 seconds
New Tree:
Tree: ((((((5,(6,7)),8),9),(((10,11),12),13)),(((((((23,24),25),26),((27,28),29)),((20,(21,22)),19)),((30,31),((32,33),34))),((16,(17,18)),(14,15)))),((36,35),(4,((0,1),(2,3)))));
Tree Score: 11538.901901319668
Score Improvement: 0.07216058904379308

Step Number: 6
Time Spent: 20.923472043 seconds
New Tree:
Tree: ((((((5,(6,7)),8),9),(((10,11),12),13)),((((16,(17,18)),(14,15)),((30,31),((32,33),34))),(((((23,24),25),26),((27,28),29)),((20,(21,22)),19)))),((36,35),(4,((0,1),(2,3)))));
Tree Score: 12479.29294962742
Score Improvement: 0.08149744718777807

Step Number: 7
Time Spent: 20.473883167 seconds
New Tree:
Tree: ((((((5,(6,7)),8),9),(((10,11),12),13)),((((16,(17,18)),(14,15)),((30,31),((32,33),34))),(((((23,24),25),26),((27,28),29)),((20,(21,22)),19)))),(((0,1),(2,3)),(4,(36,35))));
Tree Score: 12803.41362528058
Score Improvement: 0.025972679458801995

Step Number: 8
Time Spent: 20.425785081 seconds
New Tree:
Tree: ((((((5,(6,7)),8),9),(((10,11),12),13)),(((((23,24),25),26),((27,28),29)),((((16,(17,18)),(14,15)),((30,31),((32,33),34))),((20,(21,22)),19)))),(((0,1),(2,3)),(4,(36,35))));
Tree Score: 13006.040549333542
Score Improvement: 0.015826007811922116

Step Number: 9
Time Spent: 20.472968246 seconds
New Tree:
Tree: ((((((5,(6,7)),8),9),(((10,11),12),13)),(((((23,24),25),26),((27,28),29)),((((20,(21,22)),19),((30,31),((32,33),34))),((16,(17,18)),(14,15))))),(((0,1),(2,3)),(4,(36,35))));
Tree Score: 13233.11122568202
Score Improvement: 0.017458862709767153

Step Number: 10
Time Spent: 20.394953646 seconds
New Tree:
Tree: ((((((5,(6,7)),8),9),(((10,11),12),13)),(((((23,24),25),26),((27,28),29)),((((20,19),(21,22)),((30,31),((32,33),34))),((16,(17,18)),(14,15))))),(((0,1),(2,3)),(4,(36,35))));
Tree Score: 13358.964225592732
Score Improvement: 0.00951046188340543

Step Number: 11
Time Spent: 20.35029273 seconds
New Tree:
Tree: (((((9,8),(5,(6,7))),(((10,11),12),13)),(((((23,24),25),26),((27,28),29)),((((20,19),(21,22)),((30,31),((32,33),34))),((16,(17,18)),(14,15))))),(((0,1),(2,3)),(4,(36,35))));
Tree Score: 13468.12412606756
Score Improvement: 0.008171284736709028

Step Number: 12
Time Spent: 20.210072524 seconds
New Tree:
Tree: (((((9,8),(5,(6,7))),(((10,11),12),13)),((((26,25),(23,24)),((27,28),29)),((((20,19),(21,22)),((30,31),((32,33),34))),((16,(17,18)),(14,15))))),(((0,1),(2,3)),(4,(36,35))));
Tree Score: 13545.052926568955
Score Improvement: 0.005711916506063286

Step Number: 13
Time Spent: 20.146521217 seconds
New Tree:
Tree: (((((9,8),(5,(6,7))),((13,12),(10,11))),((((26,25),(23,24)),((27,28),29)),((((20,19),(21,22)),((30,31),((32,33),34))),((16,(17,18)),(14,15))))),(((0,1),(2,3)),(4,(36,35))));
Tree Score: 13620.120526586368
Score Improvement: 0.005542067677725138

Step Number: 14
Time Spent: 20.060663092 seconds
New Tree:
Tree: (((((9,8),(5,(6,7))),((13,12),(10,11))),((((26,25),(23,24)),((27,28),29)),((((20,19),(21,22)),((30,31),((32,33),34))),((18,(17,16)),(14,15))))),(((0,1),(2,3)),(4,(36,35))));
Tree Score: 13647.641876611358
Score Improvement: 0.002020639242602096

Step Number: 15
Time Spent: 20.089526189 seconds
New Tree:
Tree: (((((9,8),(5,(6,7))),((13,12),(10,11))),((((26,25),(23,24)),((27,28),29)),((((20,19),(21,22)),((30,31),((32,33),34))),((18,(14,15)),(17,16))))),(((0,1),(2,3)),(4,(36,35))));
Tree Score: 13710.688727149805
Score Improvement: 0.004619614956814955

Step Number: 16
Time Spent: 20.092623511 seconds
New Tree:
Tree: (((((9,8),(5,(6,7))),((13,12),(10,11))),((((26,25),(23,24)),((27,28),29)),((((20,19),(21,22)),((32,33),((30,31),34))),((18,(14,15)),(17,16))))),(((0,1),(2,3)),(4,(36,35))));
Tree Score: 13732.688177273558
Score Improvement: 0.001604547412719537

Step Number: 17
Time Spent: 20.109306568 seconds
New Tree:
Tree: (((((9,8),(5,(6,7))),((13,12),(10,11))),((((26,25),(23,24)),((27,28),29)),((((20,19),(21,22)),((32,33),((30,31),34))),((14,(18,15)),(17,16))))),(((0,1),(2,3)),(4,(36,35))));
Tree Score: 13753.495352291238
Score Improvement: 0.0015151567376381347

Step Number: 18
Time Spent: 20.140954029 seconds
New Tree:
Tree: (((((9,8),(5,(6,7))),((13,12),(10,11))),((((26,25),(23,24)),((27,28),29)),((((20,19),(21,22)),((32,33),((30,31),34))),((14,(18,15)),(17,16))))),(((0,1),(2,3)),(35,(36,4))));
Tree Score: 13762.553377166127
Score Improvement: 6.58598024928958E-4

Step Number: 19
Time Spent: 19.799301503 seconds
New Tree:
Tree: (((((9,8),(5,(6,7))),((13,12),(10,11))),((((26,25),(23,24)),((27,28),29)),((((20,19),(21,22)),((32,33),((30,31),34))),((14,(18,15)),(17,16))))),(((0,1),(2,3)),(35,(36,4))));
Tree Score: 13762.553377166127
Score Improvement: 0.0

TOTAL STEPS: 19
TOTAL TIME: 388.485067 seconds
Final tree: Tree: (((((9,8),(5,(6,7))),((13,12),(10,11))),((((26,25),(23,24)),((27,28),29)),((((20,19),(21,22)),((32,33),((30,31),34))),((14,(18,15)),(17,16))))),(((0,1),(2,3)),(35,(36,4))));
Tree Score: 13762.553377166127
Total Score Improvement: 1.140544949276952

--------------ITERATION 9--------------
Input tree: (((0,1),((2,(3,((((4,(5,6)),((7,8),9)),10),11))),(12,(13,((14,15),16))))),((((17,18),19),20),(((((21,(22,23)),(((24,25),26),27)),(28,29)),(30,31)),(((32,33),34),(35,36)))));
Initial Score: 7958.643825423671

Step Number: 1
Time Spent: 20.303748263 seconds
New Tree:
Tree: (((((((21,(22,23)),(((24,25),26),27)),(28,29)),(30,31)),(((32,33),34),(35,36))),((2,(3,((((4,(5,6)),((7,8),9)),10),11))),(12,(13,((14,15),16))))),((((17,18),19),20),(0,1)));
Tree Score: 9270.918254634365
Score Improvement: 0.16488668898822545

Step Number: 2
Time Spent: 20.884825578 seconds
New Tree:
Tree: (((((((21,(22,23)),(((24,25),26),27)),(28,29)),(30,31)),((2,(3,((((4,(5,6)),((7,8),9)),10),11))),(12,(13,((14,15),16))))),(((32,33),34),(35,36))),((((17,18),19),20),(0,1)));
Tree Score: 10933.377028675051
Score Improvement: 0.17931975327359329

Step Number: 3
Time Spent: 21.15500393 seconds
New Tree:
Tree: ((((((30,31),(28,29)),((21,(22,23)),(((24,25),26),27))),((2,(3,((((4,(5,6)),((7,8),9)),10),11))),(12,(13,((14,15),16))))),(((32,33),34),(35,36))),((((17,18),19),20),(0,1)));
Tree Score: 11956.678905286128
Score Improvement: 0.09359430978436523

Step Number: 4
Time Spent: 20.75154997 seconds
New Tree:
Tree: ((((((30,31),(28,29)),((21,(22,23)),(((24,25),26),27))),((2,(3,((((4,(5,6)),((7,8),9)),10),11))),(((14,15),16),(13,12)))),(((32,33),34),(35,36))),((((17,18),19),20),(0,1)));
Tree Score: 12448.19135592156
Score Improvement: 0.04110777369944518

Step Number: 5
Time Spent: 20.842275684 seconds
New Tree:
Tree: ((((((30,31),(28,29)),((21,(22,23)),(((24,25),26),27))),((((((4,(5,6)),((7,8),9)),10),11),(3,2)),(((14,15),16),(13,12)))),(((32,33),34),(35,36))),((((17,18),19),20),(0,1)));
Tree Score: 12770.70673054643
Score Improvement: 0.025908613179492113

Step Number: 6
Time Spent: 21.116501547 seconds
New Tree:
Tree: ((((((30,31),(28,29)),((21,(22,23)),(((24,25),26),27))),((((((4,(5,6)),((7,8),9)),10),11),(3,2)),(((14,15),16),(13,12)))),(((32,33),34),(35,36))),(((0,1),20),((17,18),19)));
Tree Score: 12993.273305300892
Score Improvement: 0.01742789803653566

Step Number: 7
Time Spent: 21.16171896 seconds
New Tree:
Tree: ((((((30,31),(28,29)),((21,(22,23)),(((24,25),26),27))),((((11,10),((4,(5,6)),((7,8),9))),(3,2)),(((14,15),16),(13,12)))),(((32,33),34),(35,36))),(((0,1),20),((17,18),19)));
Tree Score: 13184.557180031006
Score Improvement: 0.014721761809787903

Step Number: 8
Time Spent: 20.739579593 seconds
New Tree:
Tree: ((((((30,31),(28,29)),((21,(22,23)),(((24,25),26),27))),((((11,10),(3,2)),((4,(5,6)),((7,8),9))),(((14,15),16),(13,12)))),(((32,33),34),(35,36))),(((0,1),20),((17,18),19)));
Tree Score: 13284.474105027133
Score Improvement: 0.007578329983464194

Step Number: 9
Time Spent: 20.571814405 seconds
New Tree:
Tree: ((((((30,31),(28,29)),((21,(22,23)),((27,26),(24,25)))),((((11,10),(3,2)),((4,(5,6)),((7,8),9))),(((14,15),16),(13,12)))),(((32,33),34),(35,36))),(((0,1),20),((17,18),19)));
Tree Score: 13377.94780538194
Score Improvement: 0.0070363116835339135

Step Number: 10
Time Spent: 20.550037963 seconds
New Tree:
Tree: ((((((30,31),(28,29)),((21,(22,23)),((27,26),(24,25)))),((((11,10),(3,2)),((4,(5,6)),((7,8),9))),(((13,12),16),(14,15)))),(((32,33),34),(35,36))),(((0,1),20),((17,18),19)));
Tree Score: 13467.549529619144
Score Improvement: 0.006697718180747936

Step Number: 11
Time Spent: 20.536224125 seconds
New Tree:
Tree: ((((((30,31),(28,29)),((21,(22,23)),((27,26),(24,25)))),(((4,(5,6)),(((11,10),(3,2)),((7,8),9))),(((13,12),16),(14,15)))),(((32,33),34),(35,36))),(((0,1),20),((17,18),19)));
Tree Score: 13528.467404279021
Score Improvement: 0.004523308009812821

Step Number: 12
Time Spent: 20.556056955 seconds
New Tree:
Tree: ((((((30,31),(28,29)),((21,(22,23)),((27,26),(24,25)))),(((4,(5,6)),(((11,10),(3,2)),((7,8),9))),(((13,12),16),(14,15)))),(((32,33),34),(35,36))),(((0,20),1),((17,18),19)));
Tree Score: 13574.413279220556
Score Improvement: 0.0033962365113879844

Step Number: 13
Time Spent: 20.556757602 seconds
New Tree:
Tree: ((((((30,31),(28,29)),((21,(22,23)),((27,26),(24,25)))),(((4,(5,6)),(((11,10),(3,2)),((7,8),9))),(((13,12),16),(14,15)))),(((34,33),32),(35,36))),(((0,20),1),((17,18),19)));
Tree Score: 13596.816479208625
Score Improvement: 0.001650399138971359

Step Number: 14
Time Spent: 20.572302456 seconds
New Tree:
Tree: ((((((30,31),(28,29)),((21,(22,23)),((27,26),(24,25)))),(((4,(5,6)),(((11,10),(3,2)),((7,8),9))),(((13,12),16),(14,15)))),(((35,36),32),(34,33))),(((0,20),1),((17,18),19)));
Tree Score: 13635.35947937947
Score Improvement: 0.0028347076854189357

Step Number: 15
Time Spent: 20.529464397 seconds
New Tree:
Tree: ((((((30,31),(28,29)),((21,(22,23)),((27,26),(24,25)))),(((4,(5,6)),(((11,10),(3,2)),((7,8),9))),(((13,16),12),(14,15)))),(((35,36),32),(34,33))),(((0,20),1),((17,18),19)));
Tree Score: 13649.32300458532
Score Improvement: 0.0010240672588770483

Step Number: 16
Time Spent: 20.506159757 seconds
New Tree:
Tree: ((((((30,31),(28,29)),((21,(22,23)),((27,26),(24,25)))),(((4,(5,6)),(((11,10),(3,2)),((7,9),8))),(((13,16),12),(14,15)))),(((35,36),32),(34,33))),(((0,20),1),((17,18),19)));
Tree Score: 13658.957955130005
Score Improvement: 7.058921927078909E-4

Step Number: 17
Time Spent: 20.491352707 seconds
New Tree:
Tree: ((((((30,31),(28,29)),((21,(22,23)),((27,26),(24,25)))),(((4,(5,6)),(((11,10),(3,2)),((7,9),8))),(((13,16),12),(14,15)))),(((35,32),36),(34,33))),(((0,20),1),((17,18),19)));
Tree Score: 13663.1267052189
Score Improvement: 3.0520264449074297E-4

Step Number: 18
Time Spent: 20.492808199 seconds
New Tree:
Tree: ((((((30,31),(28,29)),((21,(22,23)),((27,26),(24,25)))),(((5,(4,6)),(((11,10),(3,2)),((7,9),8))),(((13,16),12),(14,15)))),(((35,32),36),(34,33))),(((0,20),1),((17,18),19)));
Tree Score: 13663.807980079473
Score Improvement: 4.98622954518968E-5

Step Number: 19
Time Spent: 20.487051392 seconds
New Tree:
Tree: ((((((30,31),(28,29)),((21,(22,23)),((27,26),(24,25)))),(((5,(4,6)),(((11,10),(3,2)),((7,9),8))),(((13,16),12),(14,15)))),(((35,32),36),(34,33))),(((0,20),1),((17,18),19)));
Tree Score: 13663.807980079473
Score Improvement: 0.0

TOTAL STEPS: 19
TOTAL TIME: 392.805233483 seconds
Final tree: Tree: ((((((30,31),(28,29)),((21,(22,23)),((27,26),(24,25)))),(((5,(4,6)),(((11,10),(3,2)),((7,9),8))),(((13,16),12),(14,15)))),(((35,32),36),(34,33))),(((0,20),1),((17,18),19)));
Tree Score: 13663.807980079473
Total Score Improvement: 0.7168512977588983

--------------ITERATION 10--------------
Input tree: (0,(((1,2),((3,4),(((5,6),7),(8,9)))),((((10,11),12),((((13,((14,(15,16)),((17,18),(19,(20,(21,22)))))),((23,24),25)),(((26,27),28),((29,30),31))),(32,33))),(34,(35,36)))));
Initial Score: 8564.905548279257

Step Number: 1
Time Spent: 21.02519238 seconds
New Tree:
Tree: (0,(((1,2),((3,4),(((5,6),7),(8,9)))),(((((13,((14,(15,16)),((17,18),(19,(20,(21,22)))))),((23,24),25)),(((26,27),28),((29,30),31))),(((10,11),12),(32,33))),(34,(35,36)))));
Tree Score: 9849.273147447817
Score Improvement: 0.14995700675608692

Step Number: 2
Time Spent: 20.938460191 seconds
New Tree:
Tree: (0,(((1,2),((3,4),(((5,6),7),(8,9)))),(((((((17,18),(19,(20,(21,22)))),((14,(15,16)),13)),((23,24),25)),(((26,27),28),((29,30),31))),(((10,11),12),(32,33))),(34,(35,36)))));
Tree Score: 10176.719624706777
Score Improvement: 0.03324575045863254

Step Number: 3
Time Spent: 21.181444653 seconds
New Tree:
Tree: (0,((34,(35,36)),(((((((17,18),(19,(20,(21,22)))),((14,(15,16)),13)),((23,24),25)),(((26,27),28),((29,30),31))),(((10,11),12),(32,33))),((1,2),((3,4),(((5,6),7),(8,9)))))));
Tree Score: 10484.257075478556
Score Improvement: 0.030219703609122517

Step Number: 4
Time Spent: 21.181205725 seconds
New Tree:
Tree: (0,((34,(35,36)),((1,2),(((((((17,18),(19,(20,(21,22)))),((14,(15,16)),13)),((23,24),25)),(((26,27),28),((29,30),31))),(((10,11),12),(32,33))),((3,4),(((5,6),7),(8,9)))))));
Tree Score: 11055.420900321798
Score Improvement: 0.05447823538962315

Step Number: 5
Time Spent: 21.241208537 seconds
New Tree:
Tree: (0,((34,(35,36)),((1,2),((((3,4),(((5,6),7),(8,9))),(((10,11),12),(32,33))),(((((17,18),(19,(20,(21,22)))),((14,(15,16)),13)),((23,24),25)),(((26,27),28),((29,30),31)))))));
Tree Score: 11678.508800541284
Score Improvement: 0.05636039602991039

Step Number: 6
Time Spent: 20.537177319 seconds
New Tree:
Tree: (0,((34,(35,36)),((1,2),((((3,4),(((5,6),7),(8,9))),(((10,11),12),(32,33))),(((((20,(21,22)),(19,(17,18))),((14,(15,16)),13)),((23,24),25)),(((26,27),28),((29,30),31)))))));
Tree Score: 11839.328700919868
Score Improvement: 0.013770585194158524

Step Number: 7
Time Spent: 20.658105126 seconds
New Tree:
Tree: (0,((34,(35,36)),((1,2),((((3,4),(((5,6),7),(8,9))),(((10,11),12),(32,33))),(((((23,24),25),((14,(15,16)),13)),((20,(21,22)),(19,(17,18)))),(((26,27),28),((29,30),31)))))));
Tree Score: 12008.657374319155
Score Improvement: 0.014302219127181548

Step Number: 8
Time Spent: 20.522995278 seconds
New Tree:
Tree: (0,((34,(35,36)),((1,2),((((3,4),(((5,6),7),(8,9))),(((10,11),12),(32,33))),(((((23,24),25),((14,(15,16)),13)),(((26,27),28),((29,30),31))),((20,(21,22)),(19,(17,18))))))));
Tree Score: 12173.69722547417
Score Improvement: 0.01374340577889721

Step Number: 9
Time Spent: 20.579874648 seconds
New Tree:
Tree: (0,((34,(35,36)),((1,2),((((3,4),(((5,6),7),(8,9))),(((10,11),12),(32,33))),((((14,(15,16)),(((23,24),25),13)),(((26,27),28),((29,30),31))),((20,(21,22)),(19,(17,18))))))));
Tree Score: 12333.339401736095
Score Improvement: 0.013113696957064436

Step Number: 10
Time Spent: 20.440265834 seconds
New Tree:
Tree: (0,((34,(35,36)),((1,2),((((3,4),(((5,6),7),(8,9))),(((10,11),12),(32,33))),((((20,(21,22)),(19,(17,18))),(((26,27),28),((29,30),31))),((14,(15,16)),(((23,24),25),13)))))));
Tree Score: 12491.635451430277
Score Improvement: 0.012834808524923913

Step Number: 11
Time Spent: 20.380226424 seconds
New Tree:
Tree: (0,((34,(35,36)),((1,2),((((3,4),(((10,11),12),(32,33))),(((5,6),7),(8,9))),((((20,(21,22)),(19,(17,18))),(((26,27),28),((29,30),31))),((14,(15,16)),(((23,24),25),13)))))));
Tree Score: 12646.106727914008
Score Improvement: 0.012365976983905957

Step Number: 12
Time Spent: 20.354079943 seconds
New Tree:
Tree: (0,((1,2),((34,(35,36)),((((3,4),(((10,11),12),(32,33))),(((5,6),7),(8,9))),((((20,(21,22)),(19,(17,18))),(((26,27),28),((29,30),31))),((14,(15,16)),(((23,24),25),13)))))));
Tree Score: 12768.340002642068
Score Improvement: 0.00966568425824299

Step Number: 13
Time Spent: 21.135611101 seconds
New Tree:
Tree: (0,((1,2),((34,(35,36)),((((3,4),(((10,11),12),(32,33))),(((5,6),7),(8,9))),((((20,(21,22)),(19,(17,18))),(((26,27),28),((29,30),31))),((14,(15,16)),((13,25),(23,24))))))));
Tree Score: 12877.534877764123
Score Improvement: 0.008552002460731734

Step Number: 14
Time Spent: 20.523527468 seconds
New Tree:
Tree: (0,((1,2),((34,(35,36)),((((32,33),(((10,11),12),(3,4))),(((5,6),7),(8,9))),((((20,(21,22)),(19,(17,18))),(((26,27),28),((29,30),31))),((14,(15,16)),((13,25),(23,24))))))));
Tree Score: 12971.379251967013
Score Improvement: 0.007287448653308104

Step Number: 15
Time Spent: 20.269918752 seconds
New Tree:
Tree: (0,((1,2),((34,(35,36)),((((20,(21,22)),(19,(17,18))),(((26,27),28),((29,30),31))),((((32,33),(((10,11),12),(3,4))),(((5,6),7),(8,9))),((14,(15,16)),((13,25),(23,24))))))));
Tree Score: 13026.428850765169
Score Improvement: 0.004243927937717773

Step Number: 16
Time Spent: 20.281322647 seconds
New Tree:
Tree: (0,((1,2),((34,(35,36)),((((22,(21,20)),(19,(17,18))),(((26,27),28),((29,30),31))),((((32,33),(((10,11),12),(3,4))),(((5,6),7),(8,9))),((14,(15,16)),((13,25),(23,24))))))));
Tree Score: 13050.081025725991
Score Improvement: 0.0018157067629038792

Step Number: 17
Time Spent: 20.314333199 seconds
New Tree:
Tree: (0,((1,2),((34,(35,36)),((((22,(21,20)),(19,(17,18))),(((26,27),28),((29,30),31))),((((32,33),(((10,11),12),(3,4))),(((7,6),5),(8,9))),((14,(15,16)),((13,25),(23,24))))))));
Tree Score: 13065.553075766951
Score Improvement: 0.0011855903431143844

Step Number: 18
Time Spent: 20.357336223 seconds
New Tree:
Tree: (0,((((34,(35,36)),((((22,(21,20)),(19,(17,18))),(((26,27),28),((29,30),31))),((((32,33),(((10,11),12),(3,4))),(((7,6),5),(8,9))),((14,(15,16)),((13,25),(23,24)))))),2),1));
Tree Score: 13080.463925904423
Score Improvement: 0.001141233750381998

Step Number: 19
Time Spent: 21.438599839 seconds
New Tree:
Tree: (0,((((34,(35,36)),((((22,(21,20)),(19,(17,18))),(((26,27),28),((29,30),31))),((((32,33),(((10,11),12),(3,4))),(((7,6),5),(8,9))),((16,(15,14)),((13,25),(23,24)))))),2),1));
Tree Score: 13087.454250669867
Score Improvement: 5.344095442669783E-4

Step Number: 20
Time Spent: 21.3912515 seconds
New Tree:
Tree: (0,((((34,(35,36)),((((22,(21,20)),(19,(17,18))),(((26,27),28),((29,30),31))),((((32,33),(((10,11),12),(3,4))),(((7,6),5),(8,9))),((13,25),((16,(15,14)),(23,24)))))),2),1));
Tree Score: 13093.302075436313
Score Improvement: 4.4682675900453717E-4

Step Number: 21
Time Spent: 21.421076591 seconds
New Tree:
Tree: (0,((((34,(35,36)),((((22,(21,20)),(19,(17,18))),(((26,27),28),((29,30),31))),((((32,33),(((10,12),11),(3,4))),(((7,6),5),(8,9))),((13,25),((16,(15,14)),(23,24)))))),2),1));
Tree Score: 13096.555300628741
Score Improvement: 2.4846483902107863E-4

Step Number: 22
Time Spent: 21.390538211 seconds
New Tree:
Tree: (0,((((34,(35,36)),((((22,(21,20)),(19,(17,18))),(((26,27),28),((29,31),30))),((((32,33),(((10,12),11),(3,4))),(((7,6),5),(8,9))),((13,25),((16,(15,14)),(23,24)))))),2),1));
Tree Score: 13097.689075579841
Score Improvement: 8.657047025528719E-5

Step Number: 23
Time Spent: 21.410177231 seconds
New Tree:
Tree: (0,((((34,(35,36)),((((22,(21,20)),(19,(17,18))),(((26,27),28),((29,31),30))),((((32,33),(((10,12),11),(3,4))),(((7,6),5),(8,9))),((13,25),((16,(15,14)),(23,24)))))),2),1));
Tree Score: 13097.689075579841
Score Improvement: 0.0

TOTAL STEPS: 23
TOTAL TIME: 478.97392882 seconds
Final tree: Tree: (0,((((34,(35,36)),((((22,(21,20)),(19,(17,18))),(((26,27),28),((29,31),30))),((((32,33),(((10,12),11),(3,4))),(((7,6),5),(8,9))),((13,25),((16,(15,14)),(23,24)))))),2),1));
Tree Score: 13097.689075579841
Total Score Improvement: 0.5292274972268958

===========================================================
RESULTS FROM 10 ITERATION(S):
AVERAGE TIME PER RUN: 495.574311347 seconds
AVERAGE IMPROVEMENT: 0.6289791956269725
BEST Tree: ((((((32,(31,17)),((29,30),(18,19))),(((24,(23,22)),(21,20)),((27,28),(26,25)))),(((13,16),(14,15)),(((12,11),10),(((6,9),5),(7,8))))),((2,3),(1,4))),((34,0),(33,(35,36))));
Tree Score: 15754.207748816758
BEST'S IMPROVEMENT :0.5953023500366168
