--------------ITERATION 1--------------
Input tree: (((0,(1,2)),((3,4),(5,(6,7)))),(((8,((9,10),(11,12))),((((((13,14),15),16),(17,18)),(19,20)),(((21,(22,23)),(24,25)),(26,(27,28))))),((29,30),(31,(32,(33,((34,35),36)))))));
Initial Score: 10465.788847606076

Step Number: 1
Time Spent: 49.751447025 seconds
New Tree:
Tree: (((0,(1,2)),((3,4),(5,(6,7)))),(((((21,(22,23)),(24,25)),(26,(27,28))),((((((13,14),15),16),(17,18)),(19,20)),(8,((9,10),(11,12))))),((29,30),(31,(32,(33,((34,35),36)))))));
Tree Score: 12254.618274168024
Score Improvement: 0.17092160491763808

Step Number: 2
Time Spent: 49.894412342 seconds
New Tree:
Tree: (((0,(1,2)),((3,4),(5,(6,7)))),(((((21,(22,23)),(24,25)),(26,(27,28))),((((((13,14),15),16),(17,18)),(19,20)),(8,((9,10),(11,12))))),((32,(33,((34,35),36))),(31,(29,30)))));
Tree Score: 12525.7275732345
Score Improvement: 0.022123030926059828

Step Number: 3
Time Spent: 49.882591706 seconds
New Tree:
Tree: (((0,(1,2)),((3,4),(5,(6,7)))),(((((21,(22,23)),(24,25)),(26,(27,28))),((((((13,14),15),16),(17,18)),(19,20)),((9,10),(8,(11,12))))),((32,(33,((34,35),36))),(31,(29,30)))));
Tree Score: 12739.287474542769
Score Improvement: 0.017049700311590144

Step Number: 4
Time Spent: 39.255215486 seconds
New Tree:
Tree: (((0,(1,2)),((3,4),(5,(6,7)))),(((((21,(22,23)),(24,25)),(26,(27,28))),((((((13,14),15),16),(17,18)),(19,20)),((9,10),(8,(11,12))))),((32,(31,(29,30))),(33,((34,35),36)))));
Tree Score: 12900.97357469544
Score Improvement: 0.012691926489277527

Step Number: 5
Time Spent: 39.375611173 seconds
New Tree:
Tree: (((0,(1,2)),((3,4),(5,(6,7)))),(((((21,(22,23)),(24,25)),(26,(27,28))),((((19,20),(17,18)),(((13,14),15),16)),((9,10),(8,(11,12))))),((32,(31,(29,30))),(33,((34,35),36)))));
Tree Score: 13008.573474596444
Score Improvement: 0.008340448050529803

Step Number: 6
Time Spent: 39.360605215 seconds
New Tree:
Tree: (((0,(1,2)),((3,4),(5,(6,7)))),(((((21,(22,23)),(24,25)),(26,(27,28))),((((19,20),(17,18)),((16,15),(13,14))),((9,10),(8,(11,12))))),((32,(31,(29,30))),(33,((34,35),36)))));
Tree Score: 13110.080574284497
Score Improvement: 0.007803092313410032

Step Number: 7
Time Spent: 43.829624844 seconds
New Tree:
Tree: (((0,(1,2)),((3,4),(5,(6,7)))),(((((21,(22,23)),(24,25)),(26,(27,28))),((((19,20),(17,18)),((16,15),(13,14))),((9,10),(8,(11,12))))),((32,(31,(29,30))),((34,35),(33,36)))));
Tree Score: 13203.24132383168
Score Improvement: 0.00710603943425947

Step Number: 8
Time Spent: 49.53310669 seconds
New Tree:
Tree: (((1,(0,2)),((3,4),(5,(6,7)))),(((((21,(22,23)),(24,25)),(26,(27,28))),((((19,20),(17,18)),((16,15),(13,14))),((9,10),(8,(11,12))))),((32,(31,(29,30))),((34,35),(33,36)))));
Tree Score: 13261.405848414826
Score Improvement: 0.004405321629481929

Step Number: 9
Time Spent: 49.536665523 seconds
New Tree:
Tree: (((1,(0,2)),((3,4),(5,(6,7)))),(((((21,(22,23)),(24,25)),(26,(27,28))),((((19,20),(17,18)),((16,15),(13,14))),((9,10),(8,(11,12))))),(((29,30),(31,32)),((34,35),(33,36)))));
Tree Score: 13292.176923945735
Score Improvement: 0.002320347924091859

Step Number: 10
Time Spent: 49.579205639 seconds
New Tree:
Tree: (((1,(0,2)),((3,4),(7,(6,5)))),(((((21,(22,23)),(24,25)),(26,(27,28))),((((19,20),(17,18)),((16,15),(13,14))),((9,10),(8,(11,12))))),(((29,30),(31,32)),((34,35),(33,36)))));
Tree Score: 13316.44917386827
Score Improvement: 0.001826055285105932

Step Number: 11
Time Spent: 50.02886701 seconds
New Tree:
Tree: (((7,(6,5)),((3,4),(1,(0,2)))),(((((21,(22,23)),(24,25)),(26,(27,28))),((((19,20),(17,18)),((16,15),(13,14))),((9,10),(8,(11,12))))),(((29,30),(31,32)),((34,35),(33,36)))));
Tree Score: 13353.669975378652
Score Improvement: 0.0027950995813075252

Step Number: 12
Time Spent: 40.075763826 seconds
New Tree:
Tree: (((7,(6,5)),((3,4),(1,(0,2)))),(((((21,(22,23)),(24,25)),(26,(27,28))),((((19,20),(17,18)),((16,15),(13,14))),((9,10),(11,(8,12))))),(((29,30),(31,32)),((34,35),(33,36)))));
Tree Score: 13363.051900380393
Score Improvement: 7.025727772993484E-4

Step Number: 13
Time Spent: 39.522018268 seconds
New Tree:
Tree: (((7,(6,5)),((3,4),(1,(0,2)))),(((((21,(22,23)),(24,25)),(26,(27,28))),((((19,20),(17,18)),((16,15),(13,14))),((8,12),(11,(9,10))))),(((29,30),(31,32)),((34,35),(33,36)))));
Tree Score: 13364.477699731578
Score Improvement: 1.0669713489219745E-4

Step Number: 14
Time Spent: 39.564995243 seconds
New Tree:
Tree: (((7,(6,5)),((3,4),(1,(0,2)))),(((((22,(21,23)),(24,25)),(26,(27,28))),((((19,20),(17,18)),((16,15),(13,14))),((8,12),(11,(9,10))))),(((29,30),(31,32)),((34,35),(33,36)))));
Tree Score: 13365.112874767568
Score Improvement: 4.752711256372777E-5

Step Number: 15
Time Spent: 39.651897773 seconds
New Tree:
Tree: (((6,(7,5)),((3,4),(1,(0,2)))),(((((22,(21,23)),(24,25)),(26,(27,28))),((((19,20),(17,18)),((16,15),(13,14))),((8,12),(11,(9,10))))),(((29,30),(31,32)),((34,35),(33,36)))));
Tree Score: 13365.143824785031
Score Improvement: 2.315731842505997E-6

Step Number: 16
Time Spent: 39.70532049 seconds
New Tree:
Tree: (((6,(7,5)),((3,4),(1,(0,2)))),(((((22,(21,23)),(24,25)),(26,(27,28))),((((19,20),(17,18)),((16,15),(13,14))),((8,12),(11,(9,10))))),(((29,30),(31,32)),((34,35),(33,36)))));
Tree Score: 13365.143824785031
Score Improvement: 0.0

TOTAL STEPS: 16
TOTAL TIME: 708.547348253 seconds
Final tree: Tree: (((6,(7,5)),((3,4),(1,(0,2)))),(((((22,(21,23)),(24,25)),(26,(27,28))),((((19,20),(17,18)),((16,15),(13,14))),((8,12),(11,(9,10))))),(((29,30),(31,32)),((34,35),(33,36)))));
Tree Score: 13365.143824785031
Total Score Improvement: 0.27703167141979446

--------------ITERATION 2--------------
Input tree: ((((0,1),2),(3,4)),((((5,6),((7,8),9)),(((((10,11),(((12,((13,14),(15,16))),(17,18)),((19,20),21))),22),(23,24)),((25,(26,((27,28),29))),30))),(31,(((32,(33,34)),35),36))));
Initial Score: 8377.64447355154

Step Number: 1
Time Spent: 41.183809619 seconds
New Tree:
Tree: ((((0,1),2),(3,4)),((((25,(26,((27,28),29))),30),(((((10,11),(((12,((13,14),(15,16))),(17,18)),((19,20),21))),22),(23,24)),((5,6),((7,8),9)))),(31,(((32,(33,34)),35),36))));
Tree Score: 10140.570677207084
Score Improvement: 0.2104322055228236

Step Number: 2
Time Spent: 41.223989588 seconds
New Tree:
Tree: ((((0,1),2),(3,4)),((((25,(26,((27,28),29))),30),((((23,24),22),((10,11),(((12,((13,14),(15,16))),(17,18)),((19,20),21)))),((5,6),((7,8),9)))),(31,(((32,(33,34)),35),36))));
Tree Score: 10710.052377269953
Score Improvement: 0.05615874275625243

Step Number: 3
Time Spent: 40.41958562 seconds
New Tree:
Tree: ((((0,1),2),(3,4)),((((25,(26,((27,28),29))),30),(((((12,((13,14),(15,16))),(17,18)),((19,20),21)),((10,11),((23,24),22))),((5,6),((7,8),9)))),(31,(((32,(33,34)),35),36))));
Tree Score: 11422.669726917753
Score Improvement: 0.06653724226038293

Step Number: 4
Time Spent: 40.602613783 seconds
New Tree:
Tree: ((((0,1),2),(3,4)),((((25,(26,((27,28),29))),30),((((5,6),((7,8),9)),((10,11),((23,24),22))),(((12,((13,14),(15,16))),(17,18)),((19,20),21)))),(31,(((32,(33,34)),35),36))));
Tree Score: 12360.945504295902
Score Improvement: 0.08214154832535181

Step Number: 5
Time Spent: 40.221993734 seconds
New Tree:
Tree: ((((0,1),2),(3,4)),((((25,30),(26,((27,28),29))),((((5,6),((7,8),9)),((10,11),((23,24),22))),(((12,((13,14),(15,16))),(17,18)),((19,20),21)))),(31,(((32,(33,34)),35),36))));
Tree Score: 12795.902779947297
Score Improvement: 0.03518802631240714

Step Number: 6
Time Spent: 41.925033065 seconds
New Tree:
Tree: ((((0,1),2),(3,4)),((((25,30),(26,((27,28),29))),((((5,6),((7,8),9)),((10,11),((23,24),22))),((((19,20),21),(17,18)),(12,((13,14),(15,16)))))),(31,(((32,(33,34)),35),36))));
Tree Score: 13152.926530109427
Score Improvement: 0.027901411592594183

Step Number: 7
Time Spent: 51.500025179 seconds
New Tree:
Tree: ((((0,1),2),(3,4)),(((((27,28),29),(26,(25,30))),((((5,6),((7,8),9)),((10,11),((23,24),22))),((((19,20),21),(17,18)),(12,((13,14),(15,16)))))),(31,(((32,(33,34)),35),36))));
Tree Score: 13365.126229889865
Score Improvement: 0.016133268842844606

Step Number: 8
Time Spent: 51.579864871 seconds
New Tree:
Tree: ((((0,1),2),(3,4)),(((((27,28),29),(26,(25,30))),((((5,6),((7,8),9)),((10,11),((23,24),22))),((((19,20),21),(17,18)),(12,((13,14),(15,16)))))),(((32,(33,34)),35),(31,36))));
Tree Score: 13542.11388024519
Score Improvement: 0.013242497475220771

Step Number: 9
Time Spent: 42.379065733 seconds
New Tree:
Tree: ((((0,1),2),(3,4)),(((((27,28),29),(26,(25,30))),((((5,6),((7,8),9)),((10,11),((23,24),22))),((((19,20),21),(17,18)),((13,14),(12,(15,16)))))),(((32,(33,34)),35),(31,36))));
Tree Score: 13631.77248034085
Score Improvement: 0.006620724126862543

Step Number: 10
Time Spent: 40.055606444 seconds
New Tree:
Tree: ((((0,1),2),(3,4)),(((((27,28),29),(26,(25,30))),((((5,6),((7,8),9)),((10,11),((23,24),22))),((((19,20),21),(17,18)),((13,14),(12,(15,16)))))),(((31,36),35),(32,(33,34)))));
Tree Score: 13705.971080855641
Score Improvement: 0.005443063300960782

Step Number: 11
Time Spent: 39.989539313 seconds
New Tree:
Tree: ((((0,1),2),(3,4)),(((((27,28),29),(26,(25,30))),((((7,8),((5,6),9)),((10,11),((23,24),22))),((((19,20),21),(17,18)),((13,14),(12,(15,16)))))),(((31,36),35),(32,(33,34)))));
Tree Score: 13748.747055599611
Score Improvement: 0.0031209736611599315

Step Number: 12
Time Spent: 40.007355196 seconds
New Tree:
Tree: ((((0,1),2),(3,4)),(((((27,28),29),(26,(25,30))),((((7,8),((5,6),9)),((23,24),((10,11),22))),((((19,20),21),(17,18)),((13,14),(12,(15,16)))))),(((31,36),35),(32,(33,34)))));
Tree Score: 13784.02003083253
Score Improvement: 0.0025655410700535786

Step Number: 13
Time Spent: 40.02326979 seconds
New Tree:
Tree: ((((0,1),2),(3,4)),(((((27,28),29),(26,(25,30))),((((7,8),((9,6),5)),((23,24),((10,11),22))),((((19,20),21),(17,18)),((13,14),(12,(15,16)))))),(((31,36),35),(32,(33,34)))));
Tree Score: 13799.654405830835
Score Improvement: 0.0011342391380260164

Step Number: 14
Time Spent: 30.061998038 seconds
New Tree:
Tree: ((((0,1),2),(3,4)),(((((27,28),29),(26,(25,30))),((((7,8),((9,6),5)),((23,24),((10,11),22))),((((19,20),21),(17,18)),((13,14),(16,(15,12)))))),(((31,36),35),(32,(33,34)))));
Tree Score: 13814.983705861901
Score Improvement: 0.001110846661825704

Step Number: 15
Time Spent: 19.380698971 seconds
New Tree:
Tree: ((((3,4),2),(0,1)),(((((27,28),29),(26,(25,30))),((((7,8),((9,6),5)),((23,24),((10,11),22))),((((19,20),21),(17,18)),((13,14),(16,(15,12)))))),(((31,36),35),(32,(33,34)))));
Tree Score: 13824.742606623506
Score Improvement: 7.063997301324232E-4

Step Number: 16
Time Spent: 19.425963316 seconds
New Tree:
Tree: ((((3,4),2),(0,1)),(((((27,28),29),(25,(26,30))),((((7,8),((9,6),5)),((23,24),((10,11),22))),((((19,20),21),(17,18)),((13,14),(16,(15,12)))))),(((31,36),35),(32,(33,34)))));
Tree Score: 13834.174956579169
Score Improvement: 6.822803305679415E-4

Step Number: 17
Time Spent: 19.423672382 seconds
New Tree:
Tree: ((((2,4),3),(0,1)),(((((27,28),29),(25,(26,30))),((((7,8),((9,6),5)),((23,24),((10,11),22))),((((19,20),21),(17,18)),((13,14),(16,(15,12)))))),(((31,36),35),(32,(33,34)))));
Tree Score: 13842.986556207237
Score Improvement: 6.369443537994623E-4

Step Number: 18
Time Spent: 19.402530588 seconds
New Tree:
Tree: ((((0,1),3),(2,4)),(((((27,28),29),(25,(26,30))),((((7,8),((9,6),5)),((23,24),((10,11),22))),((((19,20),21),(17,18)),((13,14),(16,(15,12)))))),(((31,36),35),(32,(33,34)))));
Tree Score: 13853.639631573518
Score Improvement: 7.695648134184996E-4

Step Number: 19
Time Spent: 19.347820837 seconds
New Tree:
Tree: ((((3,1),0),(2,4)),(((((27,28),29),(25,(26,30))),((((7,8),((9,6),5)),((23,24),((10,11),22))),((((19,20),21),(17,18)),((13,14),(16,(15,12)))))),(((31,36),35),(32,(33,34)))));
Tree Score: 13864.507081503456
Score Improvement: 7.844472802056579E-4

Step Number: 20
Time Spent: 19.363035901 seconds
New Tree:
Tree: ((((3,1),0),(2,4)),(((((27,28),29),(25,(26,30))),((((7,8),((9,6),5)),((23,24),((10,11),22))),((((19,20),21),(17,18)),((13,14),(16,(15,12)))))),(((31,36),35),(33,(32,34)))));
Tree Score: 13868.095206538623
Score Improvement: 2.587993221883078E-4

Step Number: 21
Time Spent: 19.382756634 seconds
New Tree:
Tree: ((((3,1),0),(2,4)),(((((27,28),29),(25,(26,30))),((((7,8),((9,6),5)),((23,24),((10,11),22))),((((19,20),21),(17,18)),((13,14),(16,(15,12)))))),(((31,35),36),(33,(32,34)))));
Tree Score: 13868.447506740165
Score Improvement: 2.540364745806656E-5

Step Number: 22
Time Spent: 19.374339922 seconds
New Tree:
Tree: ((((3,1),0),(2,4)),(((((27,28),29),(25,(26,30))),((((7,8),((9,6),5)),((23,24),((10,11),22))),((((19,20),21),(17,18)),((13,14),(16,(15,12)))))),(((31,35),36),(33,(32,34)))));
Tree Score: 13868.447506740165
Score Improvement: 0.0

TOTAL STEPS: 22
TOTAL TIME: 736.274568524 seconds
Final tree: Tree: ((((3,1),0),(2,4)),(((((27,28),29),(25,(26,30))),((((7,8),((9,6),5)),((23,24),((10,11),22))),((((19,20),21),(17,18)),((13,14),(16,(15,12)))))),(((31,35),36),(33,(32,34)))));
Tree Score: 13868.447506740165
Total Score Improvement: 0.6554113212279711

--------------ITERATION 3--------------
Input tree: (((0,((1,2),3)),4),(((((5,6),(7,8)),((9,10),(11,(12,(13,14))))),((15,16),((17,18),(19,(20,21))))),(22,(((((23,24),25),(26,(27,28))),(((29,30),31),32)),((33,34),(35,36))))));
Initial Score: 11149.844674963273

Step Number: 1
Time Spent: 19.290720908 seconds
New Tree:
Tree: (((0,((1,2),3)),4),(((((5,6),(7,8)),((9,10),(11,(12,(13,14))))),((19,(20,21)),((17,18),(15,16)))),(22,(((((23,24),25),(26,(27,28))),(((29,30),31),32)),((33,34),(35,36))))));
Tree Score: 11631.48430048791
Score Improvement: 0.04319698072621114

Step Number: 2
Time Spent: 19.323552877 seconds
New Tree:
Tree: (((0,((1,2),3)),4),(((((5,6),(7,8)),((9,10),(11,(12,(13,14))))),((19,(20,21)),((17,18),(15,16)))),(22,((((33,34),(35,36)),(((29,30),31),32)),(((23,24),25),(26,(27,28)))))));
Tree Score: 11864.968799547614
Score Improvement: 0.02007349131270475

Step Number: 3
Time Spent: 19.178759185 seconds
New Tree:
Tree: (((0,((1,2),3)),4),(22,(((((5,6),(7,8)),((9,10),(11,(12,(13,14))))),((19,(20,21)),((17,18),(15,16)))),((((33,34),(35,36)),(((29,30),31),32)),(((23,24),25),(26,(27,28)))))));
Tree Score: 12422.789200219893
Score Improvement: 0.04701406384596196

Step Number: 4
Time Spent: 19.893229719 seconds
New Tree:
Tree: (((0,((1,2),3)),4),(22,((((33,34),(35,36)),(((29,30),31),32)),(((((5,6),(7,8)),((9,10),(11,(12,(13,14))))),((19,(20,21)),((17,18),(15,16)))),(((23,24),25),(26,(27,28)))))));
Tree Score: 13528.749328253682
Score Improvement: 0.08902671615921909

Step Number: 5
Time Spent: 20.011971146 seconds
New Tree:
Tree: (((0,((1,2),3)),4),(22,((((33,34),(35,36)),(((29,30),31),32)),((((11,(12,(13,14))),((9,10),((5,6),(7,8)))),((19,(20,21)),((17,18),(15,16)))),(((23,24),25),(26,(27,28)))))));
Tree Score: 13749.809578543303
Score Improvement: 0.016340035943156694

Step Number: 6
Time Spent: 28.416851473 seconds
New Tree:
Tree: (((0,((1,2),3)),((((33,34),(35,36)),(((29,30),31),32)),((((11,(12,(13,14))),((9,10),((5,6),(7,8)))),((19,(20,21)),((17,18),(15,16)))),(((23,24),25),(26,(27,28)))))),(22,4));
Tree Score: 13950.495603511583
Score Improvement: 0.014595549401749564

Step Number: 7
Time Spent: 29.626713356 seconds
New Tree:
Tree: (((0,((1,2),3)),((((33,34),(35,36)),(((29,30),31),32)),(((((13,14),(12,11)),((9,10),((5,6),(7,8)))),((19,(20,21)),((17,18),(15,16)))),(((23,24),25),(26,(27,28)))))),(22,4));
Tree Score: 14100.840453902732
Score Improvement: 0.010777025753357927

Step Number: 8
Time Spent: 29.68935519 seconds
New Tree:
Tree: (((((((33,34),(35,36)),(((29,30),31),32)),(((((13,14),(12,11)),((9,10),((5,6),(7,8)))),((19,(20,21)),((17,18),(15,16)))),(((23,24),25),(26,(27,28))))),((1,2),3)),0),(22,4));
Tree Score: 14148.022753801903
Score Improvement: 0.0033460629565602584

Step Number: 9
Time Spent: 30.69171862 seconds
New Tree:
Tree: (((((((33,34),(35,36)),(((29,30),31),32)),(((((13,14),(12,11)),((7,8),((5,6),(9,10)))),((19,(20,21)),((17,18),(15,16)))),(((23,24),25),(26,(27,28))))),((1,2),3)),0),(22,4));
Tree Score: 14179.129928514689
Score Improvement: 0.0021986941393932202

Step Number: 10
Time Spent: 22.073487278 seconds
New Tree:
Tree: (((((((33,34),(35,36)),((32,31),(29,30))),(((((13,14),(12,11)),((7,8),((5,6),(9,10)))),((19,(20,21)),((17,18),(15,16)))),(((23,24),25),(26,(27,28))))),((1,2),3)),0),(22,4));
Tree Score: 14209.901004045598
Score Improvement: 0.0021701666947155918

Step Number: 11
Time Spent: 22.01065394 seconds
New Tree:
Tree: (((((((33,34),(35,36)),((32,31),(29,30))),(((((13,14),(12,11)),((7,8),((5,6),(9,10)))),((21,(20,19)),((17,18),(15,16)))),(((23,24),25),(26,(27,28))))),((1,2),3)),0),(22,4));
Tree Score: 14220.439928765736
Score Improvement: 7.416606714669705E-4

Step Number: 12
Time Spent: 21.998068609 seconds
New Tree:
Tree: (((((((33,34),(35,36)),((32,31),(29,30))),(((((13,14),(12,11)),((7,8),((5,6),(9,10)))),((21,(20,19)),((17,18),(15,16)))),(((23,24),25),(26,(27,28))))),((3,2),1)),0),(22,4));
Tree Score: 14225.998028616748
Score Improvement: 3.908528764831054E-4

Step Number: 13
Time Spent: 22.008397018 seconds
New Tree:
Tree: (((1,((3,2),((((33,34),(35,36)),((32,31),(29,30))),(((((13,14),(12,11)),((7,8),((5,6),(9,10)))),((21,(20,19)),((17,18),(15,16)))),(((23,24),25),(26,(27,28))))))),0),(22,4));
Tree Score: 14231.19940396431
Score Improvement: 3.656246357619519E-4

Step Number: 14
Time Spent: 21.107585819 seconds
New Tree:
Tree: (((1,0),((3,2),((((33,34),(35,36)),((32,31),(29,30))),(((((13,14),(12,11)),((7,8),((5,6),(9,10)))),((21,(20,19)),((17,18),(15,16)))),(((23,24),25),(26,(27,28))))))),(22,4));
Tree Score: 14260.528804147012
Score Improvement: 0.002060922579338653

Step Number: 15
Time Spent: 20.085584906 seconds
New Tree:
Tree: (((1,0),((3,2),((((33,34),(35,36)),((32,31),(29,30))),(((((13,14),(12,11)),((7,8),((5,6),(9,10)))),((21,(20,19)),((17,18),(15,16)))),(((23,24),25),(26,(27,28))))))),(22,4));
Tree Score: 14260.528804147012
Score Improvement: 0.0

TOTAL STEPS: 15
TOTAL TIME: 345.406650044 seconds
Final tree: Tree: (((1,0),((3,2),((((33,34),(35,36)),((32,31),(29,30))),(((((13,14),(12,11)),((7,8),((5,6),(9,10)))),((21,(20,19)),((17,18),(15,16)))),(((23,24),25),(26,(27,28))))))),(22,4));
Tree Score: 14260.528804147012
Total Score Improvement: 0.2789890101490571

--------------ITERATION 4--------------
Input tree: (((0,(((1,(2,3)),4),((5,6),(7,(8,9))))),(((10,(11,(((12,13),14),((15,((16,17),(18,19))),20)))),21),((((22,23),24),25),((26,27),28)))),(((29,(30,31)),(((32,33),34),35)),36));
Initial Score: 8722.923851661355

Step Number: 1
Time Spent: 22.234134733 seconds
New Tree:
Tree: (((0,(((1,(2,3)),4),((5,6),(7,(8,9))))),(((10,21),(11,(((12,13),14),((15,((16,17),(18,19))),20)))),((((22,23),24),25),((26,27),28)))),(((29,(30,31)),(((32,33),34),35)),36));
Tree Score: 9517.808901770011
Score Improvement: 0.091125987527366

Step Number: 2
Time Spent: 19.639059409 seconds
New Tree:
Tree: (((0,(((1,(2,3)),4),((5,6),(7,(8,9))))),(((((12,13),14),((15,((16,17),(18,19))),20)),(11,(10,21))),((((22,23),24),25),((26,27),28)))),(((29,(30,31)),(((32,33),34),35)),36));
Tree Score: 10197.977801769943
Score Improvement: 0.07146276070676749

Step Number: 3
Time Spent: 19.911703367 seconds
New Tree:
Tree: (((0,(((1,(2,3)),4),((5,6),(7,(8,9))))),(((((12,13),14),(11,(10,21))),((15,((16,17),(18,19))),20)),((((22,23),24),25),((26,27),28)))),(((29,(30,31)),(((32,33),34),35)),36));
Tree Score: 11184.66160266471
Score Improvement: 0.0967528876875492

Step Number: 4
Time Spent: 19.793796893 seconds
New Tree:
Tree: (((0,(((1,(2,3)),4),((5,6),(7,(8,9))))),(((((12,13),14),(11,(10,21))),((15,((16,17),(18,19))),20)),((((22,23),24),25),((26,27),28)))),(((29,(30,31)),36),(((32,33),34),35)));
Tree Score: 11815.701652779011
Score Improvement: 0.05642012897054993

Step Number: 5
Time Spent: 21.542295637 seconds
New Tree:
Tree: (((((5,6),(7,(8,9))),(((1,(2,3)),4),0)),(((((12,13),14),(11,(10,21))),((15,((16,17),(18,19))),20)),((((22,23),24),25),((26,27),28)))),(((29,(30,31)),36),(((32,33),34),35)));
Tree Score: 12179.71900329148
Score Improvement: 0.030807933477810412

Step Number: 6
Time Spent: 20.262692624 seconds
New Tree:
Tree: (((((5,6),(7,(8,9))),((0,4),(1,(2,3)))),(((((12,13),14),(11,(10,21))),((15,((16,17),(18,19))),20)),((((22,23),24),25),((26,27),28)))),(((29,(30,31)),36),(((32,33),34),35)));
Tree Score: 12380.105378124077
Score Improvement: 0.016452462883457697

Step Number: 7
Time Spent: 19.866477295 seconds
New Tree:
Tree: (((((5,6),(7,(8,9))),((0,4),(1,(2,3)))),(((((12,13),14),(11,(10,21))),((15,20),((16,17),(18,19)))),((((22,23),24),25),((26,27),28)))),(((29,(30,31)),36),(((32,33),34),35)));
Tree Score: 12560.666978797555
Score Improvement: 0.01458481936612066

Step Number: 8
Time Spent: 19.752215349 seconds
New Tree:
Tree: (((((5,6),(7,(8,9))),((0,4),(1,(2,3)))),(((((12,13),14),(11,(10,21))),((18,19),((16,17),(15,20)))),((((22,23),24),25),((26,27),28)))),(((29,(30,31)),36),(((32,33),34),35)));
Tree Score: 12661.871678946787
Score Improvement: 0.008057271187912773

Step Number: 9
Time Spent: 19.761402201 seconds
New Tree:
Tree: (((((5,6),(7,(8,9))),((0,4),(1,(2,3)))),(((((12,13),14),(11,(10,21))),((18,19),((16,17),(15,20)))),((((22,23),24),25),((26,27),28)))),(((29,(30,31)),36),((35,34),(32,33))));
Tree Score: 12737.263828730458
Score Improvement: 0.0059542658222502265

Step Number: 10
Time Spent: 19.675579346 seconds
New Tree:
Tree: (((((5,6),(7,(8,9))),((0,4),(1,(2,3)))),(((((12,13),14),(11,(10,21))),((18,19),((16,17),(15,20)))),((((22,23),24),25),((26,27),28)))),(((29,36),(30,31)),((35,34),(32,33))));
Tree Score: 12809.220453936563
Score Improvement: 0.005649300051695505

Step Number: 11
Time Spent: 19.661102016 seconds
New Tree:
Tree: (((((8,9),(7,(5,6))),((0,4),(1,(2,3)))),(((((12,13),14),(11,(10,21))),((18,19),((16,17),(15,20)))),((((22,23),24),25),((26,27),28)))),(((29,36),(30,31)),((35,34),(32,33))));
Tree Score: 12879.680304064255
Score Improvement: 0.005500713363555176

Step Number: 12
Time Spent: 22.237163679 seconds
New Tree:
Tree: (((((8,9),(7,(5,6))),((0,4),(1,(2,3)))),(((((12,13),14),(11,(10,21))),((18,19),((16,17),(15,20)))),((((22,23),24),25),((28,27),26)))),(((29,36),(30,31)),((35,34),(32,33))));
Tree Score: 12916.919554082982
Score Improvement: 0.0028913178851943666

Step Number: 13
Time Spent: 19.696979833 seconds
New Tree:
Tree: (((((8,9),(7,(5,6))),((0,4),(1,(2,3)))),(((((12,13),14),(11,(10,21))),((18,19),((16,17),(15,20)))),(((25,24),(22,23)),((28,27),26)))),(((29,36),(30,31)),((35,34),(32,33))));
Tree Score: 12952.188253799875
Score Improvement: 0.0027304265207523937

Step Number: 14
Time Spent: 19.62724834 seconds
New Tree:
Tree: (((((8,9),(7,(5,6))),((2,3),(1,(0,4)))),(((((12,13),14),(11,(10,21))),((18,19),((16,17),(15,20)))),(((25,24),(22,23)),((28,27),26)))),(((29,36),(30,31)),((35,34),(32,33))));
Tree Score: 12977.124253800095
Score Improvement: 0.0019252345249771707

Step Number: 15
Time Spent: 20.042825698 seconds
New Tree:
Tree: (((((8,9),(7,(5,6))),((2,3),(1,(0,4)))),(((((12,13),14),(11,(10,21))),((18,19),(15,((16,17),20)))),(((25,24),(22,23)),((28,27),26)))),(((29,36),(30,31)),((35,34),(32,33))));
Tree Score: 12995.944978893225
Score Improvement: 0.0014503001377688118

Step Number: 16
Time Spent: 20.259845613 seconds
New Tree:
Tree: (((((8,9),(7,(5,6))),((2,3),(1,(0,4)))),(((((12,13),14),(11,(10,21))),((18,19),(15,((20,17),16)))),(((25,24),(22,23)),((28,27),26)))),(((29,36),(30,31)),((35,34),(32,33))));
Tree Score: 13017.965978755572
Score Improvement: 0.001694451607644698

Step Number: 17
Time Spent: 20.264073456 seconds
New Tree:
Tree: (((((8,9),(7,(5,6))),((2,3),(0,(1,4)))),(((((12,13),14),(11,(10,21))),((18,19),(15,((20,17),16)))),(((25,24),(22,23)),((28,27),26)))),(((29,36),(30,31)),((35,34),(32,33))));
Tree Score: 13028.41737880926
Score Improvement: 8.028443207444003E-4

Step Number: 18
Time Spent: 20.233560358 seconds
New Tree:
Tree: (((((8,9),(7,(5,6))),((1,4),(0,(2,3)))),(((((12,13),14),(11,(10,21))),((18,19),(15,((20,17),16)))),(((25,24),(22,23)),((28,27),26)))),(((29,36),(30,31)),((35,34),(32,33))));
Tree Score: 13032.564679092684
Score Improvement: 3.1832725056624156E-4

Step Number: 19
Time Spent: 20.228264293 seconds
New Tree:
Tree: (((((8,9),(7,(5,6))),((1,4),(0,(2,3)))),(((((12,13),14),(21,(10,11))),((18,19),(15,((20,17),16)))),(((25,24),(22,23)),((28,27),26)))),(((29,36),(30,31)),((35,34),(32,33))));
Tree Score: 13035.205253873908
Score Improvement: 2.02613594963319E-4

Step Number: 20
Time Spent: 20.235799818 seconds
New Tree:
Tree: (((((8,9),(7,(5,6))),((1,4),(0,(2,3)))),(((((12,14),13),(21,(10,11))),((18,19),(15,((20,17),16)))),(((25,24),(22,23)),((28,27),26)))),(((29,36),(30,31)),((35,34),(32,33))));
Tree Score: 13035.583704006815
Score Improvement: 2.903292472478114E-5

Step Number: 21
Time Spent: 20.219439568 seconds
New Tree:
Tree: (((((8,9),(6,(5,7))),((1,4),(0,(2,3)))),(((((12,14),13),(21,(10,11))),((18,19),(15,((20,17),16)))),(((25,24),(22,23)),((28,27),26)))),(((29,36),(30,31)),((35,34),(32,33))));
Tree Score: 13035.627929025475
Score Improvement: 3.3926381559634677E-6

Step Number: 22
Time Spent: 20.229211271 seconds
New Tree:
Tree: (((((8,9),(6,(5,7))),((1,4),(0,(2,3)))),(((((12,14),13),(21,(10,11))),((18,19),(15,((20,17),16)))),(((25,24),(22,23)),((28,27),26)))),(((29,36),(30,31)),((35,34),(32,33))));
Tree Score: 13035.627929025475
Score Improvement: 0.0

TOTAL STEPS: 22
TOTAL TIME: 445.374870797 seconds
Final tree: Tree: (((((8,9),(6,(5,7))),((1,4),(0,(2,3)))),(((((12,14),13),(21,(10,11))),((18,19),(15,((20,17),16)))),(((25,24),(22,23)),((28,27),26)))),(((29,36),(30,31)),((35,34),(32,33))));
Tree Score: 13035.627929025475
Total Score Improvement: 0.49441037783939024

--------------ITERATION 5--------------
Input tree: (((((((0,1),(2,(3,4))),(5,6)),((7,8),(9,10))),(((((11,12),(13,(14,((15,(16,17)),18)))),(((19,(20,21)),22),(23,24))),(25,26)),((27,(28,29)),30))),31),(32,(33,((34,35),36))));
Initial Score: 8480.784599551618

Step Number: 1
Time Spent: 22.232955951 seconds
New Tree:
Tree: (((((((0,1),(2,(3,4))),(5,6)),((7,8),(9,10))),((((27,(28,29)),30),(25,26)),(((11,12),(13,(14,((15,(16,17)),18)))),(((19,(20,21)),22),(23,24))))),31),(32,(33,((34,35),36))));
Tree Score: 10772.642548479991
Score Improvement: 0.27024126388607295

Step Number: 2
Time Spent: 21.486057411 seconds
New Tree:
Tree: (((((((0,1),(2,(3,4))),(5,6)),((7,8),(9,10))),((((27,(28,29)),30),(25,26)),(((11,12),(13,(14,((15,(16,17)),18)))),(((19,(20,21)),22),(23,24))))),(33,((34,35),36))),(32,31));
Tree Score: 11219.003574130045
Score Improvement: 0.041434682682665924

Step Number: 3
Time Spent: 21.417981924 seconds
New Tree:
Tree: (((((((0,1),(2,(3,4))),(5,6)),((7,8),(9,10))),((((27,(28,29)),30),(25,26)),(((11,12),(13,(14,((15,(16,17)),18)))),(((23,24),22),(19,(20,21)))))),(33,((34,35),36))),(32,31));
Tree Score: 11426.5271743236
Score Improvement: 0.018497507271687308

Step Number: 4
Time Spent: 21.341717617 seconds
New Tree:
Tree: (((((((0,1),(5,6)),(2,(3,4))),((7,8),(9,10))),((((27,(28,29)),30),(25,26)),(((11,12),(13,(14,((15,(16,17)),18)))),(((23,24),22),(19,(20,21)))))),(33,((34,35),36))),(32,31));
Tree Score: 11605.769350229886
Score Improvement: 0.015686496270630457

Step Number: 5
Time Spent: 21.276975934 seconds
New Tree:
Tree: (((((((0,1),(5,6)),(2,(3,4))),((7,8),(9,10))),((((25,26),30),(27,(28,29))),(((11,12),(13,(14,((15,(16,17)),18)))),(((23,24),22),(19,(20,21)))))),(33,((34,35),36))),(32,31));
Tree Score: 11774.413549613797
Score Improvement: 0.014531065911676855

Step Number: 6
Time Spent: 22.789991382 seconds
New Tree:
Tree: (((((((0,1),(5,6)),(2,(3,4))),((7,8),(9,10))),((((25,26),30),(27,(28,29))),(((11,12),(((15,(16,17)),18),(14,13))),(((23,24),22),(19,(20,21)))))),(33,((34,35),36))),(32,31));
Tree Score: 11925.521975039323
Score Improvement: 0.012833626472248616

Step Number: 7
Time Spent: 21.28943981 seconds
New Tree:
Tree: (((((((0,1),(5,6)),(2,(3,4))),((7,8),(9,10))),((((25,26),30),(27,(28,29))),((((15,(16,17)),18),((11,12),(14,13))),(((23,24),22),(19,(20,21)))))),(33,((34,35),36))),(32,31));
Tree Score: 12099.54320190024
Score Improvement: 0.014592336270492057

Step Number: 8
Time Spent: 21.283180634 seconds
New Tree:
Tree: ((33,((((((0,1),(5,6)),(2,(3,4))),((7,8),(9,10))),((((25,26),30),(27,(28,29))),((((15,(16,17)),18),((11,12),(14,13))),(((23,24),22),(19,(20,21)))))),((34,35),36))),(32,31));
Tree Score: 12230.634376979586
Score Improvement: 0.010834390430438434

Step Number: 9
Time Spent: 21.393758801 seconds
New Tree:
Tree: ((33,((((((0,1),(5,6)),(2,(3,4))),((7,8),(9,10))),((((25,26),30),(27,(28,29))),((((15,(16,17)),18),(((23,24),22),(19,(20,21)))),((11,12),(14,13))))),((34,35),36))),(32,31));
Tree Score: 12320.482102990652
Score Improvement: 0.0073461214882015735

Step Number: 10
Time Spent: 21.529152975 seconds
New Tree:
Tree: ((33,((((((0,1),(5,6)),(2,(3,4))),((7,8),(9,10))),((((25,26),30),(27,(28,29))),((((15,(16,17)),18),(((23,22),24),(19,(20,21)))),((11,12),(14,13))))),((34,35),36))),(32,31));
Tree Score: 12371.879178008276
Score Improvement: 0.004171677259702911

Step Number: 11
Time Spent: 21.999741658 seconds
New Tree:
Tree: ((33,((((((0,1),(5,6)),(2,(3,4))),((7,8),(9,10))),((((25,26),30),(27,(28,29))),((((15,18),(16,17)),(((23,22),24),(19,(20,21)))),((11,12),(14,13))))),((34,35),36))),(32,31));
Tree Score: 12415.074752897483
Score Improvement: 0.0034914320021803835

Step Number: 12
Time Spent: 21.485102331 seconds
New Tree:
Tree: ((33,((((((0,1),(5,6)),(2,(3,4))),((7,8),(9,10))),((((25,26),30),(29,(28,27))),((((15,18),(16,17)),(((23,22),24),(19,(20,21)))),((11,12),(14,13))))),((34,35),36))),(32,31));
Tree Score: 12452.086602944873
Score Improvement: 0.002981202351500345

Step Number: 13
Time Spent: 21.498213146 seconds
New Tree:
Tree: ((31,((((((0,1),(5,6)),(2,(3,4))),((7,8),(9,10))),((((25,26),30),(29,(28,27))),((((15,18),(16,17)),(((23,22),24),(19,(20,21)))),((11,12),(14,13))))),((34,35),36))),(32,33));
Tree Score: 12466.580377843224
Score Improvement: 0.001163963547677449

Step Number: 14
Time Spent: 21.500342956 seconds
New Tree:
Tree: ((31,((((((0,1),(5,6)),(2,(3,4))),((7,8),(9,10))),((((30,26),25),(29,(28,27))),((((15,18),(16,17)),(((23,22),24),(19,(20,21)))),((11,12),(14,13))))),((34,35),36))),(32,33));
Tree Score: 12475.921302875031
Score Improvement: 7.492772475448106E-4

Step Number: 15
Time Spent: 21.510579244 seconds
New Tree:
Tree: ((31,((((((0,1),(5,6)),(3,(2,4))),((7,8),(9,10))),((((30,26),25),(29,(28,27))),((((15,18),(16,17)),(((23,22),24),(19,(20,21)))),((11,12),(14,13))))),((34,35),36))),(32,33));
Tree Score: 12482.556477400001
Score Improvement: 5.318384401351572E-4

Step Number: 16
Time Spent: 21.525793958 seconds
New Tree:
Tree: ((31,((((((0,1),(5,6)),(3,(2,4))),((7,8),(9,10))),((((30,26),25),(29,(28,27))),((((15,18),(16,17)),(((23,22),24),(21,(20,19)))),((11,12),(14,13))))),((34,35),36))),(32,33));
Tree Score: 12487.026677316513
Score Improvement: 3.5811573731758806E-4

Step Number: 17
Time Spent: 21.56498735 seconds
New Tree:
Tree: ((31,((((((0,1),(5,6)),(3,(2,4))),((7,8),(9,10))),((((30,26),25),(29,(28,27))),((((15,18),(16,17)),(((23,22),24),(21,(20,19)))),((11,12),(14,13))))),((34,35),36))),(32,33));
Tree Score: 12487.026677316513
Score Improvement: 0.0

TOTAL STEPS: 17
TOTAL TIME: 367.125973082 seconds
Final tree: Tree: ((31,((((((0,1),(5,6)),(3,(2,4))),((7,8),(9,10))),((((30,26),25),(29,(28,27))),((((15,18),(16,17)),(((23,22),24),(21,(20,19)))),((11,12),(14,13))))),((34,35),36))),(32,33));
Tree Score: 12487.026677316513
Total Score Improvement: 0.4723905000460342

--------------ITERATION 6--------------
Input tree: ((0,(1,2)),(((((((3,4),5),(6,7)),(((8,9),10),(11,12))),(13,14)),((15,((16,(17,18)),19)),((20,(21,(22,23))),(24,(25,((26,27),(28,29))))))),(((30,(31,32)),(33,34)),(35,36))));
Initial Score: 10480.95209874283

Step Number: 1
Time Spent: 20.298035107 seconds
New Tree:
Tree: ((0,(1,2)),((35,36),(((30,(31,32)),(33,34)),((((((3,4),5),(6,7)),(((8,9),10),(11,12))),(13,14)),((15,((16,(17,18)),19)),((20,(21,(22,23))),(24,(25,((26,27),(28,29))))))))));
Tree Score: 11249.233574143382
Score Improvement: 0.07330264160759836

Step Number: 2
Time Spent: 20.520424141 seconds
New Tree:
Tree: ((0,(1,2)),((35,36),(((30,(31,32)),(33,34)),((((((3,4),5),(6,7)),(((8,9),10),(11,12))),(13,14)),((24,(25,((26,27),(28,29)))),((20,(21,(22,23))),(15,((16,(17,18)),19))))))));
Tree Score: 11718.907022873642
Score Improvement: 0.04175159539844708

Step Number: 3
Time Spent: 20.569725173 seconds
New Tree:
Tree: ((0,(1,2)),((35,36),(((30,(31,32)),(33,34)),((24,(25,((26,27),(28,29)))),((((((3,4),5),(6,7)),(((8,9),10),(11,12))),(13,14)),((20,(21,(22,23))),(15,((16,(17,18)),19))))))));
Tree Score: 13000.927101742946
Score Improvement: 0.10939758088079232

Step Number: 4
Time Spent: 20.610735835 seconds
New Tree:
Tree: ((0,(1,2)),((35,36),(((30,(31,32)),(33,34)),((((26,27),(28,29)),(25,24)),((((((3,4),5),(6,7)),(((8,9),10),(11,12))),(13,14)),((20,(21,(22,23))),(15,((16,(17,18)),19))))))));
Tree Score: 13446.959952239416
Score Improvement: 0.03430777259236195

Step Number: 5
Time Spent: 20.737535199 seconds
New Tree:
Tree: ((0,(1,2)),((35,36),(((30,(31,32)),(33,34)),((((26,27),(28,29)),(25,24)),((((((3,4),5),(6,7)),(13,14)),(((8,9),10),(11,12))),((20,(21,(22,23))),(15,((16,(17,18)),19))))))));
Tree Score: 13693.309326828461
Score Improvement: 0.018320079442790238

Step Number: 6
Time Spent: 20.628021832 seconds
New Tree:
Tree: ((0,(1,2)),((35,36),(((30,(31,32)),(33,34)),((((26,27),(28,29)),(25,24)),((((((3,4),5),(6,7)),(13,14)),(((8,9),10),(11,12))),((20,(21,(22,23))),((16,(17,18)),(15,19))))))));
Tree Score: 13883.430476919286
Score Improvement: 0.013884236859992072

Step Number: 7
Time Spent: 20.636127961 seconds
New Tree:
Tree: ((0,(1,2)),((35,36),(((30,(31,32)),(33,34)),((((26,27),(28,29)),(25,24)),(((((13,14),(6,7)),((3,4),5)),(((8,9),10),(11,12))),((20,(21,(22,23))),((16,(17,18)),(15,19))))))));
Tree Score: 14001.171126341917
Score Improvement: 0.008480659705709659

Step Number: 8
Time Spent: 20.560593984 seconds
New Tree:
Tree: ((0,(1,2)),((35,36),(((30,(31,32)),(33,34)),((((26,27),(28,29)),(25,24)),(((((13,14),(6,7)),((3,4),5)),(((8,9),10),(11,12))),(((22,23),(21,20)),((16,(17,18)),(15,19))))))));
Tree Score: 14054.287776421635
Score Improvement: 0.003793729081689845

Step Number: 9
Time Spent: 20.612050457 seconds
New Tree:
Tree: ((0,(1,2)),((35,36),(((30,(31,32)),(33,34)),((((26,27),(28,29)),(25,24)),(((((13,14),(6,7)),((3,4),5)),(((11,12),10),(8,9))),(((22,23),(21,20)),((16,(17,18)),(15,19))))))));
Tree Score: 14087.319851156204
Score Improvement: 0.0023503200774062094

Step Number: 10
Time Spent: 20.643586172 seconds
New Tree:
Tree: ((0,(1,2)),((35,36),(((30,(33,34)),(31,32)),((((26,27),(28,29)),(25,24)),(((((13,14),(6,7)),((3,4),5)),(((11,12),10),(8,9))),(((22,23),(21,20)),((16,(17,18)),(15,19))))))));
Tree Score: 14110.719625931113
Score Improvement: 0.0016610522812108286

Step Number: 11
Time Spent: 20.626980848 seconds
New Tree:
Tree: ((0,(1,2)),((35,36),(((30,(33,34)),(31,32)),((((26,27),(28,29)),(25,24)),(((((13,14),(6,7)),((3,4),5)),(((11,12),10),(8,9))),(((22,23),(21,20)),((16,(15,19)),(17,18))))))));
Tree Score: 14133.012276234567
Score Improvement: 0.0015798379455067568

Step Number: 12
Time Spent: 20.610323352 seconds
New Tree:
Tree: ((0,(1,2)),((35,36),(((30,(33,34)),(31,32)),((((26,27),(28,29)),(25,24)),(((((13,14),(6,7)),((3,4),5)),(((11,12),10),(8,9))),(((22,23),(21,20)),((15,(16,19)),(17,18))))))));
Tree Score: 14151.45557623263
Score Improvement: 0.0013049801158864227

Step Number: 13
Time Spent: 20.616135544 seconds
New Tree:
Tree: ((0,(1,2)),((35,36),(((30,(33,34)),(31,32)),((((25,24),(28,29)),(26,27)),(((((13,14),(6,7)),((3,4),5)),(((11,12),10),(8,9))),(((22,23),(21,20)),((15,(16,19)),(17,18))))))));
Tree Score: 14157.138625252988
Score Improvement: 4.0158759568886815E-4

Step Number: 14
Time Spent: 20.639624914 seconds
New Tree:
Tree: ((0,(1,2)),((35,36),(((30,(33,34)),(31,32)),((((25,24),(28,29)),(26,27)),(((((13,14),(6,7)),((3,4),5)),(((11,12),10),(8,9))),(((22,23),(21,20)),((15,(16,19)),(17,18))))))));
Tree Score: 14157.138625252988
Score Improvement: 0.0

TOTAL STEPS: 14
TOTAL TIME: 288.309900519 seconds
Final tree: Tree: ((0,(1,2)),((35,36),(((30,(33,34)),(31,32)),((((25,24),(28,29)),(26,27)),(((((13,14),(6,7)),((3,4),5)),(((11,12),10),(8,9))),(((22,23),(21,20)),((15,(16,19)),(17,18))))))));
Tree Score: 14157.138625252988
Total Score Improvement: 0.3507492918464068

--------------ITERATION 7--------------
Input tree: (((0,1),((((2,3),4),5),(((((6,(7,8)),((9,(10,11)),12)),((13,14),(15,16))),(17,18)),(((19,20),21),(22,(23,24)))))),((25,((((26,27),28),((29,30),31)),((32,33),34))),(35,36)));
Initial Score: 9324.000875573009

Step Number: 1
Time Spent: 20.70109565 seconds
New Tree:
Tree: (((0,1),((((2,3),4),5),(((((19,20),21),(22,(23,24))),(17,18)),(((6,(7,8)),((9,(10,11)),12)),((13,14),(15,16)))))),((25,((((26,27),28),((29,30),31)),((32,33),34))),(35,36)));
Tree Score: 11359.76685036032
Score Improvement: 0.2183360986291416

Step Number: 2
Time Spent: 20.37178855 seconds
New Tree:
Tree: (((((((19,20),21),(22,(23,24))),(17,18)),(((6,(7,8)),((9,(10,11)),12)),((13,14),(15,16)))),((((2,3),4),5),(0,1))),((25,((((26,27),28),((29,30),31)),((32,33),34))),(35,36)));
Tree Score: 12277.54392607056
Score Improvement: 0.08079189368936124

Step Number: 3
Time Spent: 20.872765524 seconds
New Tree:
Tree: (((35,36),((((2,3),4),5),(0,1))),((25,((((26,27),28),((29,30),31)),((32,33),34))),(((((19,20),21),(22,(23,24))),(17,18)),(((6,(7,8)),((9,(10,11)),12)),((13,14),(15,16))))));
Tree Score: 13326.340627282334
Score Improvement: 0.08542398280365515

Step Number: 4
Time Spent: 20.114915731 seconds
New Tree:
Tree: (((((2,3),4),5),((35,36),(0,1))),((25,((((26,27),28),((29,30),31)),((32,33),34))),(((((19,20),21),(22,(23,24))),(17,18)),(((6,(7,8)),((9,(10,11)),12)),((13,14),(15,16))))));
Tree Score: 13713.228701686894
Score Improvement: 0.029031831410079922

Step Number: 5
Time Spent: 20.087549682 seconds
New Tree:
Tree: (((((2,3),4),5),((35,36),(0,1))),(((((26,27),28),((29,30),31)),(25,((32,33),34))),(((((19,20),21),(22,(23,24))),(17,18)),(((6,(7,8)),((9,(10,11)),12)),((13,14),(15,16))))));
Tree Score: 13944.324951447488
Score Improvement: 0.016852067065151966

Step Number: 6
Time Spent: 20.050020327 seconds
New Tree:
Tree: (((((2,3),4),5),((35,36),(0,1))),(((((26,27),28),((29,30),31)),((32,33),(25,34))),(((((19,20),21),(22,(23,24))),(17,18)),(((6,(7,8)),((9,(10,11)),12)),((13,14),(15,16))))));
Tree Score: 14105.519551455916
Score Improvement: 0.011559871171224811

Step Number: 7
Time Spent: 20.050487497 seconds
New Tree:
Tree: (((((2,3),4),5),((35,36),(0,1))),(((((26,27),28),((29,30),31)),((32,33),(25,34))),((((17,18),(22,(23,24))),((19,20),21)),(((6,(7,8)),((9,(10,11)),12)),((13,14),(15,16))))));
Tree Score: 14248.40357576828
Score Improvement: 0.010129653416248274

Step Number: 8
Time Spent: 19.98866448 seconds
New Tree:
Tree: (((((2,3),4),5),((35,36),(0,1))),(((((26,27),28),((29,30),31)),((32,33),(25,34))),((((17,18),(22,(23,24))),((19,20),21)),(((6,(7,8)),((13,14),(15,16))),((9,(10,11)),12)))));
Tree Score: 14357.73070052411
Score Improvement: 0.007672938527777173

Step Number: 9
Time Spent: 20.692182575 seconds
New Tree:
Tree: (((((2,3),4),5),((35,36),(0,1))),(((((26,27),28),((29,30),31)),((32,33),(25,34))),((((17,18),(22,(23,24))),((19,20),21)),(((6,(7,8)),((13,14),(15,16))),((9,12),(10,11))))));
Tree Score: 14444.876250644731
Score Improvement: 0.0060695907966459295

Step Number: 10
Time Spent: 20.681190605 seconds
New Tree:
Tree: (((((2,3),4),5),((35,36),(0,1))),(((((26,27),28),((29,30),31)),((32,33),(25,34))),((((23,24),(22,(17,18))),((19,20),21)),(((6,(7,8)),((13,14),(15,16))),((9,12),(10,11))))));
Tree Score: 14521.353725993475
Score Improvement: 0.0052944361738875845

Step Number: 11
Time Spent: 20.026689567 seconds
New Tree:
Tree: (((((2,3),4),5),((35,36),(0,1))),((((((29,30),31),28),(26,27)),((32,33),(25,34))),((((23,24),(22,(17,18))),((19,20),21)),(((6,(7,8)),((13,14),(15,16))),((9,12),(10,11))))));
Tree Score: 14567.921600734284
Score Improvement: 0.0032068549268551294

Step Number: 12
Time Spent: 20.157750089 seconds
New Tree:
Tree: (((((2,3),4),5),((35,36),(0,1))),(((((32,33),(25,34)),(26,27)),(((29,30),31),28)),((((23,24),(22,(17,18))),((19,20),21)),(((6,(7,8)),((13,14),(15,16))),((9,12),(10,11))))));
Tree Score: 14688.093100949125
Score Improvement: 0.008249049075661041

Step Number: 13
Time Spent: 20.142423768 seconds
New Tree:
Tree: ((((5,4),(2,3)),((35,36),(0,1))),(((((32,33),(25,34)),(26,27)),(((29,30),31),28)),((((23,24),(22,(17,18))),((19,20),21)),(((6,(7,8)),((13,14),(15,16))),((9,12),(10,11))))));
Tree Score: 14717.105075784893
Score Improvement: 0.001975203631701783

Step Number: 14
Time Spent: 20.069929773 seconds
New Tree:
Tree: ((((5,4),(2,3)),((35,36),(0,1))),(((((32,33),(25,34)),(26,27)),((28,31),(29,30))),((((23,24),(22,(17,18))),((19,20),21)),(((6,(7,8)),((13,14),(15,16))),((9,12),(10,11))))));
Tree Score: 14743.442550931177
Score Improvement: 0.0017895825986604663

Step Number: 15
Time Spent: 20.81552745 seconds
New Tree:
Tree: ((((5,4),(2,3)),((35,36),(0,1))),(((((32,33),(25,34)),(26,27)),((28,31),(29,30))),((((23,24),((19,20),21)),(22,(17,18))),(((6,(7,8)),((13,14),(15,16))),((9,12),(10,11))))));
Tree Score: 14752.245951077493
Score Improvement: 5.97106145047599E-4

Step Number: 16
Time Spent: 19.891246786 seconds
New Tree:
Tree: ((((5,4),(2,3)),((35,36),(0,1))),(((((32,33),(25,34)),(26,27)),((28,31),(29,30))),((((23,24),((19,20),21)),(18,(17,22))),(((6,(7,8)),((13,14),(15,16))),((9,12),(10,11))))));
Tree Score: 14780.148751583009
Score Improvement: 0.0018914272849062108

Step Number: 17
Time Spent: 19.900068089 seconds
New Tree:
Tree: ((((5,4),(2,3)),((35,36),(0,1))),(((((32,33),(25,34)),(26,27)),((28,31),(29,30))),((((23,24),((19,20),21)),(18,(17,22))),(((6,(7,8)),((13,14),(15,16))),((9,12),(10,11))))));
Tree Score: 14780.148751583009
Score Improvement: 0.0

TOTAL STEPS: 17
TOTAL TIME: 344.614296143 seconds
Final tree: Tree: ((((5,4),(2,3)),((35,36),(0,1))),(((((32,33),(25,34)),(26,27)),((28,31),(29,30))),((((23,24),((19,20),21)),(18,(17,22))),(((6,(7,8)),((13,14),(15,16))),((9,12),(10,11))))));
Tree Score: 14780.148751583009
Total Score Improvement: 0.5851723899237291

--------------ITERATION 8--------------
Input tree: (((((0,((1,2),3)),(4,5)),(((6,7),((8,9),(10,11))),(12,13))),(((14,((15,16),(((17,18),19),((20,21),22)))),((23,(24,(25,(26,27)))),((28,(29,(30,31))),32))),(33,(34,35)))),36);
Initial Score: 9722.47427781373

Step Number: 1
Time Spent: 20.514876858 seconds
New Tree:
Tree: (((((0,((1,2),3)),(4,5)),(((6,7),((8,9),(10,11))),(12,13))),((((((17,18),19),((20,21),22)),((15,16),14)),((23,(24,(25,(26,27)))),((28,(29,(30,31))),32))),(33,(34,35)))),36);
Tree Score: 11162.943252071665
Score Improvement: 0.14815868194632564

Step Number: 2
Time Spent: 20.721270282 seconds
New Tree:
Tree: (((33,(34,35)),((((((17,18),19),((20,21),22)),((15,16),14)),((23,(24,(25,(26,27)))),((28,(29,(30,31))),32))),(((0,((1,2),3)),(4,5)),(((6,7),((8,9),(10,11))),(12,13))))),36);
Tree Score: 11693.633301119691
Score Improvement: 0.04754033385859402

Step Number: 3
Time Spent: 21.036719474 seconds
New Tree:
Tree: (((33,(34,35)),(((0,((1,2),3)),(4,5)),((((((17,18),19),((20,21),22)),((15,16),14)),((23,(24,(25,(26,27)))),((28,(29,(30,31))),32))),(((6,7),((8,9),(10,11))),(12,13))))),36);
Tree Score: 12344.986702337017
Score Improvement: 0.05570154155209894

Step Number: 4
Time Spent: 21.435462849 seconds
New Tree:
Tree: (((33,(34,35)),(((0,((1,2),3)),(4,5)),((((((17,18),19),((20,21),22)),((15,16),14)),(((6,7),((8,9),(10,11))),(12,13))),((23,(24,(25,(26,27)))),((28,(29,(30,31))),32))))),36);
Tree Score: 15383.284851238714
Score Improvement: 0.24611595153249688

Step Number: 5
Time Spent: 21.183435896 seconds
New Tree:
Tree: (((33,(34,35)),(((0,((1,2),3)),(4,5)),((((((15,16),14),((20,21),22)),((17,18),19)),(((6,7),((8,9),(10,11))),(12,13))),((23,(24,(25,(26,27)))),((28,(29,(30,31))),32))))),36);
Tree Score: 15782.62162616034
Score Improvement: 0.025959135437154002

Step Number: 6
Time Spent: 21.175432645 seconds
New Tree:
Tree: (((33,(34,35)),(((0,((1,2),3)),(4,5)),((((((15,16),14),((20,21),22)),((17,18),19)),(((6,7),((8,9),(10,11))),(12,13))),(((25,(26,27)),(24,23)),((28,(29,(30,31))),32))))),36);
Tree Score: 15995.428200983675
Score Improvement: 0.013483601131931033

Step Number: 7
Time Spent: 21.289838883 seconds
New Tree:
Tree: (((33,(34,35)),(((0,((1,2),3)),(4,5)),((((((15,16),14),((20,21),22)),((17,18),19)),(((6,7),((8,9),(10,11))),(12,13))),(((25,(26,27)),(24,23)),((28,32),(29,(30,31))))))),36);
Tree Score: 16181.888101055752
Score Improvement: 0.01165707461714649

Step Number: 8
Time Spent: 21.196166427 seconds
New Tree:
Tree: ((((((0,((1,2),3)),(4,5)),((((((15,16),14),((20,21),22)),((17,18),19)),(((6,7),((8,9),(10,11))),(12,13))),(((25,(26,27)),(24,23)),((28,32),(29,(30,31)))))),(34,35)),33),36);
Tree Score: 16235.391951333266
Score Improvement: 0.00330640342729982

Step Number: 9
Time Spent: 22.214569115 seconds
New Tree:
Tree: ((((((0,((1,2),3)),(4,5)),((((((15,16),14),((20,21),22)),((17,18),19)),(((6,7),(12,13)),((8,9),(10,11)))),(((25,(26,27)),(24,23)),((28,32),(29,(30,31)))))),(34,35)),33),36);
Tree Score: 16273.942026350182
Score Improvement: 0.002374446833958377

Step Number: 10
Time Spent: 25.638109638 seconds
New Tree:
Tree: ((((((0,((1,2),3)),(4,5)),((((((15,16),14),((20,21),22)),((17,18),19)),(((6,7),(12,13)),((8,9),(10,11)))),(((27,(26,25)),(24,23)),((28,32),(29,(30,31)))))),(34,35)),33),36);
Tree Score: 16297.445726157166
Score Improvement: 0.0014442536276046969

Step Number: 11
Time Spent: 26.173504257 seconds
New Tree:
Tree: (((((((1,2),(0,3)),(4,5)),((((((15,16),14),((20,21),22)),((17,18),19)),(((6,7),(12,13)),((8,9),(10,11)))),(((27,(26,25)),(24,23)),((28,32),(29,(30,31)))))),(34,35)),33),36);
Tree Score: 16318.332001124509
Score Improvement: 0.00128156738904317

Step Number: 12
Time Spent: 22.197812725 seconds
New Tree:
Tree: (((((((1,2),(0,3)),(4,5)),((((((15,16),((20,21),22)),14),((17,18),19)),(((6,7),(12,13)),((8,9),(10,11)))),(((27,(26,25)),(24,23)),((28,32),(29,(30,31)))))),(34,35)),33),36);
Tree Score: 16326.559300813242
Score Improvement: 5.041752850822867E-4

Step Number: 13
Time Spent: 22.294617144 seconds
New Tree:
Tree: (((((((1,2),(4,5)),(0,3)),((((((15,16),((20,21),22)),14),((17,18),19)),(((6,7),(12,13)),((8,9),(10,11)))),(((27,(26,25)),(24,23)),((28,32),(29,(30,31)))))),(34,35)),33),36);
Tree Score: 16332.065750575974
Score Improvement: 3.372694553258615E-4

Step Number: 14
Time Spent: 22.216029916 seconds
New Tree:
Tree: (((((((1,2),(4,5)),(0,3)),((((((15,16),((20,21),22)),14),((17,18),19)),(((6,7),(12,13)),((8,9),(10,11)))),(((27,(26,25)),(24,23)),((28,32),(30,(29,31)))))),(34,35)),33),36);
Tree Score: 16334.333950570668
Score Improvement: 1.3888016551821813E-4

Step Number: 15
Time Spent: 22.190380356 seconds
New Tree:
Tree: (((((((1,2),(4,5)),(0,3)),((((((15,16),((20,22),21)),14),((17,18),19)),(((6,7),(12,13)),((8,9),(10,11)))),(((27,(26,25)),(24,23)),((28,32),(30,(29,31)))))),(34,35)),33),36);
Tree Score: 16336.305475423927
Score Improvement: 1.2069820901339234E-4

Step Number: 16
Time Spent: 24.58925098 seconds
New Tree:
Tree: (((((((1,2),(4,5)),(0,3)),((((((15,16),((20,22),21)),14),((17,18),19)),(((6,7),(12,13)),((8,9),(10,11)))),(((27,(26,25)),(24,23)),((29,31),(30,(28,32)))))),(34,35)),33),36);
Tree Score: 16336.797224799753
Score Improvement: 3.0101627112921747E-5

Step Number: 17
Time Spent: 32.882961863 seconds
New Tree:
Tree: (((((((1,2),(4,5)),(0,3)),((((((15,16),((20,22),21)),14),((17,18),19)),(((6,7),(12,13)),((8,9),(10,11)))),(((27,(26,25)),(24,23)),((29,31),(30,(28,32)))))),(34,35)),33),36);
Tree Score: 16336.797224799753
Score Improvement: 0.0

TOTAL STEPS: 17
TOTAL TIME: 388.950439308 seconds
Final tree: Tree: (((((((1,2),(4,5)),(0,3)),((((((15,16),((20,22),21)),14),((17,18),19)),(((6,7),(12,13)),((8,9),(10,11)))),(((27,(26,25)),(24,23)),((29,31),(30,(28,32)))))),(34,35)),33),36);
Tree Score: 16336.797224799753
Total Score Improvement: 0.6803127226656311

--------------ITERATION 9--------------
Input tree: (((0,(1,2)),(3,((4,5),((6,7),8)))),((((9,10),(11,12)),13),(((((14,(15,(16,17))),18),(((19,20),21),(22,(23,(24,(25,26)))))),(27,28)),(((((29,30),(31,(32,33))),34),35),36))));
Initial Score: 7831.055698663895

Step Number: 1
Time Spent: 31.16402889 seconds
New Tree:
Tree: (((0,(1,2)),(3,((4,5),((6,7),8)))),((((9,10),(11,12)),13),(((((((29,30),(31,(32,33))),34),35),36),(27,28)),(((14,(15,(16,17))),18),(((19,20),21),(22,(23,(24,(25,26)))))))));
Tree Score: 9377.986048888797
Score Improvement: 0.19753790673316662

Step Number: 2
Time Spent: 28.616256509 seconds
New Tree:
Tree: (((0,(1,2)),(3,((4,5),((6,7),8)))),((((9,10),(11,12)),13),((((27,28),36),((((29,30),(31,(32,33))),34),35)),(((14,(15,(16,17))),18),(((19,20),21),(22,(23,(24,(25,26)))))))));
Tree Score: 9924.110149539429
Score Improvement: 0.058234688962385706

Step Number: 3
Time Spent: 29.785346727 seconds
New Tree:
Tree: (((0,(1,2)),(3,((4,5),((6,7),8)))),((((9,10),(11,12)),13),(((((29,30),(31,(32,33))),34),(((27,28),36),35)),(((14,(15,(16,17))),18),(((19,20),21),(22,(23,(24,(25,26)))))))));
Tree Score: 10376.99174968561
Score Improvement: 0.04563447939634169

Step Number: 4
Time Spent: 26.408266862 seconds
New Tree:
Tree: (((0,(1,2)),(3,((4,5),((6,7),8)))),((((9,10),13),(11,12)),(((((29,30),(31,(32,33))),34),(((27,28),36),35)),(((14,(15,(16,17))),18),(((19,20),21),(22,(23,(24,(25,26)))))))));
Tree Score: 10669.451749980104
Score Improvement: 0.0281835051380237

Step Number: 5
Time Spent: 20.379658056 seconds
New Tree:
Tree: (((0,(1,2)),(3,((4,5),((6,7),8)))),((((9,10),13),(11,12)),(((((29,30),(31,(32,33))),34),(((27,28),36),35)),(((14,(15,(16,17))),18),(((19,20),21),((24,(25,26)),(23,22)))))));
Tree Score: 10865.359300732558
Score Improvement: 0.018361538656643583

Step Number: 6
Time Spent: 20.694202315 seconds
New Tree:
Tree: (((0,(1,2)),(3,((4,5),((6,7),8)))),((((9,10),13),(11,12)),(((((29,30),(31,(32,33))),34),(((27,28),36),35)),(((14,18),(15,(16,17))),(((19,20),21),((24,(25,26)),(23,22)))))));
Tree Score: 11016.150251236617
Score Improvement: 0.013878137513031241

Step Number: 7
Time Spent: 29.953102138 seconds
New Tree:
Tree: (((0,(1,2)),(3,((4,5),((6,7),8)))),((((9,10),13),(11,12)),(((((29,30),(31,(32,33))),34),(((27,28),36),35)),(((14,18),(15,(16,17))),((24,(25,26)),(((19,20),21),(23,22)))))));
Tree Score: 11119.23260062905
Score Improvement: 0.009357384117093082

Step Number: 8
Time Spent: 29.955705611 seconds
New Tree:
Tree: (((0,(1,2)),(((6,7),8),((4,5),3))),((((9,10),13),(11,12)),(((((29,30),(31,(32,33))),34),(((27,28),36),35)),(((14,18),(15,(16,17))),((24,(25,26)),(((19,20),21),(23,22)))))));
Tree Score: 11209.416275398526
Score Improvement: 0.008110602413728962

Step Number: 9
Time Spent: 30.066237195 seconds
New Tree:
Tree: (((0,(1,2)),(((6,7),8),((4,5),3))),((((9,10),13),(11,12)),(((((29,30),(31,(32,33))),34),(((27,28),36),35)),(((14,18),(15,(16,17))),((24,(25,26)),(((23,22),21),(19,20)))))));
Tree Score: 11280.240350552787
Score Improvement: 0.00631826612681885

Step Number: 10
Time Spent: 27.742514883 seconds
New Tree:
Tree: (((1,(0,2)),(((6,7),8),((4,5),3))),((((9,10),13),(11,12)),(((((29,30),(31,(32,33))),34),(((27,28),36),35)),(((14,18),(15,(16,17))),((24,(25,26)),(((23,22),21),(19,20)))))));
Tree Score: 11348.300050134723
Score Improvement: 0.006033532749911696

Step Number: 11
Time Spent: 23.449143918 seconds
New Tree:
Tree: (((1,(0,2)),(((6,7),8),((4,5),3))),((((9,10),13),(11,12)),((((((27,28),36),35),34),((29,30),(31,(32,33)))),(((14,18),(15,(16,17))),((24,(25,26)),(((23,22),21),(19,20)))))));
Tree Score: 11391.346350620162
Score Improvement: 0.0037931937202284605

Step Number: 12
Time Spent: 20.34844871 seconds
New Tree:
Tree: (((1,(0,2)),(((6,7),8),((4,5),3))),((((9,10),13),(11,12)),((((34,35),((27,28),36)),((29,30),(31,(32,33)))),(((14,18),(15,(16,17))),((24,(25,26)),(((23,22),21),(19,20)))))));
Tree Score: 11491.305300231626
Score Improvement: 0.008774989938394873

Step Number: 13
Time Spent: 20.175543762 seconds
New Tree:
Tree: (((1,(0,2)),(((6,7),8),((4,5),3))),((((9,10),13),(11,12)),((((34,35),((27,28),36)),((32,33),(31,(29,30)))),(((14,18),(15,(16,17))),((24,(25,26)),(((23,22),21),(19,20)))))));
Tree Score: 11527.139224533992
Score Improvement: 0.0031183510807639703

Step Number: 14
Time Spent: 20.362521729 seconds
New Tree:
Tree: (((1,(0,2)),(((6,7),8),((4,5),3))),((((9,10),13),(11,12)),((((34,35),((27,36),28)),((32,33),(31,(29,30)))),(((14,18),(15,(16,17))),((24,(25,26)),(((23,22),21),(19,20)))))));
Tree Score: 11547.549124533467
Score Improvement: 0.0017705954271840518

Step Number: 15
Time Spent: 20.056883142 seconds
New Tree:
Tree: (((1,(0,2)),(((6,7),8),((4,5),3))),((((9,10),13),(11,12)),((((34,35),((27,36),28)),((32,33),(29,(31,30)))),(((14,18),(15,(16,17))),((24,(25,26)),(((23,22),21),(19,20)))))));
Tree Score: 11567.570349796832
Score Improvement: 0.0017338073254720143

Step Number: 16
Time Spent: 20.087843923 seconds
New Tree:
Tree: (((1,(0,2)),(((6,7),8),((4,5),3))),((((9,10),13),(11,12)),((((34,35),((27,36),28)),((32,33),(29,(31,30)))),(((14,18),(15,(16,17))),((24,(25,26)),(((21,22),23),(19,20)))))));
Tree Score: 11578.840224648924
Score Improvement: 9.742646477435279E-4

Step Number: 17
Time Spent: 20.118219503 seconds
New Tree:
Tree: (((1,(0,2)),(((6,8),7),((4,5),3))),((((9,10),13),(11,12)),((((34,35),((27,36),28)),((32,33),(29,(31,30)))),(((14,18),(15,(16,17))),((24,(25,26)),(((21,22),23),(19,20)))))));
Tree Score: 11586.734874662576
Score Improvement: 6.818169920719264E-4

Step Number: 18
Time Spent: 20.148846093 seconds
New Tree:
Tree: (((1,(0,2)),(((6,8),7),((4,5),3))),((((13,10),9),(11,12)),((((34,35),((27,36),28)),((32,33),(29,(31,30)))),(((14,18),(15,(16,17))),((24,(25,26)),(((21,22),23),(19,20)))))));
Tree Score: 11593.106674627033
Score Improvement: 5.499219610514139E-4

Step Number: 19
Time Spent: 20.122485269 seconds
New Tree:
Tree: (((1,(0,2)),(((6,8),7),((4,5),3))),((((11,12),9),(13,10)),((((34,35),((27,36),28)),((32,33),(29,(31,30)))),(((14,18),(15,(16,17))),((24,(25,26)),(((21,22),23),(19,20)))))));
Tree Score: 11596.822975070547
Score Improvement: 3.2056122209644933E-4

Step Number: 20
Time Spent: 20.099315982 seconds
New Tree:
Tree: (((1,(0,2)),(((6,8),7),((4,5),3))),((((11,12),9),(13,10)),((((34,35),((27,36),28)),((31,30),(29,(32,33)))),(((14,18),(15,(16,17))),((24,(25,26)),(((21,22),23),(19,20)))))));
Tree Score: 11600.33519910309
Score Improvement: 3.0286088182029935E-4

Step Number: 21
Time Spent: 20.102898281 seconds
New Tree:
Tree: (((1,(0,2)),(((6,8),7),((4,5),3))),((((11,12),9),(13,10)),((((34,35),((27,36),28)),((31,30),(33,(32,29)))),(((14,18),(15,(16,17))),((24,(25,26)),(((21,22),23),(19,20)))))));
Tree Score: 11602.226749043311
Score Improvement: 1.630599381616804E-4

Step Number: 22
Time Spent: 20.066100585 seconds
New Tree:
Tree: (((1,(0,2)),(((6,8),7),((4,5),3))),((((11,12),9),(13,10)),((((34,35),((27,36),28)),((31,30),(33,(32,29)))),(((14,18),(15,(16,17))),((25,(24,26)),(((21,22),23),(19,20)))))));
Tree Score: 11603.10327409078
Score Improvement: 7.554800181264198E-5

Step Number: 23
Time Spent: 20.082041439 seconds
New Tree:
Tree: (((1,(0,2)),(((6,8),7),((4,5),3))),((((11,12),9),(13,10)),((((34,35),((27,36),28)),((31,30),(33,(32,29)))),(((14,18),(15,(16,17))),((25,(24,26)),(((21,22),23),(19,20)))))));
Tree Score: 11603.10327409078
Score Improvement: 0.0

TOTAL STEPS: 23
TOTAL TIME: 539.985611522 seconds
Final tree: Tree: (((1,(0,2)),(((6,8),7),((4,5),3))),((((11,12),9),(13,10)),((((34,35),((27,36),28)),((31,30),(33,(32,29)))),(((14,18),(15,(16,17))),((25,(24,26)),(((21,22),23),(19,20)))))));
Tree Score: 11603.10327409078
Total Score Improvement: 0.4816780419618847

--------------ITERATION 10--------------
Input tree: (((0,1),2),(((((3,4),((((5,6),(7,8)),9),(10,(11,(12,13))))),14),(15,(16,17))),((((18,19),20),((((21,22),(23,24)),25),(26,(27,((28,29),30))))),((31,(32,(33,34))),(35,36)))));
Initial Score: 8794.322398835622

Step Number: 1
Time Spent: 20.962439847 seconds
New Tree:
Tree: (((0,1),2),(((31,(32,(33,34))),(35,36)),((((18,19),20),((((21,22),(23,24)),25),(26,(27,((28,29),30))))),((((3,4),((((5,6),(7,8)),9),(10,(11,(12,13))))),14),(15,(16,17))))));
Tree Score: 10230.519051580904
Score Improvement: 0.16330952944543364

Step Number: 2
Time Spent: 21.078754569 seconds
New Tree:
Tree: (((0,1),2),(((31,(32,(33,34))),(35,36)),((((18,19),20),((((21,22),(23,24)),25),(26,(27,((28,29),30))))),(((15,(16,17)),14),((3,4),((((5,6),(7,8)),9),(10,(11,(12,13)))))))));
Tree Score: 10774.219250241811
Score Improvement: 0.05314492802561066

Step Number: 3
Time Spent: 20.481005581 seconds
New Tree:
Tree: (((0,1),2),(((31,(32,(33,34))),((((18,19),20),((((21,22),(23,24)),25),(26,(27,((28,29),30))))),(((15,(16,17)),14),((3,4),((((5,6),(7,8)),9),(10,(11,(12,13)))))))),(35,36)));
Tree Score: 11300.778501033368
Score Improvement: 0.0488721492074462

Step Number: 4
Time Spent: 20.624520409 seconds
New Tree:
Tree: (((0,1),2),(((31,(32,(33,34))),(((26,(27,((28,29),30))),((((21,22),(23,24)),25),((18,19),20))),(((15,(16,17)),14),((3,4),((((5,6),(7,8)),9),(10,(11,(12,13)))))))),(35,36)));
Tree Score: 11821.861274807616
Score Improvement: 0.04611034308181505

Step Number: 5
Time Spent: 20.711182267 seconds
New Tree:
Tree: (((0,1),2),(((31,(32,(33,34))),(((26,(27,((28,29),30))),((((21,22),(23,24)),25),((18,19),20))),(((((5,6),(7,8)),9),(10,(11,(12,13)))),((3,4),((15,(16,17)),14))))),(35,36)));
Tree Score: 12224.24317506558
Score Improvement: 0.03403710218757516

Step Number: 6
Time Spent: 20.871783347 seconds
New Tree:
Tree: (((0,1),2),(((31,(32,(33,34))),(((((28,29),30),(27,26)),((((21,22),(23,24)),25),((18,19),20))),(((((5,6),(7,8)),9),(10,(11,(12,13)))),((3,4),((15,(16,17)),14))))),(35,36)));
Tree Score: 12496.7933497545
Score Improvement: 0.02229587310933523

Step Number: 7
Time Spent: 20.968362598 seconds
New Tree:
Tree: (((0,1),2),(((31,(32,(33,34))),(((((28,29),30),(27,26)),((((21,22),(23,24)),25),((18,19),20))),(((((5,6),(7,8)),9),((12,13),(11,10))),((3,4),((15,(16,17)),14))))),(35,36)));
Tree Score: 12610.413749807018
Score Improvement: 0.009091964384187357

Step Number: 8
Time Spent: 21.011938948 seconds
New Tree:
Tree: (((0,1),2),(((31,(32,(33,34))),(((((28,29),30),(27,26)),((((21,22),(23,24)),25),((18,19),20))),(((((5,6),9),(7,8)),((12,13),(11,10))),((3,4),((15,(16,17)),14))))),(35,36)));
Tree Score: 12697.689899505755
Score Improvement: 0.006920958457851789

Step Number: 9
Time Spent: 20.984421903 seconds
New Tree:
Tree: (((0,1),2),(((31,(32,(33,34))),(((((28,29),30),(27,26)),((((21,22),(23,24)),25),((18,19),20))),(((((5,6),9),(7,8)),((12,13),(11,10))),((3,4),((15,14),(16,17)))))),(35,36)));
Tree Score: 12759.42162414902
Score Improvement: 0.004861650042789822

Step Number: 10
Time Spent: 20.945269786 seconds
New Tree:
Tree: (((0,1),2),((((33,34),(32,31)),(((((28,29),30),(27,26)),((((21,22),(23,24)),25),((18,19),20))),(((((5,6),9),(7,8)),((12,13),(11,10))),((3,4),((15,14),(16,17)))))),(35,36)));
Tree Score: 12811.522399264211
Score Improvement: 0.004083317931635966

Step Number: 11
Time Spent: 20.988420246 seconds
New Tree:
Tree: (((0,1),2),((((33,34),(32,31)),(((((28,29),30),(27,26)),((((21,22),(23,24)),25),((18,19),20))),((((3,4),((15,14),(16,17))),((12,13),(11,10))),(((5,6),9),(7,8))))),(35,36)));
Tree Score: 12857.707776586778
Score Improvement: 0.003604987438902585

Step Number: 12
Time Spent: 21.050901515 seconds
New Tree:
Tree: (((2,1),0),((((33,34),(32,31)),(((((28,29),30),(27,26)),((((21,22),(23,24)),25),((18,19),20))),((((3,4),((15,14),(16,17))),((12,13),(11,10))),(((5,6),9),(7,8))))),(35,36)));
Tree Score: 12875.155526498585
Score Improvement: 0.0013569875917991414

Step Number: 13
Time Spent: 21.049953909 seconds
New Tree:
Tree: (((2,1),0),((((33,34),(32,31)),(((((28,29),30),(27,26)),((((21,22),(23,24)),25),((18,19),20))),((((3,4),((15,14),(16,17))),((12,13),(11,10))),(((9,6),5),(7,8))))),(35,36)));
Tree Score: 12890.789901496892
Score Improvement: 0.0012143057197351315

Step Number: 14
Time Spent: 21.049706811 seconds
New Tree:
Tree: (((2,1),0),((((33,34),(32,31)),(((((27,26),30),(28,29)),((((21,22),(23,24)),25),((18,19),20))),((((3,4),((15,14),(16,17))),((12,13),(11,10))),(((9,6),5),(7,8))))),(35,36)));
Tree Score: 12902.224251167898
Score Improvement: 8.870169910750736E-4

Step Number: 15
Time Spent: 26.141483844 seconds
New Tree:
Tree: (((2,1),0),((((33,34),(32,31)),(((((27,30),26),(28,29)),((((21,22),(23,24)),25),((18,19),20))),((((3,4),((15,14),(16,17))),((12,13),(11,10))),(((9,6),5),(7,8))))),(35,36)));
Tree Score: 12921.016726151158
Score Improvement: 0.0014565298678295147

Step Number: 16
Time Spent: 21.144503921 seconds
New Tree:
Tree: (((2,1),0),((((33,34),(32,31)),(((((27,30),26),(28,29)),((((21,22),25),(23,24)),((18,19),20))),((((3,4),((15,14),(16,17))),((12,13),(11,10))),(((9,6),5),(7,8))))),(35,36)));
Tree Score: 12925.73882619471
Score Improvement: 3.6545886005989736E-4

Step Number: 17
Time Spent: 21.001947385 seconds
New Tree:
Tree: (((2,1),0),((((33,34),(32,31)),(((((27,30),26),(28,29)),((((21,25),22),(23,24)),((18,19),20))),((((3,4),((15,14),(16,17))),((12,13),(11,10))),(((9,6),5),(7,8))))),(35,36)));
Tree Score: 12951.300575920779
Score Improvement: 0.0019775851941450373

Step Number: 18
Time Spent: 22.134760154 seconds
New Tree:
Tree: (((2,1),0),((((33,34),(32,31)),(((((27,30),26),(28,29)),((((21,25),22),(23,24)),((18,19),20))),((((3,4),((15,14),(16,17))),((12,13),(11,10))),(((7,8),5),(9,6))))),(35,36)));
Tree Score: 12951.414425901376
Score Improvement: 8.790621446097546E-6

Step Number: 19
Time Spent: 21.019154392 seconds
New Tree:
Tree: (((2,1),0),((((33,34),(32,31)),(((((27,30),26),(28,29)),((((21,25),22),(23,24)),((18,19),20))),((((3,4),((15,14),(16,17))),((12,13),(11,10))),(((7,8),5),(9,6))))),(35,36)));
Tree Score: 12951.414425901376
Score Improvement: 0.0

TOTAL STEPS: 19
TOTAL TIME: 404.220511432 seconds
Final tree: Tree: (((2,1),0),((((33,34),(32,31)),(((((27,30),26),(28,29)),((((21,25),22),(23,24)),((18,19),20))),((((3,4),((15,14),(16,17))),((12,13),(11,10))),(((7,8),5),(9,6))))),(35,36)));
Tree Score: 12951.414425901376
Total Score Improvement: 0.47270179992675243

===========================================================
RESULTS FROM 10 ITERATION(S):
AVERAGE TIME PER RUN: 456.881016962 seconds
AVERAGE IMPROVEMENT: 0.4748847127006651
BEST Tree: (((((((1,2),(4,5)),(0,3)),((((((15,16),((20,22),21)),14),((17,18),19)),(((6,7),(12,13)),((8,9),(10,11)))),(((27,(26,25)),(24,23)),((29,31),(30,(28,32)))))),(34,35)),33),36);
Tree Score: 16336.797224799753
BEST'S IMPROVEMENT :0.6803127226656311
