--------------ITERATION 1--------------
Input tree: ((((0,(1,2)),((3,4),(((5,6),(7,8)),(((9,10),(11,12)),13)))),(14,((((15,16),(17,18)),(19,((20,21),(22,23)))),(((((24,(25,26)),27),((28,29),30)),31),32)))),(((33,34),35),36));
Initial Score: 7646.427774130014

Step Number: 1
Time Spent: 14.270410435 seconds
New Tree:
Tree: ((((((15,16),(17,18)),(19,((20,21),(22,23)))),(((((24,(25,26)),27),((28,29),30)),31),32)),(14,((0,(1,2)),((3,4),(((5,6),(7,8)),(((9,10),(11,12)),13)))))),(((33,34),35),36));
Tree Score: 8797.259897441134
Score Improvement: 0.15050585153039764

Step Number: 2
Time Spent: 13.455161512 seconds
New Tree:
Tree: ((((((15,16),(17,18)),(19,((20,21),(22,23)))),(14,((0,(1,2)),((3,4),(((5,6),(7,8)),(((9,10),(11,12)),13)))))),(((((24,(25,26)),27),((28,29),30)),31),32)),(((33,34),35),36));
Tree Score: 9550.083948590735
Score Improvement: 0.08557483351930695

Step Number: 3
Time Spent: 12.796407839 seconds
New Tree:
Tree: ((((((15,16),(17,18)),(19,((20,21),(22,23)))),(14,((((5,6),(7,8)),(((9,10),(11,12)),13)),((3,4),(0,(1,2)))))),(((((24,(25,26)),27),((28,29),30)),31),32)),(((33,34),35),36));
Tree Score: 10291.539624976169
Score Improvement: 0.07763865536436954

Step Number: 4
Time Spent: 12.347301637 seconds
New Tree:
Tree: ((((((15,16),(17,18)),(19,((20,21),(22,23)))),(14,((((5,6),(7,8)),(((9,10),(11,12)),13)),((3,4),(0,(1,2)))))),((32,31),(((24,(25,26)),27),((28,29),30)))),(((33,34),35),36));
Tree Score: 10704.64362535585
Score Improvement: 0.04014015545129257

Step Number: 5
Time Spent: 11.515182623 seconds
New Tree:
Tree: (((32,31),(((((15,16),(17,18)),(19,((20,21),(22,23)))),(14,((((5,6),(7,8)),(((9,10),(11,12)),13)),((3,4),(0,(1,2)))))),(((24,(25,26)),27),((28,29),30)))),(((33,34),35),36));
Tree Score: 11847.141550747154
Score Improvement: 0.10672918832020661

Step Number: 6
Time Spent: 10.968219911 seconds
New Tree:
Tree: (((32,31),(((((15,16),(17,18)),(19,((20,21),(22,23)))),(14,((((5,6),(7,8)),((13,(11,12)),(9,10))),((3,4),(0,(1,2)))))),(((24,(25,26)),27),((28,29),30)))),(((33,34),35),36));
Tree Score: 11978.395926033554
Score Improvement: 0.011078991056549192

Step Number: 7
Time Spent: 10.974271379 seconds
New Tree:
Tree: (((32,31),(((((15,16),(17,18)),((22,23),((20,21),19))),(14,((((5,6),(7,8)),((13,(11,12)),(9,10))),((3,4),(0,(1,2)))))),(((24,(25,26)),27),((28,29),30)))),(((33,34),35),36));
Tree Score: 12041.01872589505
Score Improvement: 0.00522797879183412

Step Number: 8
Time Spent: 10.947148238 seconds
New Tree:
Tree: (((32,31),(((((15,16),(17,18)),((22,23),((20,21),19))),(14,((((5,6),(7,8)),((13,(11,12)),(9,10))),((3,4),(0,(1,2)))))),(((24,(25,26)),27),((28,29),30)))),((36,35),(33,34)));
Tree Score: 12084.075651156443
Score Improvement: 0.003575854023779357

Step Number: 9
Time Spent: 10.962919726 seconds
New Tree:
Tree: (((32,31),(((((15,16),(17,18)),((22,23),((20,19),21))),(14,((((5,6),(7,8)),((13,(11,12)),(9,10))),((3,4),(0,(1,2)))))),(((24,(25,26)),27),((28,29),30)))),((36,35),(33,34)));
Tree Score: 12089.773251111346
Score Improvement: 4.714965479679645E-4

Step Number: 10
Time Spent: 10.352080806 seconds
New Tree:
Tree: (((32,31),(((((15,16),(17,18)),((22,23),((20,19),21))),(14,((((5,6),(7,8)),((13,(11,12)),(9,10))),((3,4),(0,(1,2)))))),(((24,(25,26)),27),((28,29),30)))),((36,35),(33,34)));
Tree Score: 12089.773251111346
Score Improvement: 0.0

TOTAL STEPS: 10
TOTAL TIME: 118.589104106 seconds
Final tree: Tree: (((32,31),(((((15,16),(17,18)),((22,23),((20,19),21))),(14,((((5,6),(7,8)),((13,(11,12)),(9,10))),((3,4),(0,(1,2)))))),(((24,(25,26)),27),((28,29),30)))),((36,35),(33,34)));
Tree Score: 12089.773251111346
Total Score Improvement: 0.581100823578613

--------------ITERATION 2--------------
Input tree: (((0,1),(2,3)),(((4,5),((6,(((7,8),((9,(10,(((11,12),13),14))),((15,16),17))),((((18,(19,20)),((21,22),(23,24))),25),26))),((27,((28,29),30)),31))),((32,33),((34,35),36))));
Initial Score: 6974.026099690605

Step Number: 1
Time Spent: 12.790505623 seconds
New Tree:
Tree: (((0,1),(2,3)),(((4,5),((((((18,(19,20)),((21,22),(23,24))),25),26),(((7,8),((9,(10,(((11,12),13),14))),((15,16),17))),6)),((27,((28,29),30)),31))),((32,33),((34,35),36))));
Tree Score: 8926.304374969337
Score Improvement: 0.2799356135712401

Step Number: 2
Time Spent: 12.998151092 seconds
New Tree:
Tree: (((0,1),(2,3)),(((4,5),((((((18,(19,20)),((21,22),(23,24))),25),26),(((7,8),6),((9,(10,(((11,12),13),14))),((15,16),17)))),((27,((28,29),30)),31))),((32,33),((34,35),36))));
Tree Score: 10312.800124250969
Score Improvement: 0.15532696298924886

Step Number: 3
Time Spent: 12.251923866 seconds
New Tree:
Tree: (((0,1),(2,3)),(((4,5),((((((18,(19,20)),((21,22),(23,24))),25),26),((9,(10,(((11,12),13),14))),(((7,8),6),((15,16),17)))),((27,((28,29),30)),31))),((32,33),((34,35),36))));
Tree Score: 11040.473724047753
Score Improvement: 0.07056023495361163

Step Number: 4
Time Spent: 12.232468877 seconds
New Tree:
Tree: (((0,1),(2,3)),(((4,5),((((26,25),((18,(19,20)),((21,22),(23,24)))),((9,(10,(((11,12),13),14))),(((7,8),6),((15,16),17)))),((27,((28,29),30)),31))),((32,33),((34,35),36))));
Tree Score: 11551.333549472127
Score Improvement: 0.04627154940930178

Step Number: 5
Time Spent: 10.912198123 seconds
New Tree:
Tree: (((0,1),(2,3)),(((4,5),((32,33),((34,35),36))),((((26,25),((18,(19,20)),((21,22),(23,24)))),((9,(10,(((11,12),13),14))),(((7,8),6),((15,16),17)))),((27,((28,29),30)),31))));
Tree Score: 12004.960798143964
Score Improvement: 0.03927055233311716

Step Number: 6
Time Spent: 10.332275494 seconds
New Tree:
Tree: (((0,1),(2,3)),(((4,5),((32,33),((34,35),36))),((((26,25),((18,(19,20)),((21,22),(23,24)))),((9,(10,((14,13),(11,12)))),(((7,8),6),((15,16),17)))),((27,((28,29),30)),31))));
Tree Score: 12067.641323271762
Score Improvement: 0.005221218643003844

Step Number: 7
Time Spent: 9.724511965 seconds
New Tree:
Tree: (((0,1),(2,3)),(((4,5),((32,33),((34,35),36))),((((26,25),((20,(19,18)),((21,22),(23,24)))),((9,(10,((14,13),(11,12)))),(((7,8),6),((15,16),17)))),((27,((28,29),30)),31))));
Tree Score: 12085.531798924874
Score Improvement: 0.0014825163570788558

Step Number: 8
Time Spent: 8.982464111 seconds
New Tree:
Tree: (((0,1),(2,3)),(((4,5),((32,33),((34,35),36))),((((26,25),((20,(19,18)),((21,22),(23,24)))),((9,(10,((14,13),(11,12)))),(((7,8),6),((15,16),17)))),((27,((28,29),30)),31))));
Tree Score: 12085.531798924874
Score Improvement: 0.0

TOTAL STEPS: 8
TOTAL TIME: 90.224499151 seconds
Final tree: Tree: (((0,1),(2,3)),(((4,5),((32,33),((34,35),36))),((((26,25),((20,(19,18)),((21,22),(23,24)))),((9,(10,((14,13),(11,12)))),(((7,8),6),((15,16),17)))),((27,((28,29),30)),31))));
Tree Score: 12085.531798924874
Total Score Improvement: 0.7329346959944751

--------------ITERATION 3--------------
Input tree: ((((0,((1,2),3)),((((4,(5,6)),(7,8)),((9,(10,11)),(12,13))),(((14,15),(16,17)),((18,19),20)))),((21,22),23)),(24,(25,(((26,(((27,28),(29,30)),(31,32))),(33,34)),(35,36)))));
Initial Score: 9043.493822630038

Step Number: 1
Time Spent: 9.760911496 seconds
New Tree:
Tree: ((((0,((1,2),3)),((((4,(5,6)),(7,8)),((9,(10,11)),(12,13))),(((14,15),(16,17)),((18,19),20)))),((21,22),23)),((((26,(((27,28),(29,30)),(31,32))),(33,34)),(35,36)),(25,24)));
Tree Score: 9718.511498359216
Score Improvement: 0.07464124916412751

Step Number: 2
Time Spent: 9.77266341 seconds
New Tree:
Tree: ((((0,((1,2),3)),((((4,(5,6)),(7,8)),((9,(10,11)),(12,13))),(((14,15),(16,17)),((18,19),20)))),((21,22),23)),((((35,36),(33,34)),(26,(((27,28),(29,30)),(31,32)))),(25,24)));
Tree Score: 9993.599423705784
Score Improvement: 0.028305561545408642

Step Number: 3
Time Spent: 9.653392935 seconds
New Tree:
Tree: ((((0,((1,2),3)),((((4,(5,6)),(7,8)),((9,(10,11)),(12,13))),(((14,15),(16,17)),((18,19),20)))),((21,22),23)),(((25,24),(26,(((27,28),(29,30)),(31,32)))),((35,36),(33,34))));
Tree Score: 10590.283798158353
Score Improvement: 0.05970665314412904

Step Number: 4
Time Spent: 9.806135683 seconds
New Tree:
Tree: ((((0,((1,2),3)),((((4,(5,6)),(7,8)),((9,(10,11)),(12,13))),(((14,15),(16,17)),((18,19),20)))),((21,22),23)),(((((27,28),(29,30)),(31,32)),(26,(25,24))),((35,36),(33,34))));
Tree Score: 10724.778998014002
Score Improvement: 0.012699867389676323

Step Number: 5
Time Spent: 9.759169165 seconds
New Tree:
Tree: ((((0,((1,2),3)),((((4,(5,6)),(7,8)),((9,(10,11)),(12,13))),(((14,15),(16,17)),((18,19),20)))),((21,22),23)),(((((27,28),(29,30)),(31,32)),(26,(25,24))),((35,36),(33,34))));
Tree Score: 10724.778998014002
Score Improvement: 0.0

TOTAL STEPS: 5
TOTAL TIME: 48.752272689 seconds
Final tree: Tree: ((((0,((1,2),3)),((((4,(5,6)),(7,8)),((9,(10,11)),(12,13))),(((14,15),(16,17)),((18,19),20)))),((21,22),23)),(((((27,28),(29,30)),(31,32)),(26,(25,24))),((35,36),(33,34))));
Tree Score: 10724.778998014002
Total Score Improvement: 0.18591102159839945

--------------ITERATION 4--------------
Input tree: (((0,1),2),(((((3,(4,5)),6),(((7,8),9),(10,(11,((12,13),(14,15)))))),((16,17),(18,(19,(20,21))))),(((22,((23,24),25)),26),((27,28),((29,30),(((31,32),(33,34)),(35,36)))))));
Initial Score: 9522.893050197667

Step Number: 1
Time Spent: 11.340027318 seconds
New Tree:
Tree: (((0,1),2),(((27,28),((29,30),(((31,32),(33,34)),(35,36)))),(((22,((23,24),25)),26),((((3,(4,5)),6),(((7,8),9),(10,(11,((12,13),(14,15)))))),((16,17),(18,(19,(20,21))))))));
Tree Score: 10538.517177755799
Score Improvement: 0.1066507963708625

Step Number: 2
Time Spent: 10.717690497 seconds
New Tree:
Tree: (((0,1),2),(((((31,32),(33,34)),(35,36)),((29,30),(27,28))),(((22,((23,24),25)),26),((((3,(4,5)),6),(((7,8),9),(10,(11,((12,13),(14,15)))))),((16,17),(18,(19,(20,21))))))));
Tree Score: 10930.66490280279
Score Improvement: 0.03721090153695594

Step Number: 3
Time Spent: 11.326726395 seconds
New Tree:
Tree: (((0,1),2),(((((31,32),(33,34)),(35,36)),((29,30),(27,28))),(((22,((23,24),25)),26),((((3,(4,5)),6),(((7,8),9),(((12,13),(14,15)),(11,10)))),((16,17),(18,(19,(20,21))))))));
Tree Score: 11129.093828339363
Score Improvement: 0.01815341768328227

Step Number: 4
Time Spent: 10.849020465 seconds
New Tree:
Tree: (((0,1),2),(((((31,32),(33,34)),(35,36)),((29,30),(27,28))),(((22,((23,24),25)),26),((((3,(4,5)),6),(((7,8),9),(((12,13),(14,15)),(11,10)))),((16,17),((20,21),(19,18)))))));
Tree Score: 11200.653153726133
Score Improvement: 0.006429932795116722

Step Number: 5
Time Spent: 10.686548199 seconds
New Tree:
Tree: (((0,1),2),(((((31,32),(33,34)),(35,36)),((29,30),(27,28))),(((22,((23,24),25)),26),((((3,(4,5)),6),(((7,8),9),(((12,13),(14,15)),(11,10)))),((20,21),((16,17),(19,18)))))));
Tree Score: 11262.320327812107
Score Improvement: 0.005505676610069843

Step Number: 6
Time Spent: 10.156978901 seconds
New Tree:
Tree: (((0,1),2),(((((31,32),(33,34)),(35,36)),((29,30),(27,28))),(((22,((23,24),25)),26),((((20,21),((16,17),(19,18))),(((7,8),9),(((12,13),(14,15)),(11,10)))),((3,(4,5)),6)))));
Tree Score: 11322.329376472393
Score Improvement: 0.0053283024202477325

Step Number: 7
Time Spent: 10.259735893 seconds
New Tree:
Tree: (((0,1),2),(((((31,32),(33,34)),(35,36)),((29,30),(27,28))),(((3,(4,5)),6),((((20,21),((16,17),(19,18))),(((7,8),9),(((12,13),(14,15)),(11,10)))),((22,((23,24),25)),26)))));
Tree Score: 11907.642676957577
Score Improvement: 0.05169548429684934

Step Number: 8
Time Spent: 9.602847122 seconds
New Tree:
Tree: (((0,1),2),(((((3,(4,5)),6),((((20,21),((16,17),(19,18))),(((7,8),9),(((12,13),(14,15)),(11,10)))),((22,((23,24),25)),26))),((29,30),(27,28))),(((31,32),(33,34)),(35,36))));
Tree Score: 12112.800452583513
Score Improvement: 0.017229083975028647

Step Number: 9
Time Spent: 11.04006571 seconds
New Tree:
Tree: (((0,1),2),((35,36),(((31,32),(33,34)),((((3,(4,5)),6),((((20,21),((16,17),(19,18))),(((7,8),9),(((12,13),(14,15)),(11,10)))),((22,((23,24),25)),26))),((29,30),(27,28))))));
Tree Score: 12526.64747760263
Score Improvement: 0.03416608955452971

Step Number: 10
Time Spent: 10.209913635 seconds
New Tree:
Tree: (((2,1),0),((35,36),(((31,32),(33,34)),((((3,(4,5)),6),((((20,21),((16,17),(19,18))),(((7,8),9),(((12,13),(14,15)),(11,10)))),((22,((23,24),25)),26))),((29,30),(27,28))))));
Tree Score: 12544.095227514437
Score Improvement: 0.001392850716283256

Step Number: 11
Time Spent: 9.324495664 seconds
New Tree:
Tree: (((2,1),0),((35,36),(((31,32),(33,34)),((((3,(4,5)),6),((((20,21),((16,17),(19,18))),(((7,8),9),(((12,13),(14,15)),(11,10)))),((22,((23,24),25)),26))),((29,30),(27,28))))));
Tree Score: 12544.095227514437
Score Improvement: 0.0

TOTAL STEPS: 11
TOTAL TIME: 115.514049799 seconds
Final tree: Tree: (((2,1),0),((35,36),(((31,32),(33,34)),((((3,(4,5)),6),((((20,21),((16,17),(19,18))),(((7,8),9),(((12,13),(14,15)),(11,10)))),((22,((23,24),25)),26))),((29,30),(27,28))))));
Tree Score: 12544.095227514437
Total Score Improvement: 0.3172567581501988

--------------ITERATION 5--------------
Input tree: ((((0,1),(2,3)),((4,5),(6,(7,8)))),((((9,10),(((((11,12),13),(14,15)),((16,17),18)),(((19,(20,(21,22))),23),((24,25),(26,27))))),28),((29,30),(((31,32),((33,34),35)),36))));
Initial Score: 7267.637827137536

Step Number: 1
Time Spent: 12.838779079 seconds
New Tree:
Tree: ((((0,1),(2,3)),((29,30),(((31,32),((33,34),35)),36))),((((9,10),(((((11,12),13),(14,15)),((16,17),18)),(((19,(20,(21,22))),23),((24,25),(26,27))))),28),((4,5),(6,(7,8)))));
Tree Score: 7923.537975848747
Score Improvement: 0.09024942688559179

Step Number: 2
Time Spent: 13.434159331 seconds
New Tree:
Tree: ((((0,1),(2,3)),((29,30),(((31,32),((33,34),35)),36))),((((9,10),(((24,25),(26,27)),(((19,(20,(21,22))),23),((((11,12),13),(14,15)),((16,17),18))))),28),((4,5),(6,(7,8)))));
Tree Score: 8362.845224448734
Score Improvement: 0.055443319630575694

Step Number: 3
Time Spent: 12.789853793 seconds
New Tree:
Tree: ((((0,1),(2,3)),((29,30),(((31,32),((33,34),35)),36))),((((9,10),(((24,25),(26,27)),((((11,12),13),(14,15)),(((19,(20,(21,22))),23),((16,17),18))))),28),((4,5),(6,(7,8)))));
Tree Score: 9472.216749962005
Score Improvement: 0.13265479579486028

Step Number: 4
Time Spent: 12.140478409 seconds
New Tree:
Tree: ((((0,1),(2,3)),((29,30),((36,((33,34),35)),(31,32)))),((((9,10),(((24,25),(26,27)),((((11,12),13),(14,15)),(((19,(20,(21,22))),23),((16,17),18))))),28),((4,5),(6,(7,8)))));
Tree Score: 9627.734474936085
Score Improvement: 0.016418303030777404

Step Number: 5
Time Spent: 11.513337416 seconds
New Tree:
Tree: ((((0,1),(2,3)),((29,30),((36,((33,34),35)),(31,32)))),((((9,10),(((24,25),(26,27)),((((11,12),13),(14,15)),((((21,22),(20,19)),23),((16,17),18))))),28),((4,5),(6,(7,8)))));
Tree Score: 9712.690474969851
Score Improvement: 0.00882409047060162

Step Number: 6
Time Spent: 10.938262471 seconds
New Tree:
Tree: ((((0,1),(2,3)),((29,30),((36,((33,34),35)),(31,32)))),((((9,10),(((24,25),(26,27)),((((14,15),13),(11,12)),((((21,22),(20,19)),23),((16,17),18))))),28),((4,5),(6,(7,8)))));
Tree Score: 9783.164124862808
Score Improvement: 0.007255831952492464

Step Number: 7
Time Spent: 9.66992751 seconds
New Tree:
Tree: ((((0,1),(2,3)),((29,30),(((33,34),(36,35)),(31,32)))),((((9,10),(((24,25),(26,27)),((((14,15),13),(11,12)),((((21,22),(20,19)),23),((16,17),18))))),28),((4,5),(6,(7,8)))));
Tree Score: 9826.2210501242
Score Improvement: 0.004401124698702352

Step Number: 8
Time Spent: 9.70823273 seconds
New Tree:
Tree: ((((0,1),(2,3)),((29,30),(((33,34),(36,35)),(31,32)))),((((9,10),(((24,25),(26,27)),((((14,15),13),(11,12)),((((21,22),(20,19)),23),((16,17),18))))),28),((4,5),(8,(7,6)))));
Tree Score: 9830.36440010048
Score Improvement: 4.216626061170903E-4

Step Number: 9
Time Spent: 9.10791945 seconds
New Tree:
Tree: ((((0,1),(2,3)),((29,30),(((33,34),(36,35)),(31,32)))),((((9,10),(((24,25),(26,27)),((((14,15),13),(11,12)),((((21,22),(20,19)),23),((16,17),18))))),28),((4,5),(8,(7,6)))));
Tree Score: 9830.36440010048
Score Improvement: 0.0

TOTAL STEPS: 9
TOTAL TIME: 102.140950189 seconds
Final tree: Tree: ((((0,1),(2,3)),((29,30),(((33,34),(36,35)),(31,32)))),((((9,10),(((24,25),(26,27)),((((14,15),13),(11,12)),((((21,22),(20,19)),23),((16,17),18))))),28),((4,5),(8,(7,6)))));
Tree Score: 9830.36440010048
Total Score Improvement: 0.3526216679914429

--------------ITERATION 6--------------
Input tree: ((((0,(1,2)),(3,4)),((((5,(6,7)),8),((9,(10,11)),((12,(13,14)),(((15,16),17),18)))),(19,((((20,21),22),(23,24)),(25,26))))),(((27,(28,29)),((30,31),32)),(((33,34),35),36)));
Initial Score: 10683.311349891099

Step Number: 1
Time Spent: 10.859451122 seconds
New Tree:
Tree: ((((0,(1,2)),(3,4)),(((33,34),35),36)),(((27,(28,29)),((30,31),32)),((((5,(6,7)),8),((9,(10,11)),((12,(13,14)),(((15,16),17),18)))),(19,((((20,21),22),(23,24)),(25,26))))));
Tree Score: 11294.053150131573
Score Improvement: 0.05716783684739268

Step Number: 2
Time Spent: 10.227133772 seconds
New Tree:
Tree: ((((0,(1,2)),(3,4)),(((33,34),35),36)),(((27,(28,29)),((30,31),32)),((((5,(6,7)),8),((((15,16),17),18),((12,(13,14)),(9,(10,11))))),(19,((((20,21),22),(23,24)),(25,26))))));
Tree Score: 11568.904250968148
Score Improvement: 0.02433591352749853

Step Number: 3
Time Spent: 10.794793179 seconds
New Tree:
Tree: ((((0,(1,2)),(3,4)),(((33,34),35),36)),(((27,(28,29)),((30,31),32)),((((12,(13,14)),(9,(10,11))),((((15,16),17),18),((5,(6,7)),8))),(19,((((20,21),22),(23,24)),(25,26))))));
Tree Score: 12510.876448453353
Score Improvement: 0.08142276719131591

Step Number: 4
Time Spent: 10.228783004 seconds
New Tree:
Tree: ((((0,(1,2)),(3,4)),(((33,34),35),36)),(((27,(28,29)),((30,31),32)),((((12,(13,14)),(9,(10,11))),((((15,16),17),18),((5,(6,7)),8))),((25,26),((((20,21),22),(23,24)),19)))));
Tree Score: 12765.4984489649
Score Improvement: 0.02035205139788787

Step Number: 5
Time Spent: 9.686260732 seconds
New Tree:
Tree: ((((0,(1,2)),(3,4)),(((33,34),35),36)),(((27,(28,29)),((30,31),32)),((((12,(13,14)),(9,(10,11))),(((18,17),(15,16)),((5,(6,7)),8))),((25,26),((((20,21),22),(23,24)),19)))));
Tree Score: 12825.233149030719
Score Improvement: 0.0046793864183707345

Step Number: 6
Time Spent: 9.047493121 seconds
New Tree:
Tree: ((((0,(1,2)),(3,4)),((36,35),(33,34))),(((27,(28,29)),((30,31),32)),((((12,(13,14)),(9,(10,11))),(((18,17),(15,16)),((5,(6,7)),8))),((25,26),((((20,21),22),(23,24)),19)))));
Tree Score: 12877.142049490947
Score Improvement: 0.004047404039914104

Step Number: 7
Time Spent: 8.981345114 seconds
New Tree:
Tree: (((((3,4),(1,2)),0),((36,35),(33,34))),(((27,(28,29)),((30,31),32)),((((12,(13,14)),(9,(10,11))),(((18,17),(15,16)),((5,(6,7)),8))),((25,26),((((20,21),22),(23,24)),19)))));
Tree Score: 12882.620849463165
Score Improvement: 4.2546707578128284E-4

Step Number: 8
Time Spent: 9.010624815 seconds
New Tree:
Tree: (((((3,4),(1,2)),0),((36,35),(33,34))),(((27,(28,29)),((30,31),32)),((((12,(13,14)),(9,(10,11))),(((18,17),(15,16)),((8,(6,7)),5))),((25,26),((((20,21),22),(23,24)),19)))));
Tree Score: 12886.9920494209
Score Improvement: 3.3930983522800773E-4

Step Number: 9
Time Spent: 8.425414363 seconds
New Tree:
Tree: (((((3,4),(1,2)),0),((36,35),(33,34))),(((27,(28,29)),((30,31),32)),((((12,(13,14)),(9,(10,11))),(((18,17),(15,16)),((8,(6,7)),5))),((25,26),((((20,22),21),(23,24)),19)))));
Tree Score: 12890.54989933101
Score Improvement: 2.76080709638471E-4

Step Number: 10
Time Spent: 7.782351792 seconds
New Tree:
Tree: (((((3,4),(1,2)),0),((36,35),(33,34))),(((27,(28,29)),((30,31),32)),((((12,(13,14)),(9,(10,11))),(((18,17),(15,16)),((8,(6,7)),5))),((25,26),((((20,22),21),(23,24)),19)))));
Tree Score: 12890.54989933101
Score Improvement: 0.0

TOTAL STEPS: 10
TOTAL TIME: 95.043651014 seconds
Final tree: Tree: (((((3,4),(1,2)),0),((36,35),(33,34))),(((27,(28,29)),((30,31),32)),((((12,(13,14)),(9,(10,11))),(((18,17),(15,16)),((8,(6,7)),5))),((25,26),((((20,22),21),(23,24)),19)))));
Tree Score: 12890.54989933101
Total Score Improvement: 0.2066062175996033

--------------ITERATION 7--------------
Input tree: (((0,1),((2,3),4)),(((((5,6),7),(((8,9),(10,11)),(12,13))),((14,(15,16)),((17,18),(19,(((20,(21,22)),23),(24,25)))))),((((26,(27,28)),(29,((30,31),32))),33),((34,35),36))));
Initial Score: 10374.778525157726

Step Number: 1
Time Spent: 11.950342429 seconds
New Tree:
Tree: (((0,1),((2,3),4)),(((34,35),36),((((26,(27,28)),(29,((30,31),32))),33),((((5,6),7),(((8,9),(10,11)),(12,13))),((14,(15,16)),((17,18),(19,(((20,(21,22)),23),(24,25)))))))));
Tree Score: 11428.44382672595
Score Improvement: 0.10156026936027596

Step Number: 2
Time Spent: 12.112150156 seconds
New Tree:
Tree: (((0,1),((2,3),4)),(((34,35),36),((((26,(27,28)),(29,((30,31),32))),33),(((17,18),(19,(((20,(21,22)),23),(24,25)))),((14,(15,16)),(((5,6),7),(((8,9),(10,11)),(12,13))))))));
Tree Score: 12179.228078650962
Score Improvement: 0.06569435553152636

Step Number: 3
Time Spent: 11.49281651 seconds
New Tree:
Tree: (((0,1),((2,3),4)),(((34,35),36),((((26,(27,28)),(29,((30,31),32))),33),(((((20,(21,22)),23),(24,25)),(19,(17,18))),((14,(15,16)),(((5,6),7),(((8,9),(10,11)),(12,13))))))));
Tree Score: 12651.314977605562
Score Improvement: 0.03876164366952972

Step Number: 4
Time Spent: 10.903126578 seconds
New Tree:
Tree: (((0,1),((2,3),4)),(((34,35),36),((((26,(27,28)),(29,((30,31),32))),33),(((((20,(21,22)),23),(24,25)),(19,(17,18))),((14,(15,16)),(((5,6),7),(((12,13),(10,11)),(8,9))))))));
Tree Score: 12698.791877866457
Score Improvement: 0.003752724546415509

Step Number: 5
Time Spent: 10.765601268 seconds
New Tree:
Tree: (((0,1),((2,3),4)),(((34,35),36),((((26,(27,28)),(29,((30,31),32))),33),(((((24,25),23),(20,(21,22))),(19,(17,18))),((14,(15,16)),(((5,6),7),(((12,13),(10,11)),(8,9))))))));
Tree Score: 12734.329977731366
Score Improvement: 0.002798541798834542

Step Number: 6
Time Spent: 10.820016848 seconds
New Tree:
Tree: (((0,1),((2,3),4)),(((34,35),36),(((((30,31),32),(29,(26,(27,28)))),33),(((((24,25),23),(20,(21,22))),(19,(17,18))),((14,(15,16)),(((5,6),7),(((12,13),(10,11)),(8,9))))))));
Tree Score: 12769.491877135151
Score Improvement: 0.002761189592642266

Step Number: 7
Time Spent: 10.820342726 seconds
New Tree:
Tree: (((0,1),((2,3),4)),(((34,35),36),(((((30,31),32),33),(29,(26,(27,28)))),(((((24,25),23),(20,(21,22))),(19,(17,18))),((14,(15,16)),(((5,6),7),(((12,13),(10,11)),(8,9))))))));
Tree Score: 13216.909001985827
Score Improvement: 0.035037974036524755

Step Number: 8
Time Spent: 10.154635517 seconds
New Tree:
Tree: (((0,1),((2,3),4)),(((34,35),36),(((((30,31),32),33),(29,(26,(27,28)))),(((((24,23),25),(20,(21,22))),(19,(17,18))),((14,(15,16)),(((5,6),7),(((12,13),(10,11)),(8,9))))))));
Tree Score: 13230.174026603141
Score Improvement: 0.0010036404589999215

Step Number: 9
Time Spent: 9.56843241 seconds
New Tree:
Tree: (((0,1),((2,3),4)),(((34,35),36),(((((32,31),30),33),(29,(26,(27,28)))),(((((24,23),25),(20,(21,22))),(19,(17,18))),((14,(15,16)),(((5,6),7),(((12,13),(10,11)),(8,9))))))));
Tree Score: 13238.634626685904
Score Improvement: 6.39492728194746E-4

Step Number: 10
Time Spent: 9.573893301 seconds
New Tree:
Tree: (((0,1),((2,3),4)),(((34,35),36),(((((32,31),30),33),(29,(26,(27,28)))),(((((24,23),25),(20,(21,22))),(19,(17,18))),((16,(15,14)),(((5,6),7),(((12,13),(10,11)),(8,9))))))));
Tree Score: 13243.974851795734
Score Improvement: 4.033818637962927E-4

Step Number: 11
Time Spent: 8.98369227 seconds
New Tree:
Tree: (((0,1),((2,4),3)),(((34,35),36),(((((32,31),30),33),(29,(26,(27,28)))),(((((24,23),25),(20,(21,22))),(19,(17,18))),((16,(15,14)),(((5,6),7),(((12,13),(10,11)),(8,9))))))));
Tree Score: 13247.8126764505
Score Improvement: 2.89778914390304E-4

Step Number: 12
Time Spent: 8.384850685 seconds
New Tree:
Tree: (((0,1),((2,4),3)),(((34,35),36),(((((32,31),30),33),(29,(26,(27,28)))),(((((24,23),25),(21,(20,22))),(19,(17,18))),((16,(15,14)),(((5,6),7),(((12,13),(10,11)),(8,9))))))));
Tree Score: 13249.718051063159
Score Improvement: 1.4382560043646464E-4

Step Number: 13
Time Spent: 7.809741449 seconds
New Tree:
Tree: (((0,1),((2,4),3)),(((34,35),36),(((((32,31),30),33),(29,(28,(27,26)))),(((((24,23),25),(21,(20,22))),(19,(17,18))),((16,(15,14)),(((5,6),7),(((12,13),(10,11)),(8,9))))))));
Tree Score: 13251.076451050845
Score Improvement: 1.02522935390148E-4

Step Number: 14
Time Spent: 7.934206019 seconds
New Tree:
Tree: (((0,1),((2,4),3)),(((34,35),36),(((((32,31),30),33),((27,26),(28,29))),(((((24,23),25),(21,(20,22))),(19,(17,18))),((16,(15,14)),(((5,6),7),(((12,13),(10,11)),(8,9))))))));
Tree Score: 13360.155350942892
Score Improvement: 0.008231701046702344

Step Number: 15
Time Spent: 7.446048481 seconds
New Tree:
Tree: (((0,1),((2,4),3)),(((34,35),36),(((((32,31),30),33),((27,26),(28,29))),(((((24,23),25),(21,(20,22))),(19,(17,18))),((16,(15,14)),(((5,6),7),(((12,13),(10,11)),(8,9))))))));
Tree Score: 13360.155350942892
Score Improvement: 0.0

TOTAL STEPS: 15
TOTAL TIME: 148.719896647 seconds
Final tree: Tree: (((0,1),((2,4),3)),(((34,35),36),(((((32,31),30),33),((27,26),(28,29))),(((((24,23),25),(21,(20,22))),(19,(17,18))),((16,(15,14)),(((5,6),7),(((12,13),(10,11)),(8,9))))))));
Tree Score: 13360.155350942892
Total Score Improvement: 0.2877533065930946

--------------ITERATION 8--------------
Input tree: (((((0,(1,(2,3))),(4,(5,6))),((7,8),((9,10),11))),(12,13)),((((((14,(15,16)),17),18),(19,20)),((21,(22,23)),((24,(25,26)),(27,28)))),(((29,30),31),((32,33),(34,(35,36))))));
Initial Score: 10608.450921583706

Step Number: 1
Time Spent: 13.054434716 seconds
New Tree:
Tree: ((((12,13),((7,8),((9,10),11))),((0,(1,(2,3))),(4,(5,6)))),((((((14,(15,16)),17),18),(19,20)),((21,(22,23)),((24,(25,26)),(27,28)))),(((29,30),31),((32,33),(34,(35,36))))));
Tree Score: 10995.57222230353
Score Improvement: 0.036491784105085134

Step Number: 2
Time Spent: 12.459164535 seconds
New Tree:
Tree: (((((29,30),31),((32,33),(34,(35,36)))),((0,(1,(2,3))),(4,(5,6)))),((((((14,(15,16)),17),18),(19,20)),((21,(22,23)),((24,(25,26)),(27,28)))),((12,13),((7,8),((9,10),11)))));
Tree Score: 11874.446322645057
Score Improvement: 0.07992981925568277

Step Number: 3
Time Spent: 13.031153194 seconds
New Tree:
Tree: (((((29,30),31),((32,33),(34,(35,36)))),((0,(1,(2,3))),(4,(5,6)))),((((((14,(15,16)),17),18),(19,20)),((12,13),((7,8),((9,10),11)))),((21,(22,23)),((24,(25,26)),(27,28)))));
Tree Score: 13238.079324570372
Score Improvement: 0.11483760715013802

Step Number: 4
Time Spent: 12.666845484 seconds
New Tree:
Tree: (((((29,30),31),((32,33),(34,(35,36)))),((0,(1,(2,3))),(4,(5,6)))),(((((18,17),(14,(15,16))),(19,20)),((12,13),((7,8),((9,10),11)))),((21,(22,23)),((24,(25,26)),(27,28)))));
Tree Score: 13305.931498743987
Score Improvement: 0.005125530109770349

Step Number: 5
Time Spent: 11.839951994 seconds
New Tree:
Tree: (((((29,30),31),((32,33),(34,(35,36)))),((0,(1,(2,3))),(4,(5,6)))),((((14,((18,17),(15,16))),(19,20)),((12,13),((7,8),((9,10),11)))),((21,(22,23)),((24,(25,26)),(27,28)))));
Tree Score: 13335.96442393765
Score Improvement: 0.0022571080571471835

Step Number: 6
Time Spent: 11.058986062 seconds
New Tree:
Tree: (((((29,30),31),((32,33),(34,(35,36)))),((0,(3,(2,1))),(4,(5,6)))),((((14,((18,17),(15,16))),(19,20)),((12,13),((7,8),((9,10),11)))),((21,(22,23)),((24,(25,26)),(27,28)))));
Tree Score: 13352.809573749008
Score Improvement: 0.0012631369787641233

Step Number: 7
Time Spent: 10.663220093 seconds
New Tree:
Tree: (((((29,30),31),((32,33),(34,(35,36)))),((0,(3,(2,1))),(4,(5,6)))),((((14,((18,17),(15,16))),(19,20)),((12,13),((7,8),((9,10),11)))),((21,(22,23)),((24,(25,26)),(27,28)))));
Tree Score: 13352.809573749008
Score Improvement: 0.0

TOTAL STEPS: 7
TOTAL TIME: 84.773756078 seconds
Final tree: Tree: (((((29,30),31),((32,33),(34,(35,36)))),((0,(3,(2,1))),(4,(5,6)))),((((14,((18,17),(15,16))),(19,20)),((12,13),((7,8),((9,10),11)))),((21,(22,23)),((24,(25,26)),(27,28)))));
Tree Score: 13352.809573749008
Total Score Improvement: 0.2586955128935642

--------------ITERATION 9--------------
Input tree: (((0,(1,((2,3),4))),(5,(6,7))),(((8,((9,(10,11)),12)),((13,14),15)),((((16,(17,18)),(((19,20),21),((22,23),(((24,25),(26,(27,28))),(29,(30,31)))))),(32,(33,34))),(35,36))));
Initial Score: 8248.745923457474

Step Number: 1
Time Spent: 11.667073446 seconds
New Tree:
Tree: (((0,(1,((2,3),4))),(5,(6,7))),(((8,((9,(10,11)),12)),((13,14),15)),(((((22,23),(((24,25),(26,(27,28))),(29,(30,31)))),(((19,20),21),(16,(17,18)))),(32,(33,34))),(35,36))));
Tree Score: 9688.117396528949
Score Improvement: 0.17449579444291574

Step Number: 2
Time Spent: 12.27378314 seconds
New Tree:
Tree: (((0,(1,((2,3),4))),(5,(6,7))),(((8,((9,(10,11)),12)),((13,14),15)),(((35,36),(32,(33,34))),(((22,23),(((24,25),(26,(27,28))),(29,(30,31)))),(((19,20),21),(16,(17,18)))))));
Tree Score: 10742.142596851452
Score Improvement: 0.10879566763921944

Step Number: 3
Time Spent: 11.906377899 seconds
New Tree:
Tree: (((0,(1,((2,3),4))),(5,(6,7))),(((35,36),(32,(33,34))),(((8,((9,(10,11)),12)),((13,14),15)),(((22,23),(((24,25),(26,(27,28))),(29,(30,31)))),(((19,20),21),(16,(17,18)))))));
Tree Score: 11728.722275611828
Score Improvement: 0.09184198309279057

Step Number: 4
Time Spent: 11.258677588 seconds
New Tree:
Tree: (((0,(1,((2,3),4))),(5,(6,7))),(((35,36),(32,(33,34))),(((22,23),(((24,25),(26,(27,28))),(29,(30,31)))),(((8,((9,(10,11)),12)),((13,14),15)),(((19,20),21),(16,(17,18)))))));
Tree Score: 13546.026277669123
Score Improvement: 0.15494475522164208

Step Number: 5
Time Spent: 10.709709524 seconds
New Tree:
Tree: (((0,(4,((2,3),1))),(5,(6,7))),(((35,36),(32,(33,34))),(((22,23),(((24,25),(26,(27,28))),(29,(30,31)))),(((8,((9,(10,11)),12)),((13,14),15)),(((19,20),21),(16,(17,18)))))));
Tree Score: 13557.439477916225
Score Improvement: 8.425496904518326E-4

Step Number: 6
Time Spent: 10.286238495 seconds
New Tree:
Tree: (((0,(4,((2,1),3))),(5,(6,7))),(((35,36),(32,(33,34))),(((22,23),(((24,25),(26,(27,28))),(29,(30,31)))),(((8,((9,(10,11)),12)),((13,14),15)),(((19,20),21),(16,(17,18)))))));
Tree Score: 13564.522252924158
Score Improvement: 5.224271898442989E-4

Step Number: 7
Time Spent: 10.217562862 seconds
New Tree:
Tree: (((0,(3,((2,1),4))),(5,(6,7))),(((35,36),(32,(33,34))),(((22,23),(((24,25),(26,(27,28))),(29,(30,31)))),(((8,((9,(10,11)),12)),((13,14),15)),(((19,20),21),(16,(17,18)))))));
Tree Score: 13572.25465235801
Score Improvement: 5.700458364601424E-4

Step Number: 8
Time Spent: 9.563638155 seconds
New Tree:
Tree: (((6,7),(5,(0,(3,((2,1),4))))),(((35,36),(32,(33,34))),(((22,23),(((24,25),(26,(27,28))),(29,(30,31)))),(((8,((9,(10,11)),12)),((13,14),15)),(((19,20),21),(16,(17,18)))))));
Tree Score: 13576.983002202003
Score Improvement: 3.4838351954835645E-4

Step Number: 9
Time Spent: 8.99277059 seconds
New Tree:
Tree: (((6,7),(5,(0,(3,((2,1),4))))),(((35,36),(33,(32,34))),(((22,23),(((24,25),(26,(27,28))),(29,(30,31)))),(((8,((9,(10,11)),12)),((13,14),15)),(((19,20),21),(16,(17,18)))))));
Tree Score: 13578.800777198165
Score Improvement: 1.3388651925594353E-4

Step Number: 10
Time Spent: 8.42594383 seconds
New Tree:
Tree: (((6,7),(5,(0,(3,((2,1),4))))),(((35,36),(33,(32,34))),(((22,23),(((24,25),(26,(27,28))),(29,(30,31)))),(((8,((9,(10,11)),12)),((13,14),15)),(((19,20),21),(16,(17,18)))))));
Tree Score: 13578.800777198165
Score Improvement: 0.0

TOTAL STEPS: 10
TOTAL TIME: 105.301775529 seconds
Final tree: Tree: (((6,7),(5,(0,(3,((2,1),4))))),(((35,36),(33,(32,34))),(((22,23),(((24,25),(26,(27,28))),(29,(30,31)))),(((8,((9,(10,11)),12)),((13,14),15)),(((19,20),21),(16,(17,18)))))));
Tree Score: 13578.800777198165
Total Score Improvement: 0.6461654781465969

--------------ITERATION 10--------------
Input tree: ((((0,1),2),(3,(4,5))),((((((6,(7,8)),(9,10)),((11,12),(13,14))),((15,(((16,17),((18,19),(20,21))),22)),23)),(24,25)),((((26,27),28),29),((30,(31,(32,33))),(34,(35,36))))));
Initial Score: 9608.498630231596

Step Number: 1
Time Spent: 8.6371973 seconds
New Tree:
Tree: ((((0,1),2),(3,(4,5))),(((30,(31,(32,33))),(34,(35,36))),((((26,27),28),29),(((((6,(7,8)),(9,10)),((11,12),(13,14))),((15,(((16,17),((18,19),(20,21))),22)),23)),(24,25)))));
Tree Score: 10055.778805334354
Score Improvement: 0.04655047498216458

Step Number: 2
Time Spent: 10.069986694 seconds
New Tree:
Tree: ((((0,1),2),(3,(4,5))),(((30,(31,(32,33))),(34,(35,36))),(((((6,(7,8)),(9,10)),((11,12),(13,14))),((15,(((16,17),((18,19),(20,21))),22)),23)),((((26,27),28),29),(24,25)))));
Tree Score: 13510.279130551266
Score Improvement: 0.34353384179297786

Step Number: 3
Time Spent: 9.240919114 seconds
New Tree:
Tree: ((((0,1),2),(3,(4,5))),(((30,(31,(32,33))),(34,(35,36))),(((((6,(7,8)),(9,10)),((11,12),(13,14))),((15,(((16,17),((18,19),(20,21))),22)),23)),(((29,28),(26,27)),(24,25)))));
Tree Score: 13579.010380153777
Score Improvement: 0.005087330094245557

Step Number: 4
Time Spent: 9.298052357 seconds
New Tree:
Tree: ((((0,1),2),(3,(4,5))),(((30,(31,(32,33))),(34,(35,36))),(((((6,(7,8)),(9,10)),((11,12),(13,14))),((15,(((20,21),((18,19),(16,17))),22)),23)),(((29,28),(26,27)),(24,25)))));
Tree Score: 13599.868779544951
Score Improvement: 0.001536076548086296

Step Number: 5
Time Spent: 8.646692922 seconds
New Tree:
Tree: ((((0,1),2),(3,(4,5))),(((30,(33,(32,31))),(34,(35,36))),(((((6,(7,8)),(9,10)),((11,12),(13,14))),((15,(((20,21),((18,19),(16,17))),22)),23)),(((29,28),(26,27)),(24,25)))));
Tree Score: 13612.922454473795
Score Improvement: 9.598382999458366E-4

Step Number: 6
Time Spent: 8.071786992 seconds
New Tree:
Tree: ((((0,1),2),(3,(4,5))),(((30,(33,(32,31))),(34,(35,36))),(((((6,(7,8)),(9,10)),((11,12),(13,14))),((15,(((20,21),((18,19),(16,17))),22)),23)),(((24,25),(26,27)),(29,28)))));
Tree Score: 13613.423729795264
Score Improvement: 3.682349055789125E-5

Step Number: 7
Time Spent: 7.538937598 seconds
New Tree:
Tree: ((((0,1),2),(3,(4,5))),(((30,(33,(32,31))),(34,(35,36))),(((((6,(7,8)),(9,10)),((11,12),(13,14))),((15,(((20,21),((18,19),(16,17))),22)),23)),(((24,25),(26,27)),(29,28)))));
Tree Score: 13613.423729795264
Score Improvement: 0.0

TOTAL STEPS: 7
TOTAL TIME: 61.503572977 seconds
Final tree: Tree: ((((0,1),2),(3,(4,5))),(((30,(33,(32,31))),(34,(35,36))),(((((6,(7,8)),(9,10)),((11,12),(13,14))),((15,(((20,21),((18,19),(16,17))),22)),23)),(((24,25),(26,27)),(29,28)))));
Tree Score: 13613.423729795264
Total Score Improvement: 0.4168107061974089

===========================================================
RESULTS FROM 10 ITERATION(S):
AVERAGE TIME PER RUN: 97.056352817 seconds
AVERAGE IMPROVEMENT: 0.3985856188743397
BEST Tree: ((((0,1),2),(3,(4,5))),(((30,(33,(32,31))),(34,(35,36))),(((((6,(7,8)),(9,10)),((11,12),(13,14))),((15,(((20,21),((18,19),(16,17))),22)),23)),(((24,25),(26,27)),(29,28)))));
Tree Score: 13613.423729795264
BEST'S IMPROVEMENT :0.4168107061974089
