--------------ITERATION 1--------------
Input tree: ((((0,((1,2),3)),(((4,5),6),7)),(8,(9,((10,11),12)))),(((((((13,14),15),16),17),(((18,19),(20,(21,22))),(23,((((24,25),(26,27)),28),(29,30))))),31),(32,(((33,34),35),36))));
Initial Score: 7349.138176558165

Step Number: 1
Time Spent: 11.094790755 seconds
New Tree:
Tree: ((((0,((1,2),3)),(((4,5),6),7)),(8,(9,((10,11),12)))),(((32,(((33,34),35),36)),31),(((((13,14),15),16),17),(((18,19),(20,(21,22))),(23,((((24,25),(26,27)),28),(29,30)))))));
Tree Score: 9172.031300846578
Score Improvement: 0.2480417540798141

Step Number: 2
Time Spent: 11.000603778 seconds
New Tree:
Tree: ((((0,((1,2),3)),(((4,5),6),7)),(8,(9,((10,11),12)))),(((32,(((33,34),35),36)),31),((23,((((24,25),(26,27)),28),(29,30))),(((18,19),(20,(21,22))),((((13,14),15),16),17)))));
Tree Score: 10680.82782228163
Score Improvement: 0.16449971352537673

Step Number: 3
Time Spent: 11.001205601 seconds
New Tree:
Tree: ((((0,((1,2),3)),(((4,5),6),7)),(8,(9,((10,11),12)))),(((32,(((33,34),35),36)),31),(((29,30),((((24,25),(26,27)),28),23)),(((18,19),(20,(21,22))),((((13,14),15),16),17)))));
Tree Score: 11397.279321944923
Score Improvement: 0.06707827441695868

Step Number: 4
Time Spent: 10.329605881 seconds
New Tree:
Tree: ((((0,((1,2),3)),(((4,5),6),7)),(8,(9,((10,11),12)))),(((32,31),(((33,34),35),36)),(((29,30),((((24,25),(26,27)),28),23)),(((18,19),(20,(21,22))),((((13,14),15),16),17)))));
Tree Score: 11922.744322499842
Score Improvement: 0.04610442419737493

Step Number: 5
Time Spent: 9.769527187 seconds
New Tree:
Tree: ((((0,((1,2),3)),(((4,5),6),7)),(((10,11),12),(9,8))),(((32,31),(((33,34),35),36)),(((29,30),((((24,25),(26,27)),28),23)),(((18,19),(20,(21,22))),((((13,14),15),16),17)))));
Tree Score: 12262.239247067482
Score Improvement: 0.028474562180031526

Step Number: 6
Time Spent: 9.193841619 seconds
New Tree:
Tree: ((((0,((1,2),3)),(((4,5),6),7)),(((10,11),12),(9,8))),(((32,31),(((33,34),35),36)),(((29,30),((((24,25),(26,27)),28),23)),(((18,19),(20,(21,22))),((17,16),((13,14),15))))));
Tree Score: 12364.468046988943
Score Improvement: 0.00833687859628962

Step Number: 7
Time Spent: 8.61830195 seconds
New Tree:
Tree: ((((0,((1,2),3)),(((4,5),6),7)),(((10,11),12),(9,8))),(((32,31),((36,35),(33,34))),(((29,30),((((24,25),(26,27)),28),23)),(((18,19),(20,(21,22))),((17,16),((13,14),15))))));
Tree Score: 12407.524972250336
Score Improvement: 0.0034823111756820957

Step Number: 8
Time Spent: 8.5276986 seconds
New Tree:
Tree: ((((0,((1,2),3)),(((4,5),6),7)),(((10,11),12),(9,8))),(((32,31),((36,35),(33,34))),(((29,30),((((24,25),(26,27)),28),23)),(((21,22),(20,(18,19))),((17,16),((13,14),15))))));
Tree Score: 12439.164096973487
Score Improvement: 0.0025499948453791

Step Number: 9
Time Spent: 7.931345459 seconds
New Tree:
Tree: ((((0,((1,2),3)),((7,6),(4,5))),(((10,11),12),(9,8))),(((32,31),((36,35),(33,34))),(((29,30),((((24,25),(26,27)),28),23)),(((21,22),(20,(18,19))),((17,16),((13,14),15))))));
Tree Score: 12456.871746777208
Score Improvement: 0.0014235401724485008

Step Number: 10
Time Spent: 7.314830399 seconds
New Tree:
Tree: ((((0,((1,2),3)),((7,6),(4,5))),(((12,11),10),(9,8))),(((32,31),((36,35),(33,34))),(((29,30),((((24,25),(26,27)),28),23)),(((21,22),(20,(18,19))),((17,16),((13,14),15))))));
Tree Score: 12457.15567150584
Score Improvement: 2.279261875726135E-5

Step Number: 11
Time Spent: 6.711299112 seconds
New Tree:
Tree: ((((0,((1,2),3)),((7,6),(4,5))),(((12,11),10),(9,8))),(((32,31),((36,35),(33,34))),(((29,30),((((24,25),(26,27)),28),23)),(((21,22),(20,(18,19))),((17,16),((13,14),15))))));
Tree Score: 12457.15567150584
Score Improvement: 0.0

TOTAL STEPS: 11
TOTAL TIME: 101.493050341 seconds
Final tree: Tree: ((((0,((1,2),3)),((7,6),(4,5))),(((12,11),10),(9,8))),(((32,31),((36,35),(33,34))),(((29,30),((((24,25),(26,27)),28),23)),(((21,22),(20,(18,19))),((17,16),((13,14),15))))));
Tree Score: 12457.15567150584
Total Score Improvement: 0.6950498646550041

--------------ITERATION 2--------------
Input tree: (((0,1),(((2,3),4),(((((5,6),7),(((8,(9,10)),11),12)),(13,14)),(15,(((16,17),((18,19),(20,(21,(22,23))))),((24,25),((26,27),28))))))),((29,30),((((31,32),(33,34)),35),36)));
Initial Score: 9788.73199933321

Step Number: 1
Time Spent: 12.936991639 seconds
New Tree:
Tree: (((0,1),(((2,3),4),(((((5,6),7),(((8,(9,10)),11),12)),(13,14)),(15,(((20,(21,(22,23))),((18,19),(16,17))),((24,25),((26,27),28))))))),((29,30),((((31,32),(33,34)),35),36)));
Tree Score: 10135.834049903173
Score Improvement: 0.035459347604327895

Step Number: 2
Time Spent: 12.348668291 seconds
New Tree:
Tree: (((0,1),(((2,3),4),(((((5,6),7),(((8,(9,10)),11),12)),(13,14)),(15,(((20,(21,(22,23))),((18,19),(16,17))),((24,25),((26,27),28))))))),((29,30),((36,35),((31,32),(33,34)))));
Tree Score: 10397.616000091974
Score Improvement: 0.025827371373676078

Step Number: 3
Time Spent: 11.670401942 seconds
New Tree:
Tree: (((0,1),(((2,3),4),(((((5,6),7),((12,11),(8,(9,10)))),(13,14)),(15,(((20,(21,(22,23))),((18,19),(16,17))),((24,25),((26,27),28))))))),((29,30),((36,35),((31,32),(33,34)))));
Tree Score: 10568.831575176064
Score Improvement: 0.01646681076533074

Step Number: 4
Time Spent: 10.981330377 seconds
New Tree:
Tree: (((0,1),(((2,3),4),(((((5,6),7),((12,11),(8,(9,10)))),(13,14)),(((24,25),((26,27),28)),(((20,(21,(22,23))),((18,19),(16,17))),15))))),((29,30),((36,35),((31,32),(33,34)))));
Tree Score: 10626.362326152415
Score Improvement: 0.005443435309488542

Step Number: 5
Time Spent: 10.489114503 seconds
New Tree:
Tree: (((0,1),(((2,3),4),(((24,25),((26,27),28)),(((((5,6),7),((12,11),(8,(9,10)))),(13,14)),(((20,(21,(22,23))),((18,19),(16,17))),15))))),((29,30),((36,35),((31,32),(33,34)))));
Tree Score: 11685.553501885119
Score Improvement: 0.0996758009206915

Step Number: 6
Time Spent: 10.458029265 seconds
New Tree:
Tree: (((0,1),(((2,3),4),(((24,25),((26,27),28)),(((20,(21,(22,23))),((18,19),(16,17))),(((((5,6),7),((12,11),(8,(9,10)))),(13,14)),15))))),((29,30),((36,35),((31,32),(33,34)))));
Tree Score: 12351.162451227745
Score Improvement: 0.05695998475684094

Step Number: 7
Time Spent: 9.813645926 seconds
New Tree:
Tree: (((0,1),(((2,3),4),(((24,25),((26,27),28)),(((20,(21,(22,23))),((18,19),(16,17))),((((13,14),((12,11),(8,(9,10)))),((5,6),7)),15))))),((29,30),((36,35),((31,32),(33,34)))));
Tree Score: 12499.658525003902
Score Improvement: 0.012022841927837868

Step Number: 8
Time Spent: 10.39362743 seconds
New Tree:
Tree: (((0,1),(((2,3),4),(((24,25),((26,27),28)),(((20,(21,(22,23))),((18,19),(16,17))),((((8,(9,10)),((12,11),(13,14))),((5,6),7)),15))))),((29,30),((36,35),((31,32),(33,34)))));
Tree Score: 12665.243701054565
Score Improvement: 0.013247175970402036

Step Number: 9
Time Spent: 10.365453177 seconds
New Tree:
Tree: (((0,1),(((2,3),4),(((24,25),((26,27),28)),((((22,23),(21,20)),((18,19),(16,17))),((((8,(9,10)),((12,11),(13,14))),((5,6),7)),15))))),((29,30),((36,35),((31,32),(33,34)))));
Tree Score: 12714.530051224127
Score Improvement: 0.0038914648097498894

Step Number: 10
Time Spent: 9.832551542 seconds
New Tree:
Tree: (((0,1),(((2,3),4),(((24,25),((26,27),28)),((((22,23),(21,20)),((18,19),(16,17))),((((8,(9,10)),((12,11),(13,14))),((5,6),7)),15))))),((29,30),((36,35),((31,32),(33,34)))));
Tree Score: 12714.530051224127
Score Improvement: 0.0

TOTAL STEPS: 10
TOTAL TIME: 109.289814092 seconds
Final tree: Tree: (((0,1),(((2,3),4),(((24,25),((26,27),28)),((((22,23),(21,20)),((18,19),(16,17))),((((8,(9,10)),((12,11),(13,14))),((5,6),7)),15))))),((29,30),((36,35),((31,32),(33,34)))));
Tree Score: 12714.530051224127
Total Score Improvement: 0.2988944893056851

--------------ITERATION 3--------------
Input tree: (((0,(((1,((2,3),4)),(5,6)),(7,8))),((9,10),((11,(12,13)),14))),((15,((16,((17,18),19)),20)),(((21,((22,23),24)),((25,26),(27,(28,29)))),(30,((((31,32),33),34),(35,36))))));
Initial Score: 9407.707676606291

Step Number: 1
Time Spent: 10.909300617 seconds
New Tree:
Tree: (((0,(((1,((2,3),4)),(5,6)),(7,8))),(((21,((22,23),24)),((25,26),(27,(28,29)))),(30,((((31,32),33),34),(35,36))))),((15,((16,((17,18),19)),20)),((9,10),((11,(12,13)),14))));
Tree Score: 10021.067752293699
Score Improvement: 0.06519761208276287

Step Number: 2
Time Spent: 11.431577508 seconds
New Tree:
Tree: ((((21,((22,23),24)),((25,26),(27,(28,29)))),((0,(((1,((2,3),4)),(5,6)),(7,8))),(30,((((31,32),33),34),(35,36))))),((15,((16,((17,18),19)),20)),((9,10),((11,(12,13)),14))));
Tree Score: 11472.862703809275
Score Improvement: 0.14487427761211147

Step Number: 3
Time Spent: 11.419485466 seconds
New Tree:
Tree: ((((21,((22,23),24)),((25,26),(27,(28,29)))),(((7,8),(((1,((2,3),4)),(5,6)),0)),(30,((((31,32),33),34),(35,36))))),((15,((16,((17,18),19)),20)),((9,10),((11,(12,13)),14))));
Tree Score: 11604.615778338266
Score Improvement: 0.011483888366000006

Step Number: 4
Time Spent: 10.901822712 seconds
New Tree:
Tree: ((((21,((22,23),24)),((28,29),(27,(25,26)))),(((7,8),(((1,((2,3),4)),(5,6)),0)),(30,((((31,32),33),34),(35,36))))),((15,((16,((17,18),19)),20)),((9,10),((11,(12,13)),14))));
Tree Score: 11662.449978188713
Score Improvement: 0.0049837238005245865

Step Number: 5
Time Spent: 10.290096178 seconds
New Tree:
Tree: ((((21,((22,23),24)),((28,29),(27,(25,26)))),(((7,8),(((1,((2,3),4)),(5,6)),0)),(30,((((31,32),33),34),(35,36))))),((15,((20,((17,18),19)),16)),((9,10),((11,(12,13)),14))));
Tree Score: 11719.03152843668
Score Improvement: 0.004851600680284784

Step Number: 6
Time Spent: 9.616021702 seconds
New Tree:
Tree: ((((21,((22,23),24)),((28,29),(27,(25,26)))),(((7,8),(((1,((2,4),3)),(5,6)),0)),(30,((((31,32),33),34),(35,36))))),((15,((20,((17,18),19)),16)),((9,10),((11,(12,13)),14))));
Tree Score: 11725.158778360215
Score Improvement: 5.22846099412444E-4

Step Number: 7
Time Spent: 9.018492575 seconds
New Tree:
Tree: ((((21,((24,23),22)),((28,29),(27,(25,26)))),(((7,8),(((1,((2,4),3)),(5,6)),0)),(30,((((31,32),33),34),(35,36))))),((15,((20,((17,18),19)),16)),((9,10),((11,(12,13)),14))));
Tree Score: 11728.029828514365
Score Improvement: 2.448623688959817E-4

Step Number: 8
Time Spent: 9.076906149 seconds
New Tree:
Tree: ((((21,((24,23),22)),((28,29),(27,(25,26)))),(((7,8),(((1,((2,4),3)),(5,6)),0)),(30,((((31,32),34),33),(35,36))))),((15,((20,((17,18),19)),16)),((9,10),((11,(12,13)),14))));
Tree Score: 11728.789828594236
Score Improvement: 6.480202480574349E-5

Step Number: 9
Time Spent: 8.444888558 seconds
New Tree:
Tree: ((((21,((24,23),22)),((28,29),(27,(25,26)))),(((7,8),(((1,((2,4),3)),(5,6)),0)),(30,((((31,32),34),33),(35,36))))),((15,((20,((17,18),19)),16)),((9,10),((11,(12,13)),14))));
Tree Score: 11728.789828594236
Score Improvement: 0.0

TOTAL STEPS: 9
TOTAL TIME: 91.108591465 seconds
Final tree: Tree: ((((21,((24,23),22)),((28,29),(27,(25,26)))),(((7,8),(((1,((2,4),3)),(5,6)),0)),(30,((((31,32),34),33),(35,36))))),((15,((20,((17,18),19)),16)),((9,10),((11,(12,13)),14))));
Tree Score: 11728.789828594236
Total Score Improvement: 0.2467213301875515

--------------ITERATION 4--------------
Input tree: (((((0,1),2),(3,(4,((((5,6),7),8),(((9,10),11),((12,13),(14,15))))))),(16,17)),((18,(((19,(20,21)),22),(23,24))),(((((25,26),(27,(28,29))),30),((31,32),33)),(34,(35,36)))));
Initial Score: 7747.783196853819

Step Number: 1
Time Spent: 11.43617055 seconds
New Tree:
Tree: (((((0,1),2),(3,(4,((((5,6),7),8),(((9,10),11),((12,13),(14,15))))))),(((((25,26),(27,(28,29))),30),((31,32),33)),(34,(35,36)))),((18,(((19,(20,21)),22),(23,24))),(16,17)));
Tree Score: 8681.531525256883
Score Improvement: 0.12051812817661656

Step Number: 2
Time Spent: 12.166061131 seconds
New Tree:
Tree: (((((0,1),2),(3,(4,((((5,6),7),8),(((9,10),11),((12,13),(14,15))))))),(((34,(35,36)),((31,32),33)),(((25,26),(27,(28,29))),30))),((18,(((19,(20,21)),22),(23,24))),(16,17)));
Tree Score: 9532.23167627475
Score Improvement: 0.09798964025448198

Step Number: 3
Time Spent: 12.15254824 seconds
New Tree:
Tree: (((((0,1),2),(((((5,6),7),8),(((9,10),11),((12,13),(14,15)))),(4,3))),(((34,(35,36)),((31,32),33)),(((25,26),(27,(28,29))),30))),((18,(((19,(20,21)),22),(23,24))),(16,17)));
Tree Score: 10139.128775473058
Score Improvement: 0.06366789224278335

Step Number: 4
Time Spent: 11.618176376 seconds
New Tree:
Tree: (((((((5,6),7),8),(((9,10),11),((12,13),(14,15)))),(((0,1),2),(4,3))),(((34,(35,36)),((31,32),33)),(((25,26),(27,(28,29))),30))),((18,(((19,(20,21)),22),(23,24))),(16,17)));
Tree Score: 11178.181726028051
Score Improvement: 0.10247951017926726

Step Number: 5
Time Spent: 10.976722808 seconds
New Tree:
Tree: ((((((34,(35,36)),((31,32),33)),(((25,26),(27,(28,29))),30)),(((0,1),2),(4,3))),((((5,6),7),8),(((9,10),11),((12,13),(14,15))))),((18,(((19,(20,21)),22),(23,24))),(16,17)));
Tree Score: 11986.491526674785
Score Improvement: 0.07231138484397781

Step Number: 6
Time Spent: 11.160926051 seconds
New Tree:
Tree: ((((((34,(35,36)),((31,32),33)),(((0,1),2),(4,3))),(((25,26),(27,(28,29))),30)),((((5,6),7),8),(((9,10),11),((12,13),(14,15))))),((18,(((19,(20,21)),22),(23,24))),(16,17)));
Tree Score: 13118.662902574652
Score Improvement: 0.09445394203802904

Step Number: 7
Time Spent: 11.574105548 seconds
New Tree:
Tree: ((((((34,(35,36)),((31,32),33)),(((0,1),2),(4,3))),(((25,26),(27,(28,29))),30)),((((5,6),7),8),(((9,10),11),((12,13),(14,15))))),((18,(16,17)),(((19,(20,21)),22),(23,24))));
Tree Score: 13604.34517760083
Score Improvement: 0.037022239128566836

Step Number: 8
Time Spent: 11.227197188 seconds
New Tree:
Tree: ((((((34,(35,36)),((31,32),33)),(((0,1),2),(4,3))),((30,(27,(28,29))),(25,26))),((((5,6),7),8),(((9,10),11),((12,13),(14,15))))),((18,(16,17)),(((19,(20,21)),22),(23,24))));
Tree Score: 14045.59800316274
Score Improvement: 0.03243469787053188

Step Number: 9
Time Spent: 10.77748197 seconds
New Tree:
Tree: ((((((34,(35,36)),((31,32),33)),(((0,1),2),(4,3))),((30,(27,(28,29))),(25,26))),((((7,6),5),8),(((9,10),11),((12,13),(14,15))))),((18,(16,17)),(((19,(20,21)),22),(23,24))));
Tree Score: 14053.028853324184
Score Improvement: 5.290518894083274E-4

Step Number: 10
Time Spent: 10.71695849 seconds
New Tree:
Tree: ((((((34,(35,36)),((31,32),33)),(((0,1),2),(4,3))),((30,(27,(28,29))),(25,26))),((((7,6),5),8),(((9,10),11),((12,13),(14,15))))),((18,(16,17)),(((21,(20,19)),22),(23,24))));
Tree Score: 14059.95367843745
Score Improvement: 4.927638863865269E-4

Step Number: 11
Time Spent: 10.448726546 seconds
New Tree:
Tree: ((((((34,(35,36)),((31,32),33)),(((0,1),2),(4,3))),((30,(27,(28,29))),(25,26))),((((7,6),5),8),(((9,10),11),((12,13),(14,15))))),((18,(16,17)),(((22,(20,19)),21),(23,24))));
Tree Score: 14066.162328264152
Score Improvement: 4.4158394605697815E-4

Step Number: 12
Time Spent: 10.34594923 seconds
New Tree:
Tree: ((((((34,(35,36)),((31,32),33)),(((0,1),2),(4,3))),((30,(27,(28,29))),(25,26))),((((7,6),5),8),(((9,10),11),((12,13),(14,15))))),((18,(16,17)),(((22,(20,19)),21),(23,24))));
Tree Score: 14066.162328264152
Score Improvement: 0.0

TOTAL STEPS: 12
TOTAL TIME: 134.601024128 seconds
Final tree: Tree: ((((((34,(35,36)),((31,32),33)),(((0,1),2),(4,3))),((30,(27,(28,29))),(25,26))),((((7,6),5),8),(((9,10),11),((12,13),(14,15))))),((18,(16,17)),(((22,(20,19)),21),(23,24))));
Tree Score: 14066.162328264152
Total Score Improvement: 0.8155079938189376

--------------ITERATION 5--------------
Input tree: (((((0,1),(2,3)),(4,5)),6),(((7,8),(9,(10,11))),(((12,13),(14,15)),(((16,(17,(18,19))),(20,21)),((((22,(23,24)),(((25,26),(27,28)),((29,30),(31,32)))),33),((34,35),36))))));
Initial Score: 9257.556777195075

Step Number: 1
Time Spent: 13.030991301 seconds
New Tree:
Tree: (((((0,1),(2,3)),(4,5)),6),(((7,8),(9,(10,11))),(((12,13),(14,15)),(((16,(17,(18,19))),(20,21)),((((34,35),36),33),((22,(23,24)),(((25,26),(27,28)),((29,30),(31,32)))))))));
Tree Score: 10215.073227929768
Score Improvement: 0.10343079429914215

Step Number: 2
Time Spent: 11.993690818 seconds
New Tree:
Tree: (((((0,1),(2,3)),(4,5)),6),((((16,(17,(18,19))),(20,21)),((((34,35),36),33),((22,(23,24)),(((25,26),(27,28)),((29,30),(31,32)))))),(((12,13),(14,15)),((7,8),(9,(10,11))))));
Tree Score: 10640.920327121481
Score Improvement: 0.041688110274860746

Step Number: 3
Time Spent: 12.214788278 seconds
New Tree:
Tree: (((((0,1),(2,3)),(4,5)),6),((((16,(17,(18,19))),(20,21)),(((12,13),(14,15)),((7,8),(9,(10,11))))),((((34,35),36),33),((22,(23,24)),(((25,26),(27,28)),((29,30),(31,32)))))));
Tree Score: 11532.370901993274
Score Improvement: 0.08377570242676025

Step Number: 4
Time Spent: 12.26032235 seconds
New Tree:
Tree: (((((0,1),(2,3)),(4,5)),6),((((34,35),36),33),((((16,(17,(18,19))),(20,21)),(((12,13),(14,15)),((7,8),(9,(10,11))))),((22,(23,24)),(((25,26),(27,28)),((29,30),(31,32)))))));
Tree Score: 14178.905651386965
Score Improvement: 0.22948748109864026

Step Number: 5
Time Spent: 12.928983078 seconds
New Tree:
Tree: (((((0,1),(2,3)),(4,5)),6),((((34,35),36),33),((((16,(17,(18,19))),(20,21)),(((12,13),(14,15)),((7,8),(9,(10,11))))),(((29,30),(31,32)),(((25,26),(27,28)),(22,(23,24)))))));
Tree Score: 14346.340276003139
Score Improvement: 0.011808712797224619

Step Number: 6
Time Spent: 12.482169765 seconds
New Tree:
Tree: (((((0,1),(2,3)),(4,5)),6),((((34,35),36),33),((((16,(19,(18,17))),(20,21)),(((12,13),(14,15)),((7,8),(9,(10,11))))),(((29,30),(31,32)),(((25,26),(27,28)),(22,(23,24)))))));
Tree Score: 14360.198776394383
Score Improvement: 9.659955169489809E-4

Step Number: 7
Time Spent: 11.765846831 seconds
New Tree:
Tree: (((((0,1),(2,3)),(4,5)),6),((((36,35),34),33),((((16,(19,(18,17))),(20,21)),(((12,13),(14,15)),((7,8),(9,(10,11))))),(((29,30),(31,32)),(((25,26),(27,28)),(22,(23,24)))))));
Tree Score: 14373.839601367967
Score Improvement: 9.499050247137042E-4

Step Number: 8
Time Spent: 11.019099775 seconds
New Tree:
Tree: (((((0,1),(2,3)),(4,5)),6),((((36,35),34),33),((((16,(19,(18,17))),(20,21)),(((12,13),(14,15)),((7,8),(9,(10,11))))),(((29,30),(31,32)),(((25,26),(27,28)),(22,(23,24)))))));
Tree Score: 14373.839601367967
Score Improvement: 0.0

TOTAL STEPS: 8
TOTAL TIME: 97.695892196 seconds
Final tree: Tree: (((((0,1),(2,3)),(4,5)),6),((((36,35),34),33),((((16,(19,(18,17))),(20,21)),(((12,13),(14,15)),((7,8),(9,(10,11))))),(((29,30),(31,32)),(((25,26),(27,28)),(22,(23,24)))))));
Tree Score: 14373.839601367967
Total Score Improvement: 0.5526601615640385

--------------ITERATION 6--------------
Input tree: ((0,(1,(2,(((3,4),(5,6)),(((7,8),((9,10),(11,12))),13))))),(((((((14,15),16),(17,18)),(19,((20,(21,22)),(23,24)))),(((25,26),(27,28)),29)),(30,31)),(((32,33),(34,35)),36)));
Initial Score: 7372.116174148985

Step Number: 1
Time Spent: 13.223885384 seconds
New Tree:
Tree: ((0,(1,(2,(((3,4),(5,6)),(((7,8),((9,10),(11,12))),13))))),((((30,31),(((25,26),(27,28)),29)),((((14,15),16),(17,18)),(19,((20,(21,22)),(23,24))))),(((32,33),(34,35)),36)));
Tree Score: 9005.911798589754
Score Improvement: 0.22161826887235248

Step Number: 2
Time Spent: 12.477444304 seconds
New Tree:
Tree: ((0,((((3,4),(5,6)),(((7,8),((9,10),(11,12))),13)),(2,1))),((((30,31),(((25,26),(27,28)),29)),((((14,15),16),(17,18)),(19,((20,(21,22)),(23,24))))),(((32,33),(34,35)),36)));
Tree Score: 9461.70849880683
Score Improvement: 0.050610833240499975

Step Number: 3
Time Spent: 12.079112994 seconds
New Tree:
Tree: ((0,((((3,4),(5,6)),(2,1)),(((7,8),((9,10),(11,12))),13))),((((30,31),(((25,26),(27,28)),29)),((((14,15),16),(17,18)),(19,((20,(21,22)),(23,24))))),(((32,33),(34,35)),36)));
Tree Score: 9777.467173222205
Score Improvement: 0.033372268280637885

Step Number: 4
Time Spent: 12.683921258 seconds
New Tree:
Tree: ((0,((((3,4),(5,6)),(2,1)),(((7,8),((9,10),(11,12))),13))),((((30,31),(((25,26),(27,28)),29)),((((14,15),16),(17,18)),(19,((20,(21,22)),(23,24))))),((36,(34,35)),(32,33))));
Tree Score: 10070.233149181804
Score Improvement: 0.029942925992265668

Step Number: 5
Time Spent: 12.551184058 seconds
New Tree:
Tree: ((0,((((3,4),(5,6)),(2,1)),((13,((9,10),(11,12))),(7,8)))),((((30,31),(((25,26),(27,28)),29)),((((14,15),16),(17,18)),(19,((20,(21,22)),(23,24))))),((36,(34,35)),(32,33))));
Tree Score: 10336.254173855748
Score Improvement: 0.02641657057320046

Step Number: 6
Time Spent: 12.513540794 seconds
New Tree:
Tree: ((0,((((3,4),(5,6)),(2,1)),((13,((9,10),(11,12))),(7,8)))),((((30,31),(((25,26),(27,28)),29)),((36,(34,35)),(32,33))),((((14,15),16),(17,18)),(19,((20,(21,22)),(23,24))))));
Tree Score: 10546.063373128112
Score Improvement: 0.020298378478641688

Step Number: 7
Time Spent: 12.575040723 seconds
New Tree:
Tree: ((((13,((9,10),(11,12))),(7,8)),((((3,4),(5,6)),(2,1)),0)),((((30,31),(((25,26),(27,28)),29)),((36,(34,35)),(32,33))),((((14,15),16),(17,18)),(19,((20,(21,22)),(23,24))))));
Tree Score: 10795.506123713174
Score Improvement: 0.023652688378552167

Step Number: 8
Time Spent: 12.011299971 seconds
New Tree:
Tree: ((((13,((9,10),(11,12))),(7,8)),((((14,15),16),(17,18)),(19,((20,(21,22)),(23,24))))),((((30,31),(((25,26),(27,28)),29)),((36,(34,35)),(32,33))),((((3,4),(5,6)),(2,1)),0)));
Tree Score: 11439.974423452826
Score Improvement: 0.05969783096357362

Step Number: 9
Time Spent: 12.607802431 seconds
New Tree:
Tree: ((((13,((9,10),(11,12))),(7,8)),((((14,15),16),(17,18)),(19,((20,(21,22)),(23,24))))),((((((3,4),(5,6)),(2,1)),0),((36,(34,35)),(32,33))),((30,31),(((25,26),(27,28)),29))));
Tree Score: 12937.273050253767
Score Improvement: 0.13088303971478843

Step Number: 10
Time Spent: 12.105912002 seconds
New Tree:
Tree: ((((13,((9,10),(11,12))),(7,8)),((((14,15),16),(17,18)),(19,((20,(21,22)),(23,24))))),((((((3,4),(5,6)),(2,1)),0),((36,(34,35)),(32,33))),((30,31),((29,(27,28)),(25,26)))));
Tree Score: 13027.773850791644
Score Improvement: 0.006995353672009097

Step Number: 11
Time Spent: 11.478896513 seconds
New Tree:
Tree: (((((9,10),(13,(11,12))),(7,8)),((((14,15),16),(17,18)),(19,((20,(21,22)),(23,24))))),((((((3,4),(5,6)),(2,1)),0),((36,(34,35)),(32,33))),((30,31),((29,(27,28)),(25,26)))));
Tree Score: 13085.002650723349
Score Improvement: 0.004392830316764185

Step Number: 12
Time Spent: 11.45331889 seconds
New Tree:
Tree: (((((9,10),(13,(11,12))),(7,8)),((((17,18),16),(14,15)),(19,((20,(21,22)),(23,24))))),((((((3,4),(5,6)),(2,1)),0),((36,(34,35)),(32,33))),((30,31),((29,(27,28)),(25,26)))));
Tree Score: 13089.957001080526
Score Improvement: 3.78628150824456E-4

Step Number: 13
Time Spent: 10.887220505 seconds
New Tree:
Tree: (((((9,10),(13,(11,12))),(7,8)),((((17,18),16),(14,15)),(19,((21,(20,22)),(23,24))))),((((((3,4),(5,6)),(2,1)),0),((36,(34,35)),(32,33))),((30,31),((29,(27,28)),(25,26)))));
Tree Score: 13091.938850706232
Score Improvement: 1.514023022033406E-4

Step Number: 14
Time Spent: 10.345877084 seconds
New Tree:
Tree: (((((9,10),(13,(11,12))),(7,8)),((((17,18),16),(14,15)),(19,((21,(20,22)),(23,24))))),((((((3,4),(5,6)),(2,1)),0),((36,(34,35)),(32,33))),((30,31),((29,(27,28)),(25,26)))));
Tree Score: 13091.938850706232
Score Improvement: 0.0

TOTAL STEPS: 14
TOTAL TIME: 168.994456911 seconds
Final tree: Tree: (((((9,10),(13,(11,12))),(7,8)),((((17,18),16),(14,15)),(19,((21,(20,22)),(23,24))))),((((((3,4),(5,6)),(2,1)),0),((36,(34,35)),(32,33))),((30,31),((29,(27,28)),(25,26)))));
Tree Score: 13091.938850706232
Total Score Improvement: 0.7758725637849198

--------------ITERATION 7--------------
Input tree: ((((0,1),(((2,(3,4)),5),((6,(7,(8,9))),(((10,11),(12,13)),((((14,15),(16,17)),18),(19,20)))))),21),((((22,23),((24,25),26)),(27,((28,29),(30,31)))),(((32,33),34),(35,36))));
Initial Score: 10039.14332843808

Step Number: 1
Time Spent: 11.568416137 seconds
New Tree:
Tree: (((((6,(7,(8,9))),(((10,11),(12,13)),((((14,15),(16,17)),18),(19,20)))),(((2,(3,4)),5),(0,1))),21),((((22,23),((24,25),26)),(27,((28,29),(30,31)))),(((32,33),34),(35,36))));
Tree Score: 10699.984451756118
Score Improvement: 0.06582644571335683

Step Number: 2
Time Spent: 11.051022411 seconds
New Tree:
Tree: ((((((10,11),(12,13)),((6,(7,(8,9))),((((14,15),(16,17)),18),(19,20)))),(((2,(3,4)),5),(0,1))),21),((((22,23),((24,25),26)),(27,((28,29),(30,31)))),(((32,33),34),(35,36))));
Tree Score: 10991.234302554312
Score Improvement: 0.02721965177719432

Step Number: 3
Time Spent: 11.241566194 seconds
New Tree:
Tree: ((((((10,11),(12,13)),((6,(7,(8,9))),((((14,15),(16,17)),18),(19,20)))),(((2,(3,4)),5),(0,1))),21),((((22,23),((24,25),26)),((30,31),((28,29),27))),(((32,33),34),(35,36))));
Tree Score: 11117.330102105658
Score Improvement: 0.011472396646302174

Step Number: 4
Time Spent: 10.674016507 seconds
New Tree:
Tree: ((((((10,11),(12,13)),((6,(7,(8,9))),(((19,20),18),((14,15),(16,17))))),(((2,(3,4)),5),(0,1))),21),((((22,23),((24,25),26)),((30,31),((28,29),27))),(((32,33),34),(35,36))));
Tree Score: 11178.377325537946
Score Improvement: 0.005491176646875484

Step Number: 5
Time Spent: 10.516905747 seconds
New Tree:
Tree: ((((((10,11),(12,13)),((6,(7,(8,9))),(((19,18),20),((14,15),(16,17))))),(((2,(3,4)),5),(0,1))),21),((((22,23),((24,25),26)),((30,31),((28,29),27))),(((32,33),34),(35,36))));
Tree Score: 11197.008776191022
Score Improvement: 0.0016667401815566585

Step Number: 6
Time Spent: 9.877825525 seconds
New Tree:
Tree: ((((((10,11),(12,13)),(((8,9),(7,6)),(((19,18),20),((14,15),(16,17))))),(((2,(3,4)),5),(0,1))),21),((((22,23),((24,25),26)),((30,31),((28,29),27))),(((32,33),34),(35,36))));
Tree Score: 11204.086001160886
Score Improvement: 6.32063894145718E-4

Step Number: 7
Time Spent: 9.331482935 seconds
New Tree:
Tree: ((((((10,11),(12,13)),(((8,9),(7,6)),(((19,18),20),((14,15),(16,17))))),(((3,(2,4)),5),(0,1))),21),((((22,23),((24,25),26)),((30,31),((28,29),27))),(((32,33),34),(35,36))));
Tree Score: 11209.151351032178
Score Improvement: 4.520984461175992E-4

Step Number: 8
Time Spent: 8.736661974 seconds
New Tree:
Tree: ((((((10,11),(12,13)),(((8,9),(7,6)),(((19,18),20),((14,15),(16,17))))),(((3,(2,4)),5),(0,1))),21),((((22,23),((24,25),26)),((30,31),((28,29),27))),(((32,34),33),(35,36))));
Tree Score: 11211.102826056402
Score Improvement: 1.7409658975142683E-4

Step Number: 9
Time Spent: 8.281421262 seconds
New Tree:
Tree: ((((((10,11),(12,13)),(((8,9),(7,6)),(((19,18),20),((14,15),(16,17))))),(((3,(2,4)),5),(0,1))),21),((((22,23),((24,25),26)),((30,31),((28,29),27))),(((32,34),33),(35,36))));
Tree Score: 11211.102826056402
Score Improvement: 0.0

TOTAL STEPS: 9
TOTAL TIME: 91.279318692 seconds
Final tree: Tree: ((((((10,11),(12,13)),(((8,9),(7,6)),(((19,18),20),((14,15),(16,17))))),(((3,(2,4)),5),(0,1))),21),((((22,23),((24,25),26)),((30,31),((28,29),27))),(((32,34),33),(35,36))));
Tree Score: 11211.102826056402
Total Score Improvement: 0.11673899448157976

--------------ITERATION 8--------------
Input tree: (((0,(((1,2),(3,4)),5)),(((6,(7,(8,9))),((10,((((11,12),13),14),(15,16))),17)),((18,19),((20,21),(22,23))))),((((24,25),((26,27),28)),(29,30)),((31,(32,33)),(34,(35,36)))));
Initial Score: 11435.91574985511

Step Number: 1
Time Spent: 9.95602716 seconds
New Tree:
Tree: (((0,(((1,2),(3,4)),5)),((31,(32,33)),(34,(35,36)))),((((24,25),((26,27),28)),(29,30)),(((6,(7,(8,9))),((10,((((11,12),13),14),(15,16))),17)),((18,19),((20,21),(22,23))))));
Tree Score: 13922.032574065903
Score Improvement: 0.21739551764731124

Step Number: 2
Time Spent: 10.097768718 seconds
New Tree:
Tree: (((0,(((1,2),(3,4)),5)),((31,(32,33)),(34,(35,36)))),((((24,25),((26,27),28)),(29,30)),(((6,(7,(8,9))),((10,(((14,13),(11,12)),(15,16))),17)),((18,19),((20,21),(22,23))))));
Tree Score: 14023.715074819454
Score Improvement: 0.007303710877890612

Step Number: 3
Time Spent: 9.177363267 seconds
New Tree:
Tree: (((0,((5,(3,4)),(1,2))),((31,(32,33)),(34,(35,36)))),((((24,25),((26,27),28)),(29,30)),(((6,(7,(8,9))),((10,(((14,13),(11,12)),(15,16))),17)),((18,19),((20,21),(22,23))))));
Tree Score: 14121.826874568535
Score Improvement: 0.006996134706504842

Step Number: 4
Time Spent: 8.543422736 seconds
New Tree:
Tree: (((0,((5,(3,4)),(1,2))),((31,(32,33)),(34,(35,36)))),((((24,25),((26,27),28)),(29,30)),(((6,(7,(8,9))),(((15,16),(((14,13),(11,12)),10)),17)),((18,19),((20,21),(22,23))))));
Tree Score: 14133.837024680746
Score Improvement: 8.504671682274534E-4

Step Number: 5
Time Spent: 8.663491146 seconds
New Tree:
Tree: (((0,((5,(3,4)),(1,2))),((31,(32,33)),(34,(35,36)))),((((24,25),((26,27),28)),(29,30)),(((6,(7,(8,9))),(((15,16),17),(((14,13),(11,12)),10))),((18,19),((20,21),(22,23))))));
Tree Score: 14394.05489995073
Score Improvement: 0.01841098597752233

Step Number: 6
Time Spent: 8.02096803 seconds
New Tree:
Tree: (((0,((5,(3,4)),(1,2))),((31,(32,33)),(34,(35,36)))),((((24,25),((26,27),28)),(29,30)),(((6,(7,(8,9))),(((15,16),17),(((14,13),(11,12)),10))),((18,19),(23,(22,(20,21)))))));
Tree Score: 14397.953074937439
Score Improvement: 2.7081840480702724E-4

Step Number: 7
Time Spent: 7.922587293 seconds
New Tree:
Tree: (((0,((5,(3,4)),(1,2))),((31,(32,33)),(34,(35,36)))),((((24,25),((26,27),28)),(29,30)),(((6,(7,(8,9))),(((15,16),17),(((14,13),(11,12)),10))),((18,19),(23,(21,(20,22)))))));
Tree Score: 14402.212524717426
Score Improvement: 2.958371761470069E-4

Step Number: 8
Time Spent: 7.419628921 seconds
New Tree:
Tree: (((0,((5,(3,4)),(1,2))),((31,(32,33)),(34,(35,36)))),((((24,25),((26,27),28)),(29,30)),(((6,(7,(8,9))),(((15,16),17),(((14,13),(11,12)),10))),((18,19),(23,(21,(20,22)))))));
Tree Score: 14402.212524717426
Score Improvement: 0.0

TOTAL STEPS: 8
TOTAL TIME: 69.801257271 seconds
Final tree: Tree: (((0,((5,(3,4)),(1,2))),((31,(32,33)),(34,(35,36)))),((((24,25),((26,27),28)),(29,30)),(((6,(7,(8,9))),(((15,16),17),(((14,13),(11,12)),10))),((18,19),(23,(21,(20,22)))))));
Tree Score: 14402.212524717426
Total Score Improvement: 0.25938428017012094

--------------ITERATION 9--------------
Input tree: (0,(((1,((2,3),(4,5))),((((6,(7,8)),(9,(10,11))),(12,13)),14)),(((((15,16),(17,18)),((19,20),21)),(((22,23),(24,(25,26))),(27,((28,29),30)))),(((31,32),33),(34,(35,36))))));
Initial Score: 10769.282073339622

Step Number: 1
Time Spent: 11.585487372 seconds
New Tree:
Tree: (0,(((1,((2,3),(4,5))),((14,(12,13)),((6,(7,8)),(9,(10,11))))),(((((15,16),(17,18)),((19,20),21)),(((22,23),(24,(25,26))),(27,((28,29),30)))),(((31,32),33),(34,(35,36))))));
Tree Score: 11771.415722698614
Score Improvement: 0.09305482413167243

Step Number: 2
Time Spent: 11.53491963 seconds
New Tree:
Tree: (0,(((1,((2,3),(4,5))),((14,(12,13)),((6,(7,8)),(9,(10,11))))),(((((31,32),33),(34,(35,36))),(((22,23),(24,(25,26))),(27,((28,29),30)))),(((15,16),(17,18)),((19,20),21)))));
Tree Score: 12106.877252498272
Score Improvement: 0.028497976598752972

Step Number: 3
Time Spent: 10.942372141 seconds
New Tree:
Tree: (0,((((4,5),((2,3),1)),((14,(12,13)),((6,(7,8)),(9,(10,11))))),(((((31,32),33),(34,(35,36))),(((22,23),(24,(25,26))),(27,((28,29),30)))),(((15,16),(17,18)),((19,20),21)))));
Tree Score: 12428.94422724713
Score Improvement: 0.026601985634437497

Step Number: 4
Time Spent: 10.302472403 seconds
New Tree:
Tree: (0,((((4,5),((2,3),1)),((6,(7,8)),((14,(12,13)),(9,(10,11))))),(((((31,32),33),(34,(35,36))),(((22,23),(24,(25,26))),(27,((28,29),30)))),(((15,16),(17,18)),((19,20),21)))));
Tree Score: 12458.104226338308
Score Improvement: 0.0023461364503714055

Step Number: 5
Time Spent: 9.741931917 seconds
New Tree:
Tree: (0,((((4,5),((2,3),1)),((6,(7,8)),((14,(12,13)),(9,(10,11))))),(((((31,32),33),(34,(35,36))),(((25,26),(24,(22,23))),(27,((28,29),30)))),(((15,16),(17,18)),((19,20),21)))));
Tree Score: 12485.216901098824
Score Improvement: 0.0021763082302037606

Step Number: 6
Time Spent: 9.241264131 seconds
New Tree:
Tree: (0,((((4,5),((2,3),1)),((6,(7,8)),((14,(12,13)),(9,(10,11))))),(((((31,32),33),(34,(35,36))),(((25,26),(24,(22,23))),(27,((28,29),30)))),(((15,16),(17,18)),((19,20),21)))));
Tree Score: 12485.216901098824
Score Improvement: 0.0

TOTAL STEPS: 6
TOTAL TIME: 63.348447594 seconds
Final tree: Tree: (0,((((4,5),((2,3),1)),((6,(7,8)),((14,(12,13)),(9,(10,11))))),(((((31,32),33),(34,(35,36))),(((25,26),(24,(22,23))),(27,((28,29),30)))),(((15,16),(17,18)),((19,20),21)))));
Tree Score: 12485.216901098824
Total Score Improvement: 0.1593360463653526

--------------ITERATION 10--------------
Input tree: ((((0,(1,(2,3))),(((4,5),(6,(7,8))),((9,((10,(11,12)),13)),(((14,15),((16,17),(18,(19,20)))),(21,22))))),((((23,(24,25)),26),(27,28)),(((29,30),31),(32,33)))),(34,(35,36)));
Initial Score: 9762.654501550045

Step Number: 1
Time Spent: 9.88664145 seconds
New Tree:
Tree: (((((((23,(24,25)),26),(27,28)),(((29,30),31),(32,33))),(((4,5),(6,(7,8))),((9,((10,(11,12)),13)),(((14,15),((16,17),(18,(19,20)))),(21,22))))),(0,(1,(2,3)))),(34,(35,36)));
Tree Score: 11815.061277379777
Score Improvement: 0.21023040152694783

Step Number: 2
Time Spent: 9.964819549 seconds
New Tree:
Tree: (((((((23,(24,25)),26),(27,28)),(((4,5),(6,(7,8))),((9,((10,(11,12)),13)),(((14,15),((16,17),(18,(19,20)))),(21,22))))),(((29,30),31),(32,33))),(0,(1,(2,3)))),(34,(35,36)));
Tree Score: 12041.898705335014
Score Improvement: 0.019199005627632548

Step Number: 3
Time Spent: 9.504660405 seconds
New Tree:
Tree: (((((((27,28),26),(23,(24,25))),(((4,5),(6,(7,8))),((9,((10,(11,12)),13)),(((14,15),((16,17),(18,(19,20)))),(21,22))))),(((29,30),31),(32,33))),(0,(1,(2,3)))),(34,(35,36)));
Tree Score: 12276.045055260562
Score Improvement: 0.019444304893696973

Step Number: 4
Time Spent: 8.953910829 seconds
New Tree:
Tree: (((((((27,28),26),(23,(24,25))),(((4,5),(6,(7,8))),((9,((10,(11,12)),13)),(((14,15),((16,17),(20,(19,18)))),(21,22))))),(((29,30),31),(32,33))),(0,(1,(2,3)))),(34,(35,36)));
Tree Score: 12295.750130450033
Score Improvement: 0.0016051647823682735

Step Number: 5
Time Spent: 8.308227743 seconds
New Tree:
Tree: (((((((27,28),26),(23,(24,25))),(((4,5),(6,(7,8))),((9,((10,(11,12)),13)),(((14,15),((16,17),(20,(19,18)))),(21,22))))),(((29,30),31),(32,33))),(0,(3,(2,1)))),(34,(35,36)));
Tree Score: 12312.59528026139
Score Improvement: 0.0013699977335779323

Step Number: 6
Time Spent: 7.773256223 seconds
New Tree:
Tree: (((((((27,28),26),(25,(24,23))),(((4,5),(6,(7,8))),((9,((10,(11,12)),13)),(((14,15),((16,17),(20,(19,18)))),(21,22))))),(((29,30),31),(32,33))),(0,(3,(2,1)))),(34,(35,36)));
Tree Score: 12318.889105425827
Score Improvement: 5.111696617305928E-4

Step Number: 7
Time Spent: 7.239041501 seconds
New Tree:
Tree: (((((((27,28),26),(25,(24,23))),(((4,5),(8,(7,6))),((9,((10,(11,12)),13)),(((14,15),((16,17),(20,(19,18)))),(21,22))))),(((29,30),31),(32,33))),(0,(3,(2,1)))),(34,(35,36)));
Tree Score: 12323.032455402106
Score Improvement: 3.363412025889634E-4

Step Number: 8
Time Spent: 6.569424855 seconds
New Tree:
Tree: (((((((27,28),26),(25,(24,23))),(((4,5),(8,(7,6))),((9,((13,(11,12)),10)),(((14,15),((16,17),(20,(19,18)))),(21,22))))),(((29,30),31),(32,33))),(0,(3,(2,1)))),(34,(35,36)));
Tree Score: 12324.24838028723
Score Improvement: 9.867091477078205E-5

Step Number: 9
Time Spent: 6.565027648 seconds
New Tree:
Tree: (((((((27,28),26),(25,(24,23))),(((4,5),(8,(7,6))),((9,((11,(13,12)),10)),(((14,15),((16,17),(20,(19,18)))),(21,22))))),(((29,30),31),(32,33))),(0,(3,(2,1)))),(34,(35,36)));
Tree Score: 12326.044505378843
Score Improvement: 1.4573911821558205E-4

Step Number: 10
Time Spent: 5.993497916 seconds
New Tree:
Tree: (((((((27,28),26),(25,(24,23))),(((4,5),(8,(7,6))),((9,((11,(13,12)),10)),(((14,15),((16,17),(20,(19,18)))),(21,22))))),(((29,30),31),(32,33))),(0,(3,(2,1)))),(34,(35,36)));
Tree Score: 12326.044505378843
Score Improvement: 0.0

TOTAL STEPS: 10
TOTAL TIME: 80.758508119 seconds
Final tree: Tree: (((((((27,28),26),(25,(24,23))),(((4,5),(8,(7,6))),((9,((11,(13,12)),10)),(((14,15),((16,17),(20,(19,18)))),(21,22))))),(((29,30),31),(32,33))),(0,(3,(2,1)))),(34,(35,36)));
Tree Score: 12326.044505378843
Total Score Improvement: 0.26257100498863295

--------------ITERATION 11--------------
Input tree: (((0,1),2),(((((3,4),(5,(6,(7,8)))),(9,10)),(((11,(12,13)),((14,15),(16,17))),(((18,19),20),((21,22),((23,24),(25,26)))))),(((27,28),(((29,30),(31,32)),33)),((34,35),36))));
Initial Score: 10726.319175036033

Step Number: 1
Time Spent: 9.818841628 seconds
New Tree:
Tree: (((0,1),2),(((34,35),36),(((27,28),(((29,30),(31,32)),33)),((((3,4),(5,(6,(7,8)))),(9,10)),(((11,(12,13)),((14,15),(16,17))),(((18,19),20),((21,22),((23,24),(25,26)))))))));
Tree Score: 11811.286651820808
Score Improvement: 0.10115002724419031

Step Number: 2
Time Spent: 10.431882155 seconds
New Tree:
Tree: (((0,1),2),(((34,35),36),(((27,28),(((29,30),(31,32)),33)),((((6,(7,8)),(5,(3,4))),(9,10)),(((11,(12,13)),((14,15),(16,17))),(((18,19),20),((21,22),((23,24),(25,26)))))))));
Tree Score: 11904.15085177373
Score Improvement: 0.007862327169801286

Step Number: 3
Time Spent: 7.594861819 seconds
New Tree:
Tree: (((0,1),2),(((34,35),36),(((27,28),(((29,30),(31,32)),33)),((((6,(7,8)),(5,(3,4))),(9,10)),(((11,(12,13)),((14,15),(16,17))),(((23,24),(25,26)),((21,22),((18,19),20))))))));
Tree Score: 11938.336503080258
Score Improvement: 0.002871742111822728

Step Number: 4
Time Spent: 5.494969437 seconds
New Tree:
Tree: (((0,1),2),(((34,35),36),(((27,28),(((29,30),(31,32)),33)),((((6,(7,8)),(5,(3,4))),(9,10)),(((23,24),(25,26)),(((11,(12,13)),((14,15),(16,17))),((21,22),((18,19),20))))))));
Tree Score: 12095.167025929866
Score Improvement: 0.013136714885624512

Step Number: 5
Time Spent: 5.967342915 seconds
New Tree:
Tree: (((0,1),2),(((34,35),36),(((27,28),(((29,30),(31,32)),33)),(((23,24),(25,26)),((((6,(7,8)),(5,(3,4))),(9,10)),(((11,(12,13)),((14,15),(16,17))),((21,22),((18,19),20))))))));
Tree Score: 12526.652053998634
Score Improvement: 0.03567416862815875

Step Number: 6
Time Spent: 5.847002262 seconds
New Tree:
Tree: (((0,1),2),(((34,35),36),(((((6,(7,8)),(5,(3,4))),(9,10)),(((11,(12,13)),((14,15),(16,17))),((21,22),((18,19),20)))),(((23,24),(25,26)),((27,28),(((29,30),(31,32)),33))))));
Tree Score: 13115.180550381217
Score Improvement: 0.046982106140221136

Step Number: 7
Time Spent: 5.51419318 seconds
New Tree:
Tree: (((0,1),2),(((34,35),36),(((((6,(7,8)),(5,(3,4))),(9,10)),(((11,(12,13)),((14,15),(16,17))),((21,22),((18,19),20)))),(((23,24),(25,26)),((27,28),((33,(31,32)),(29,30)))))));
Tree Score: 13122.91082577829
Score Improvement: 5.894143330607005E-4

Step Number: 8
Time Spent: 5.223417657 seconds
New Tree:
Tree: (((0,1),2),(((34,35),36),(((((6,(7,8)),(5,(3,4))),(9,10)),(((11,(12,13)),((14,15),(16,17))),((21,22),((18,19),20)))),(((23,24),(25,26)),((33,(31,32)),((27,28),(29,30)))))));
Tree Score: 13197.76255059466
Score Improvement: 0.005703896476179082

Step Number: 9
Time Spent: 5.179535331 seconds
New Tree:
Tree: (((0,1),2),(((34,35),36),(((((6,(7,8)),(3,(5,4))),(9,10)),(((11,(12,13)),((14,15),(16,17))),((21,22),((18,19),20)))),(((23,24),(25,26)),((33,(31,32)),((27,28),(29,30)))))));
Tree Score: 13202.622025633606
Score Improvement: 3.682044604391699E-4

Step Number: 10
Time Spent: 4.868919155 seconds
New Tree:
Tree: (((0,1),2),(((36,35),34),(((((6,(7,8)),(3,(5,4))),(9,10)),(((11,(12,13)),((14,15),(16,17))),((21,22),((18,19),20)))),(((23,24),(25,26)),((33,(31,32)),((27,28),(29,30)))))));
Tree Score: 13206.801625499877
Score Improvement: 3.16573469887782E-4

Step Number: 11
Time Spent: 4.590992472 seconds
New Tree:
Tree: (((0,1),2),(((36,35),34),(((((6,(7,8)),(3,(5,4))),(9,10)),(((11,(12,13)),((14,15),(16,17))),((21,22),((18,19),20)))),(((23,24),(25,26)),((33,(31,32)),((27,28),(29,30)))))));
Tree Score: 13206.801625499877
Score Improvement: 0.0

TOTAL STEPS: 11
TOTAL TIME: 70.531958011 seconds
Final tree: Tree: (((0,1),2),(((36,35),34),(((((6,(7,8)),(3,(5,4))),(9,10)),(((11,(12,13)),((14,15),(16,17))),((21,22),((18,19),20)))),(((23,24),(25,26)),((33,(31,32)),((27,28),(29,30)))))));
Tree Score: 13206.801625499877
Total Score Improvement: 0.23125197096845773

--------------ITERATION 12--------------
Input tree: ((((((0,(1,2)),3),4),5),(6,(7,8))),((((((9,10),(11,12)),(13,14)),15),((((16,17),(18,19)),20),21)),((22,((((23,24),25),((26,27),(28,(29,30)))),((31,(32,33)),34))),(35,36))));
Initial Score: 9863.183779246663

Step Number: 1
Time Spent: 5.003286312 seconds
New Tree:
Tree: ((((((0,(1,2)),3),4),5),(6,(7,8))),((35,36),((22,((((23,24),25),((26,27),(28,(29,30)))),((31,(32,33)),34))),(((((9,10),(11,12)),(13,14)),15),((((16,17),(18,19)),20),21)))));
Tree Score: 10352.687453761828
Score Improvement: 0.04962937784299837

Step Number: 2
Time Spent: 4.842336515 seconds
New Tree:
Tree: ((((5,4),((0,(1,2)),3)),(6,(7,8))),((35,36),((22,((((23,24),25),((26,27),(28,(29,30)))),((31,(32,33)),34))),(((((9,10),(11,12)),(13,14)),15),((((16,17),(18,19)),20),21)))));
Tree Score: 10628.619278933518
Score Improvement: 0.026653159037600904

Step Number: 3
Time Spent: 4.480273784 seconds
New Tree:
Tree: ((((5,4),((0,(1,2)),3)),(6,(7,8))),((35,36),((22,(((28,(29,30)),((26,27),((23,24),25))),((31,(32,33)),34))),(((((9,10),(11,12)),(13,14)),15),((((16,17),(18,19)),20),21)))));
Tree Score: 10650.73515431177
Score Improvement: 0.002080785358648196

Step Number: 4
Time Spent: 4.1038579 seconds
New Tree:
Tree: ((((5,4),((0,(1,2)),3)),(6,(7,8))),((35,36),((22,(((28,(29,30)),((26,27),((23,24),25))),((31,(32,33)),34))),(((((9,10),(11,12)),(13,14)),15),(((20,(18,19)),(16,17)),21)))));
Tree Score: 10664.65840397183
Score Improvement: 0.0013072571478245365

Step Number: 5
Time Spent: 3.771852901 seconds
New Tree:
Tree: ((((5,4),((3,(1,2)),0)),(6,(7,8))),((35,36),((22,(((28,(29,30)),((26,27),((23,24),25))),((31,(32,33)),34))),(((((9,10),(11,12)),(13,14)),15),(((20,(18,19)),(16,17)),21)))));
Tree Score: 10677.427878783681
Score Improvement: 0.0011973636968152235

Step Number: 6
Time Spent: 3.444550106 seconds
New Tree:
Tree: ((((5,4),((3,(1,2)),0)),(6,(7,8))),((35,36),((22,(((28,(29,30)),((26,27),((23,24),25))),((33,(32,31)),34))),(((((9,10),(11,12)),(13,14)),15),(((20,(18,19)),(16,17)),21)))));
Tree Score: 10685.285278806128
Score Improvement: 7.358888406130415E-4

Step Number: 7
Time Spent: 3.444155644 seconds
New Tree:
Tree: ((((5,4),((3,(1,2)),0)),(6,(7,8))),((35,36),((22,(((28,(29,30)),((26,27),((23,24),25))),((33,(32,31)),34))),(((((13,14),(11,12)),(9,10)),15),(((20,(18,19)),(16,17)),21)))));
Tree Score: 10689.868853678592
Score Improvement: 4.289613943724291E-4

Step Number: 8
Time Spent: 3.45400466 seconds
New Tree:
Tree: ((((5,4),((3,(1,2)),0)),(6,(7,8))),((35,36),((22,(((28,(29,30)),((26,27),((23,24),25))),((33,(32,31)),34))),(((((13,14),(11,12)),(9,10)),15),(((20,(18,19)),(16,17)),21)))));
Tree Score: 10689.868853678592
Score Improvement: 0.0

TOTAL STEPS: 8
TOTAL TIME: 32.544317822 seconds
Final tree: Tree: ((((5,4),((3,(1,2)),0)),(6,(7,8))),((35,36),((22,(((28,(29,30)),((26,27),((23,24),25))),((33,(32,31)),34))),(((((13,14),(11,12)),(9,10)),15),(((20,(18,19)),(16,17)),21)))));
Tree Score: 10689.868853678592
Total Score Improvement: 0.08381523582389039

--------------ITERATION 13--------------
Input tree: ((0,(((1,2),(3,4)),(((((5,6),7),(8,(9,10))),11),(((12,(13,14)),15),16)))),(((((17,18),19),20),(21,((22,(23,24)),25))),(26,(((27,(28,29)),(30,31)),((32,33),(34,(35,36)))))));
Initial Score: 8518.063999346894

Step Number: 1
Time Spent: 4.700708938 seconds
New Tree:
Tree: ((0,(((1,2),(3,4)),(((((5,6),7),(8,(9,10))),11),(((12,(13,14)),15),16)))),(((((17,18),19),20),(21,((22,(23,24)),25))),(((32,33),(34,(35,36))),(((27,(28,29)),(30,31)),26))));
Tree Score: 9899.464074664022
Score Improvement: 0.16217300966781223

Step Number: 2
Time Spent: 4.454959601 seconds
New Tree:
Tree: ((0,(((1,2),(3,4)),(((((12,(13,14)),15),16),11),(((5,6),7),(8,(9,10)))))),(((((17,18),19),20),(21,((22,(23,24)),25))),(((32,33),(34,(35,36))),(((27,(28,29)),(30,31)),26))));
Tree Score: 10105.66277449808
Score Improvement: 0.0208292790679232

Step Number: 3
Time Spent: 4.12622953 seconds
New Tree:
Tree: ((0,(((1,2),(3,4)),(((((12,(13,14)),15),16),11),(((5,6),7),(8,(9,10)))))),(((((17,18),19),20),(21,((22,(23,24)),25))),(((32,33),(34,(35,36))),(((27,(28,29)),26),(30,31)))));
Tree Score: 10156.078824557102
Score Improvement: 0.004988890999435336

Step Number: 4
Time Spent: 4.440334487 seconds
New Tree:
Tree: ((0,(((1,2),(3,4)),(((((12,(13,14)),15),16),11),(((5,6),7),(8,(9,10)))))),(((((17,18),19),20),(21,((22,(23,24)),25))),(((32,33),(34,(35,36))),(((27,26),(28,29)),(30,31)))));
Tree Score: 10241.88612423159
Score Improvement: 0.008448861135954333

Step Number: 5
Time Spent: 4.257834184 seconds
New Tree:
Tree: ((0,(((1,2),(3,4)),(((((12,(13,14)),15),16),11),(((5,6),7),(10,(9,8)))))),(((((17,18),19),20),(21,((22,(23,24)),25))),(((32,33),(34,(35,36))),(((27,26),(28,29)),(30,31)))));
Tree Score: 10244.324924182816
Score Improvement: 2.3812019794444694E-4

Step Number: 6
Time Spent: 3.891477401 seconds
New Tree:
Tree: ((0,(((1,2),(3,4)),(((((12,(13,14)),15),16),11),(((5,6),7),(10,(9,8)))))),(((((17,18),19),20),(21,((22,(23,24)),25))),(((32,33),(34,(35,36))),(((27,26),(28,29)),(30,31)))));
Tree Score: 10244.324924182816
Score Improvement: 0.0

TOTAL STEPS: 6
TOTAL TIME: 25.871544141 seconds
Final tree: Tree: ((0,(((1,2),(3,4)),(((((12,(13,14)),15),16),11),(((5,6),7),(10,(9,8)))))),(((((17,18),19),20),(21,((22,(23,24)),25))),(((32,33),(34,(35,36))),(((27,26),(28,29)),(30,31)))));
Tree Score: 10244.324924182816
Total Score Improvement: 0.20265883479723557

--------------ITERATION 14--------------
Input tree: (0,((((((1,(2,(3,4))),5),(6,7)),((8,9),(10,((11,(12,13)),((14,15),(16,17)))))),(18,(19,20))),(((21,(22,23)),(24,25)),(26,((((27,28),29),(30,(31,(32,33)))),(34,(35,36)))))));
Initial Score: 6954.513047898417

Step Number: 1
Time Spent: 6.134267004 seconds
New Tree:
Tree: (0,((26,((((27,28),29),(30,(31,(32,33)))),(34,(35,36)))),(((21,(22,23)),(24,25)),(((((1,(2,(3,4))),5),(6,7)),((8,9),(10,((11,(12,13)),((14,15),(16,17)))))),(18,(19,20))))));
Tree Score: 7776.031123492563
Score Improvement: 0.11812733255887697

Step Number: 2
Time Spent: 6.502452093 seconds
New Tree:
Tree: (0,((26,((((27,28),29),(30,(31,(32,33)))),(34,(35,36)))),(((21,(22,23)),(24,25)),(((18,(19,20)),((8,9),(10,((11,(12,13)),((14,15),(16,17)))))),(((1,(2,(3,4))),5),(6,7))))));
Tree Score: 8649.768299742185
Score Improvement: 0.11236287025780167

Step Number: 3
Time Spent: 6.055363186 seconds
New Tree:
Tree: (0,(((((21,(22,23)),(24,25)),(((18,(19,20)),((8,9),(10,((11,(12,13)),((14,15),(16,17)))))),(((1,(2,(3,4))),5),(6,7)))),((((27,28),29),(30,(31,(32,33)))),(34,(35,36)))),26));
Tree Score: 9280.839375301197
Score Improvement: 0.07295814797464817

Step Number: 4
Time Spent: 5.936600946 seconds
New Tree:
Tree: (0,((((((1,(2,(3,4))),5),(6,7)),(((18,(19,20)),((8,9),(10,((11,(12,13)),((14,15),(16,17)))))),((21,(22,23)),(24,25)))),((((27,28),29),(30,(31,(32,33)))),(34,(35,36)))),26));
Tree Score: 9767.152351128407
Score Improvement: 0.05239967595187767

Step Number: 5
Time Spent: 5.929362037 seconds
New Tree:
Tree: (0,((((((1,(2,(3,4))),5),(6,7)),(((18,(19,20)),(((11,(12,13)),((14,15),(16,17))),(10,(8,9)))),((21,(22,23)),(24,25)))),((((27,28),29),(30,(31,(32,33)))),(34,(35,36)))),26));
Tree Score: 9981.673050011992
Score Improvement: 0.02196348446011509

Step Number: 6
Time Spent: 5.812942135 seconds
New Tree:
Tree: (0,((((((1,(2,(3,4))),5),(6,7)),(((18,(19,20)),(((11,(12,13)),((14,15),(16,17))),(10,(8,9)))),((21,(22,23)),(24,25)))),(((34,(35,36)),(30,(31,(32,33)))),((27,28),29))),26));
Tree Score: 10059.15462544376
Score Improvement: 0.007762383624824842

Step Number: 7
Time Spent: 5.458078224 seconds
New Tree:
Tree: (0,((((27,28),29),(((34,(35,36)),(30,(31,(32,33)))),((((1,(2,(3,4))),5),(6,7)),(((18,(19,20)),(((11,(12,13)),((14,15),(16,17))),(10,(8,9)))),((21,(22,23)),(24,25)))))),26));
Tree Score: 10860.775350112835
Score Improvement: 0.0796906653210645

Step Number: 8
Time Spent: 5.231386477 seconds
New Tree:
Tree: (0,((((27,28),29),((((18,(19,20)),(((11,(12,13)),((14,15),(16,17))),(10,(8,9)))),((21,(22,23)),(24,25))),((((1,(2,(3,4))),5),(6,7)),((34,(35,36)),(30,(31,(32,33))))))),26));
Tree Score: 11162.746998214414
Score Improvement: 0.02780387572406995

Step Number: 9
Time Spent: 5.567463921 seconds
New Tree:
Tree: (0,((((27,28),29),((((18,(19,20)),(((11,(12,13)),((14,15),(16,17))),(10,(8,9)))),((((1,(2,(3,4))),5),(6,7)),((34,(35,36)),(30,(31,(32,33)))))),((21,(22,23)),(24,25)))),26));
Tree Score: 12780.987849035551
Score Improvement: 0.14496797706514264

Step Number: 10
Time Spent: 5.321660807 seconds
New Tree:
Tree: (0,((((27,28),29),((((18,(19,20)),(((11,(12,13)),((14,15),(16,17))),(10,(8,9)))),(((((3,4),(2,1)),5),(6,7)),((34,(35,36)),(30,(31,(32,33)))))),((21,(22,23)),(24,25)))),26));
Tree Score: 12821.800598730584
Score Improvement: 0.003193239065485187

Step Number: 11
Time Spent: 5.053232607 seconds
New Tree:
Tree: (0,((((27,28),29),((((18,(19,20)),(((11,(12,13)),((14,15),(16,17))),(10,(8,9)))),(((((3,4),5),(2,1)),(6,7)),((34,(35,36)),(30,(31,(32,33)))))),((21,(22,23)),(24,25)))),26));
Tree Score: 12965.162324042776
Score Improvement: 0.011181091470599425

Step Number: 12
Time Spent: 4.761465477 seconds
New Tree:
Tree: (0,((((27,28),29),((((20,(19,18)),(((11,(12,13)),((14,15),(16,17))),(10,(8,9)))),(((((3,4),5),(2,1)),(6,7)),((34,(35,36)),(30,(31,(32,33)))))),((21,(22,23)),(24,25)))),26));
Tree Score: 12981.195099526802
Score Improvement: 0.0012366043003020355

Step Number: 13
Time Spent: 4.422785677 seconds
New Tree:
Tree: (0,((((27,28),29),((((20,(19,18)),(((11,(12,13)),((14,15),(16,17))),(10,(8,9)))),(((((3,4),5),(2,1)),(6,7)),((34,(35,36)),(30,(33,(32,31)))))),((21,(22,23)),(24,25)))),26));
Tree Score: 12994.248774455646
Score Improvement: 0.0010055834481157433

Step Number: 14
Time Spent: 4.2577392 seconds
New Tree:
Tree: (0,((((27,28),29),((((20,(19,18)),(((11,(12,13)),(10,(8,9))),((14,15),(16,17)))),(((((3,4),5),(2,1)),(6,7)),((34,(35,36)),(30,(33,(32,31)))))),((21,(22,23)),(24,25)))),26));
Tree Score: 13004.02847538314
Score Improvement: 7.526176462560041E-4

Step Number: 15
Time Spent: 4.553921347 seconds
New Tree:
Tree: (0,((((27,28),29),(((((11,(12,13)),(10,(8,9))),((20,(19,18)),((14,15),(16,17)))),(((((3,4),5),(2,1)),(6,7)),((34,(35,36)),(30,(33,(32,31)))))),((21,(22,23)),(24,25)))),26));
Tree Score: 14391.888875852444
Score Improvement: 0.10672541998016616

Step Number: 16
Time Spent: 4.089902425 seconds
New Tree:
Tree: (0,((((27,28),29),(((((11,(12,13)),(10,(8,9))),((20,(19,18)),((14,15),(16,17)))),(((((3,4),5),(2,1)),(6,7)),((34,(35,36)),(30,(33,(32,31)))))),((21,(22,23)),(24,25)))),26));
Tree Score: 14391.888875852444
Score Improvement: 0.0

TOTAL STEPS: 16
TOTAL TIME: 85.088623563 seconds
Final tree: Tree: (0,((((27,28),29),(((((11,(12,13)),(10,(8,9))),((20,(19,18)),((14,15),(16,17)))),(((((3,4),5),(2,1)),(6,7)),((34,(35,36)),(30,(33,(32,31)))))),((21,(22,23)),(24,25)))),26));
Tree Score: 14391.888875852444
Total Score Improvement: 1.0694315729555681

--------------ITERATION 15--------------
Input tree: ((((0,1),(2,(3,(4,5)))),(((((6,7),((8,(9,10)),(11,12))),(13,14)),15),(16,(17,(18,(19,20)))))),((21,22),(23,(((24,25),(26,27)),(28,(((((29,30),31),32),((33,34),35)),36))))));
Initial Score: 8820.874354225807

Step Number: 1
Time Spent: 4.914514339 seconds
New Tree:
Tree: ((((0,1),(2,(3,(4,5)))),(((((6,7),((8,(9,10)),(11,12))),(13,14)),15),(16,(17,(18,(19,20)))))),((21,22),((28,(((((29,30),31),32),((33,34),35)),36)),(((24,25),(26,27)),23))));
Tree Score: 9809.215752687234
Score Improvement: 0.1120457404529227

Step Number: 2
Time Spent: 5.030729117 seconds
New Tree:
Tree: ((((3,(4,5)),(2,(0,1))),(((((6,7),((8,(9,10)),(11,12))),(13,14)),15),(16,(17,(18,(19,20)))))),((21,22),((28,(((((29,30),31),32),((33,34),35)),36)),(((24,25),(26,27)),23))));
Tree Score: 10062.58420249999
Score Improvement: 0.025829633703728483

Step Number: 3
Time Spent: 4.412549669 seconds
New Tree:
Tree: ((((3,(4,5)),(2,(0,1))),(((((6,7),((8,(9,10)),(11,12))),(13,14)),15),(16,(17,(18,(19,20)))))),((21,22),((28,(((((29,30),31),32),((33,34),35)),36)),(((24,25),23),(26,27)))));
Tree Score: 10261.5447274185
Score Improvement: 0.01977230907236338

Step Number: 4
Time Spent: 4.388968108 seconds
New Tree:
Tree: ((((3,(4,5)),(2,(0,1))),(((((6,7),((8,(9,10)),(11,12))),(13,14)),15),(16,(17,(18,(19,20)))))),((21,22),((28,((36,((33,34),35)),(((29,30),31),32))),(((24,25),23),(26,27)))));
Tree Score: 10398.657426279462
Score Improvement: 0.013361799076371028

Step Number: 5
Time Spent: 4.592247869 seconds
New Tree:
Tree: ((((3,(4,5)),(2,(0,1))),(((((6,7),((8,(9,10)),(11,12))),(13,14)),15),(16,(17,(18,(19,20)))))),((21,22),(((36,((33,34),35)),(28,(((29,30),31),32))),(((24,25),23),(26,27)))));
Tree Score: 11019.434626649121
Score Improvement: 0.05969782202852758

Step Number: 6
Time Spent: 4.269410936 seconds
New Tree:
Tree: ((((3,(4,5)),(2,(0,1))),(((((6,7),((8,(9,10)),(11,12))),(13,14)),15),(16,(17,(18,(19,20)))))),((21,22),((((33,34),(36,35)),(28,(((29,30),31),32))),(((24,25),23),(26,27)))));
Tree Score: 11111.148002219374
Score Improvement: 0.008322874873131436

Step Number: 7
Time Spent: 4.006783684 seconds
New Tree:
Tree: ((((3,(4,5)),(2,(0,1))),(((((6,7),((8,(9,10)),(11,12))),(13,14)),15),(16,((19,20),(18,17))))),((21,22),((((33,34),(36,35)),(28,(((29,30),31),32))),(((24,25),23),(26,27)))));
Tree Score: 11186.009952879498
Score Improvement: 0.006737553189388734

Step Number: 8
Time Spent: 3.717323131 seconds
New Tree:
Tree: ((((3,(4,5)),(2,(0,1))),(((((13,14),((8,(9,10)),(11,12))),(6,7)),15),(16,((19,20),(18,17))))),((21,22),((((33,34),(36,35)),(28,(((29,30),31),32))),(((24,25),23),(26,27)))));
Tree Score: 11258.654077011148
Score Improvement: 0.006494194483793514

Step Number: 9
Time Spent: 4.007054319 seconds
New Tree:
Tree: ((((3,(4,5)),(2,(0,1))),(((((8,(9,10)),((13,14),(11,12))),(6,7)),15),(16,((19,20),(18,17))))),((21,22),((((33,34),(36,35)),(28,(((29,30),31),32))),(((24,25),23),(26,27)))));
Tree Score: 11387.208452778856
Score Improvement: 0.011418272103252525

Step Number: 10
Time Spent: 4.075746155 seconds
New Tree:
Tree: ((((3,(4,5)),(2,(0,1))),(((((8,(9,10)),((13,14),(11,12))),(6,7)),15),(16,((19,20),(18,17))))),((21,22),((((33,34),(36,35)),(28,((32,31),(29,30)))),(((24,25),23),(26,27)))));
Tree Score: 11440.776002757239
Score Improvement: 0.004704186298206459

Step Number: 11
Time Spent: 3.74562282 seconds
New Tree:
Tree: ((((3,(4,5)),(2,(0,1))),(((((8,(9,10)),((13,14),(11,12))),(6,7)),15),(16,((19,20),(18,17))))),((21,22),((((33,34),(36,35)),(28,((32,31),(29,30)))),(((24,23),25),(26,27)))));
Tree Score: 11450.675052948283
Score Improvement: 8.652428986162253E-4

Step Number: 12
Time Spent: 3.425546154 seconds
New Tree:
Tree: ((((3,(4,5)),(2,(0,1))),(((((8,(9,10)),((13,14),(11,12))),(6,7)),15),(16,((19,20),(18,17))))),((21,22),((((33,34),(36,35)),(28,((32,31),(29,30)))),(((24,23),25),(26,27)))));
Tree Score: 11450.675052948283
Score Improvement: 0.0

TOTAL STEPS: 12
TOTAL TIME: 50.586496301 seconds
Final tree: Tree: ((((3,(4,5)),(2,(0,1))),(((((8,(9,10)),((13,14),(11,12))),(6,7)),15),(16,((19,20),(18,17))))),((21,22),((((33,34),(36,35)),(28,((32,31),(29,30)))),(((24,23),25),(26,27)))));
Tree Score: 11450.675052948283
Total Score Improvement: 0.2981337895899878

--------------ITERATION 16--------------
Input tree: (((((0,1),2),(((3,4),((5,6),7)),(8,9))),((10,((11,12),13)),14)),(((((15,16),17),(18,19)),((20,(21,22)),(23,(24,25)))),((26,((((27,28),((29,30),(31,32))),33),34)),(35,36))));
Initial Score: 10309.076549474805

Step Number: 1
Time Spent: 5.549846458 seconds
New Tree:
Tree: (((((0,1),2),(((3,4),((5,6),7)),(8,9))),((10,((11,12),13)),14)),(((((15,16),17),(18,19)),((20,(21,22)),(23,(24,25)))),((26,((34,33),((27,28),((29,30),(31,32))))),(35,36))));
Tree Score: 10494.297299313548
Score Improvement: 0.01796676442839873

Step Number: 2
Time Spent: 5.064167727 seconds
New Tree:
Tree: (((((0,1),2),(((3,4),((5,6),7)),(8,9))),((10,((11,12),13)),14)),(((((17,16),15),(18,19)),((20,(21,22)),(23,(24,25)))),((26,((34,33),((27,28),((29,30),(31,32))))),(35,36))));
Tree Score: 10519.719224233835
Score Improvement: 0.0024224513748005716

Step Number: 3
Time Spent: 4.802247898 seconds
New Tree:
Tree: (((((0,1),2),(((3,4),((5,6),7)),(8,9))),((10,((11,12),13)),14)),(((((17,16),15),(18,19)),((20,(21,22)),(25,(24,23)))),((26,((34,33),((27,28),((29,30),(31,32))))),(35,36))));
Tree Score: 10532.98424885115
Score Improvement: 0.0012609675538446385

Step Number: 4
Time Spent: 4.533738124 seconds
New Tree:
Tree: (((((0,1),2),(((3,4),((5,6),7)),(8,9))),((10,((11,12),13)),14)),(((((17,16),15),(18,19)),((21,(20,22)),(25,(24,23)))),((26,((34,33),((27,28),((29,30),(31,32))))),(35,36))));
Tree Score: 10534.889623463809
Score Improvement: 1.8089598993431544E-4

Step Number: 5
Time Spent: 4.186129744 seconds
New Tree:
Tree: (((((0,1),2),(((3,4),((5,6),7)),(8,9))),((10,((13,12),11)),14)),(((((17,16),15),(18,19)),((21,(20,22)),(25,(24,23)))),((26,((34,33),((27,28),((29,30),(31,32))))),(35,36))));
Tree Score: 10536.685748555421
Score Improvement: 1.7049301471683265E-4

Step Number: 6
Time Spent: 3.952567153 seconds
New Tree:
Tree: (((((0,1),2),(((3,4),((5,6),7)),(8,9))),((10,((13,12),11)),14)),(((((17,16),15),(18,19)),((21,(20,22)),(25,(24,23)))),((26,((34,33),((27,28),((29,30),(31,32))))),(35,36))));
Tree Score: 10536.685748555421
Score Improvement: 0.0

TOTAL STEPS: 6
TOTAL TIME: 28.088697104 seconds
Final tree: Tree: (((((0,1),2),(((3,4),((5,6),7)),(8,9))),((10,((13,12),11)),14)),(((((17,16),15),(18,19)),((21,(20,22)),(25,(24,23)))),((26,((34,33),((27,28),((29,30),(31,32))))),(35,36))));
Tree Score: 10536.685748555421
Total Score Improvement: 0.022078524491333962

--------------ITERATION 17--------------
Input tree: (((0,((1,((2,3),4)),((5,6),((7,8),9)))),(((((10,11),12),(13,14)),(((15,16),(17,18)),(19,((20,21),22)))),(((23,((24,25),26)),(27,(28,29))),30))),((31,32),(33,((34,35),36))));
Initial Score: 12564.30362905367

Step Number: 1
Time Spent: 6.485052324 seconds
New Tree:
Tree: (((0,((1,((2,3),4)),((5,6),((7,8),9)))),(((((10,11),12),(13,14)),(((15,16),(17,18)),(19,((20,21),22)))),((30,(27,(28,29))),(23,((24,25),26))))),((31,32),(33,((34,35),36))));
Tree Score: 13996.478228447872
Score Improvement: 0.11398758273259535

Step Number: 2
Time Spent: 6.13665823 seconds
New Tree:
Tree: (((((5,6),((7,8),9)),((1,((2,3),4)),0)),(((((10,11),12),(13,14)),(((15,16),(17,18)),(19,((20,21),22)))),((30,(27,(28,29))),(23,((24,25),26))))),((31,32),(33,((34,35),36))));
Tree Score: 14092.211254121677
Score Improvement: 0.00683979384751443

Step Number: 3
Time Spent: 5.967813505 seconds
New Tree:
Tree: (((((5,6),((1,((2,3),4)),0)),((7,8),9)),(((((10,11),12),(13,14)),(((15,16),(17,18)),(19,((20,21),22)))),((30,(27,(28,29))),(23,((24,25),26))))),((31,32),(33,((34,35),36))));
Tree Score: 14164.480154063109
Score Improvement: 0.005128286727910991

Step Number: 4
Time Spent: 5.944061253 seconds
New Tree:
Tree: (((((5,6),((1,((2,3),4)),0)),((7,8),9)),(((((10,11),12),(13,14)),(((20,21),22),(19,((15,16),(17,18))))),((30,(27,(28,29))),(23,((24,25),26))))),((31,32),(33,((34,35),36))));
Tree Score: 14229.122653128135
Score Improvement: 0.004563704305553529

Step Number: 5
Time Spent: 5.256402228 seconds
New Tree:
Tree: (((((5,6),((1,((2,3),4)),0)),((7,8),9)),(((((10,11),12),(13,14)),(((20,21),22),(19,((15,16),(17,18))))),((30,(27,(28,29))),(23,((24,25),26))))),((31,32),(33,((36,35),34))));
Tree Score: 14242.763478101719
Score Improvement: 9.586553792608754E-4

Step Number: 6
Time Spent: 4.952450169 seconds
New Tree:
Tree: (((((5,6),((4,((2,3),1)),0)),((7,8),9)),(((((10,11),12),(13,14)),(((20,21),22),(19,((15,16),(17,18))))),((30,(27,(28,29))),(23,((24,25),26))))),((31,32),(33,((36,35),34))));
Tree Score: 14254.17667834882
Score Improvement: 8.013332710783416E-4

Step Number: 7
Time Spent: 4.710368267 seconds
New Tree:
Tree: (((((5,6),((4,((2,1),3)),0)),((7,8),9)),(((((10,11),12),(13,14)),(((20,21),22),(19,((15,16),(17,18))))),((30,(27,(28,29))),(23,((24,25),26))))),((31,32),(33,((36,35),34))));
Tree Score: 14261.259453356754
Score Improvement: 4.968912037333073E-4

Step Number: 8
Time Spent: 4.628626587 seconds
New Tree:
Tree: (((((5,6),((3,((2,1),4)),0)),((7,8),9)),(((((10,11),12),(13,14)),(((20,21),22),(19,((15,16),(17,18))))),((30,(27,(28,29))),(23,((24,25),26))))),((31,32),(33,((36,35),34))));
Tree Score: 14268.991852790605
Score Improvement: 5.421961124218999E-4

Step Number: 9
Time Spent: 4.32243807 seconds
New Tree:
Tree: (((((5,6),((3,((2,1),4)),0)),((7,8),9)),(((((10,11),12),(13,14)),(((20,21),22),(19,(((17,18),16),15)))),((30,(27,(28,29))),(23,((24,25),26))))),((31,32),(33,((36,35),34))));
Tree Score: 14275.626952887418
Score Improvement: 4.650013235178996E-4

Step Number: 10
Time Spent: 4.029445714 seconds
New Tree:
Tree: (((((5,6),((3,((2,1),4)),0)),((7,8),9)),(((((12,11),10),(13,14)),(((20,21),22),(19,(((17,18),16),15)))),((30,(27,(28,29))),(23,((24,25),26))))),((31,32),(33,((36,35),34))));
Tree Score: 14277.445602984073
Score Improvement: 1.2739546239592947E-4

Step Number: 11
Time Spent: 3.739658164 seconds
New Tree:
Tree: (((((5,6),((3,((2,1),4)),0)),((7,8),9)),(((((12,11),10),(13,14)),(((20,22),21),(19,(((17,18),16),15)))),((30,(27,(28,29))),(23,((24,25),26))))),((31,32),(33,((36,35),34))));
Tree Score: 14277.766627804282
Score Improvement: 2.2484751764029198E-5

Step Number: 12
Time Spent: 3.713146693 seconds
New Tree:
Tree: (((((5,6),((3,((2,1),4)),0)),((7,8),9)),(((((12,11),10),(13,14)),(((20,22),21),(19,(((17,18),16),15)))),((30,(27,(28,29))),(23,((24,25),26))))),((31,32),(33,((36,35),34))));
Tree Score: 14277.766627804282
Score Improvement: 0.0

TOTAL STEPS: 12
TOTAL TIME: 59.886121204 seconds
Final tree: Tree: (((((5,6),((3,((2,1),4)),0)),((7,8),9)),(((((12,11),10),(13,14)),(((20,22),21),(19,(((17,18),16),15)))),((30,(27,(28,29))),(23,((24,25),26))))),((31,32),(33,((36,35),34))));
Tree Score: 14277.766627804282
Total Score Improvement: 0.13637548481305428

--------------ITERATION 18--------------
Input tree: ((((((0,1),2),(3,4)),(((5,6),7),((8,9),10))),(((11,12),13),((14,(15,16)),(17,18)))),(((19,20),(((21,(((22,23),24),25)),26),((27,28),29))),((((((30,31),32),33),34),35),36)));
Initial Score: 9859.777555372391

Step Number: 1
Time Spent: 6.180918048 seconds
New Tree:
Tree: ((((((0,1),2),(3,4)),(((5,6),7),((8,9),10))),(((11,12),13),((14,(15,16)),(17,18)))),(((19,20),(((21,(((22,23),24),25)),26),((27,28),29))),((36,35),((((30,31),32),33),34))));
Tree Score: 10489.863881023426
Score Improvement: 0.06390472017370352

Step Number: 2
Time Spent: 5.771683816 seconds
New Tree:
Tree: ((((((0,1),2),(3,4)),(((5,6),7),((8,9),10))),(((11,12),13),((14,(15,16)),(17,18)))),(((19,20),(((21,(((22,23),24),25)),26),((27,28),29))),((((30,31),32),33),((36,35),34))));
Tree Score: 10686.865256175224
Score Improvement: 0.018780165060881426

Step Number: 3
Time Spent: 5.428154656 seconds
New Tree:
Tree: ((((((0,1),2),(3,4)),(((5,6),7),((8,9),10))),((((30,31),32),33),((36,35),34))),(((19,20),(((21,(((22,23),24),25)),26),((27,28),29))),(((11,12),13),((14,(15,16)),(17,18)))));
Tree Score: 10824.200631810403
Score Improvement: 0.012850856854943693

Step Number: 4
Time Spent: 5.163021568 seconds
New Tree:
Tree: ((((((0,1),2),(3,4)),(((5,6),7),((8,9),10))),((((30,31),32),33),((36,35),34))),(((19,20),(((11,12),13),((14,(15,16)),(17,18)))),(((21,(((22,23),24),25)),26),((27,28),29))));
Tree Score: 11467.547152350038
Score Improvement: 0.05943593826679017

Step Number: 5
Time Spent: 5.240123413 seconds
New Tree:
Tree: ((((((0,1),2),(3,4)),(((5,6),7),((8,9),10))),((((30,31),32),33),((36,35),34))),((((11,12),13),((19,20),((14,(15,16)),(17,18)))),(((21,(((22,23),24),25)),26),((27,28),29))));
Tree Score: 11785.149029571046
Score Improvement: 0.027695711471822593

Step Number: 6
Time Spent: 4.854654282 seconds
New Tree:
Tree: ((((((0,1),2),(3,4)),(((5,6),7),((8,9),10))),((((30,31),32),33),((36,35),34))),((((11,12),13),((14,(15,16)),((19,20),(17,18)))),(((21,(((22,23),24),25)),26),((27,28),29))));
Tree Score: 11895.0934801634
Score Improvement: 0.009329067482853448

Step Number: 7
Time Spent: 5.138042415 seconds
New Tree:
Tree: ((((((0,1),2),(3,4)),(((5,6),7),((8,9),10))),((((30,31),32),33),((36,35),34))),((((19,20),(17,18)),((14,(15,16)),((11,12),13))),(((21,(((22,23),24),25)),26),((27,28),29))));
Tree Score: 12207.638504915638
Score Improvement: 0.02627512135767973

Step Number: 8
Time Spent: 4.882814288 seconds
New Tree:
Tree: ((((((0,1),2),(3,4)),(((5,6),7),((8,9),10))),((((30,31),32),33),((36,35),34))),((((19,20),(17,18)),((14,(15,16)),((11,12),13))),((((27,28),29),26),(21,(((22,23),24),25)))));
Tree Score: 12293.524404930067
Score Improvement: 0.0070354229427620485

Step Number: 9
Time Spent: 4.834525047 seconds
New Tree:
Tree: ((((((0,1),2),(3,4)),(((5,6),7),((8,9),10))),((((30,31),32),33),((36,35),34))),((((19,20),(17,18)),((16,(15,14)),((11,12),13))),((((27,28),29),26),(21,(((22,23),24),25)))));
Tree Score: 12315.703255009023
Score Improvement: 0.00180410835399325

Step Number: 10
Time Spent: 4.553459976 seconds
New Tree:
Tree: ((((((0,1),2),(3,4)),(((5,6),7),((8,9),10))),((((30,31),32),33),((36,35),34))),((((19,20),(17,18)),((16,(15,14)),((11,12),13))),((((27,28),29),26),(21,((25,24),(22,23))))));
Tree Score: 12331.135605022544
Score Improvement: 0.0012530628331959281

Step Number: 11
Time Spent: 4.219445783 seconds
New Tree:
Tree: ((((((0,1),2),(3,4)),(((5,6),7),((8,9),10))),((((32,31),30),33),((36,35),34))),((((19,20),(17,18)),((16,(15,14)),((11,12),13))),((((27,28),29),26),(21,((25,24),(22,23))))));
Tree Score: 12339.596205105307
Score Improvement: 6.861168633420789E-4

Step Number: 12
Time Spent: 4.187760538 seconds
New Tree:
Tree: ((((((0,1),2),(3,4)),(((5,6),7),((8,9),10))),((((32,31),30),33),((36,35),34))),((((19,20),(17,18)),((16,(15,14)),((13,12),11))),((((27,28),29),26),(21,((25,24),(22,23))))));
Tree Score: 12347.358105045976
Score Improvement: 6.290238198765064E-4

Step Number: 13
Time Spent: 3.986927388 seconds
New Tree:
Tree: ((((((0,1),2),(3,4)),(((5,6),7),((8,9),10))),((((32,31),33),30),((36,35),34))),((((19,20),(17,18)),((16,(15,14)),((13,12),11))),((((27,28),29),26),(21,((25,24),(22,23))))));
Tree Score: 12349.690680115717
Score Improvement: 1.889128872667456E-4

Step Number: 14
Time Spent: 3.677653912 seconds
New Tree:
Tree: ((((((0,1),2),(3,4)),(((5,6),7),((8,9),10))),((((32,31),33),30),((36,35),34))),((((19,20),(17,18)),((16,(15,14)),((13,12),11))),((((29,28),27),26),(21,((25,24),(22,23))))));
Tree Score: 12350.365680176532
Score Improvement: 5.465724432296426E-5

Step Number: 15
Time Spent: 3.373334416 seconds
New Tree:
Tree: ((((((0,1),2),(3,4)),(((5,6),7),((8,9),10))),((((32,31),33),30),((36,35),34))),((((19,20),(17,18)),((16,(15,14)),((13,12),11))),(((26,27),(29,28)),(21,((25,24),(22,23))))));
Tree Score: 12438.370830227388
Score Improvement: 0.007125712090623626

Step Number: 16
Time Spent: 3.045613203 seconds
New Tree:
Tree: ((((((0,1),2),(3,4)),(((5,6),7),((8,9),10))),((((32,31),33),30),((36,35),34))),((((19,20),(17,18)),((16,(15,14)),((13,12),11))),(((26,27),(29,28)),(21,((25,24),(22,23))))));
Tree Score: 12438.370830227388
Score Improvement: 0.0

TOTAL STEPS: 16
TOTAL TIME: 74.538132749 seconds
Final tree: Tree: ((((((0,1),2),(3,4)),(((5,6),7),((8,9),10))),((((32,31),33),30),((36,35),34))),((((19,20),(17,18)),((16,(15,14)),((13,12),11))),(((26,27),(29,28)),(21,((25,24),(22,23))))));
Tree Score: 12438.370830227388
Total Score Improvement: 0.2615265162295648

--------------ITERATION 19--------------
Input tree: ((0,((((1,2),(((((3,4),5),(6,7)),(8,9)),10)),(((11,(12,13)),((14,(15,16)),((17,18),(19,20)))),21)),(22,(23,(24,25))))),((((26,27),28),((((29,30),31),32),(33,(34,35)))),36));
Initial Score: 8213.432204812512

Step Number: 1
Time Spent: 5.330538262 seconds
New Tree:
Tree: ((0,((((1,2),(((((3,4),5),(6,7)),(8,9)),10)),((21,((14,(15,16)),((17,18),(19,20)))),(11,(12,13)))),(22,(23,(24,25))))),((((26,27),28),((((29,30),31),32),(33,(34,35)))),36));
Tree Score: 9081.490654678559
Score Improvement: 0.10568766238277627

Step Number: 2
Time Spent: 5.006116909 seconds
New Tree:
Tree: ((0,((((1,2),((10,(8,9)),(((3,4),5),(6,7)))),((21,((14,(15,16)),((17,18),(19,20)))),(11,(12,13)))),(22,(23,(24,25))))),((((26,27),28),((((29,30),31),32),(33,(34,35)))),36));
Tree Score: 9233.044004317382
Score Improvement: 0.016688157858836483

Step Number: 3
Time Spent: 4.668422919 seconds
New Tree:
Tree: ((0,((((1,2),((10,(8,9)),(((3,4),5),(6,7)))),(((14,(15,16)),(21,((17,18),(19,20)))),(11,(12,13)))),(22,(23,(24,25))))),((((26,27),28),((((29,30),31),32),(33,(34,35)))),36));
Tree Score: 9346.405479683695
Score Improvement: 0.01227780083288943

Step Number: 4
Time Spent: 4.657566161 seconds
New Tree:
Tree: ((0,((((1,2),((10,(8,9)),(((3,4),5),(6,7)))),(((14,(15,16)),(11,(12,13))),(21,((17,18),(19,20))))),(22,(23,(24,25))))),((((26,27),28),((((29,30),31),32),(33,(34,35)))),36));
Tree Score: 9932.716903346425
Score Improvement: 0.06273122056786384

Step Number: 5
Time Spent: 4.29694244 seconds
New Tree:
Tree: ((0,((((1,2),(((3,4),5),((10,(8,9)),(6,7)))),(((14,(15,16)),(11,(12,13))),(21,((17,18),(19,20))))),(22,(23,(24,25))))),((((26,27),28),((((29,30),31),32),(33,(34,35)))),36));
Tree Score: 10010.756353664046
Score Improvement: 0.007856808069434562

Step Number: 6
Time Spent: 3.960982468 seconds
New Tree:
Tree: ((0,((((1,2),(((3,4),5),((10,(8,9)),(6,7)))),(((14,(15,16)),(11,(12,13))),(21,((17,18),(19,20))))),(22,(23,(24,25))))),((((26,27),28),(((32,31),(29,30)),(33,(34,35)))),36));
Tree Score: 10053.119179051204
Score Improvement: 0.004231730739471251

Step Number: 7
Time Spent: 3.697917801 seconds
New Tree:
Tree: ((0,((((1,2),(((3,4),5),((10,(8,9)),(6,7)))),(((16,(15,14)),(11,(12,13))),(21,((17,18),(19,20))))),(22,(23,(24,25))))),((((26,27),28),(((32,31),(29,30)),(33,(34,35)))),36));
Tree Score: 10075.29802913016
Score Improvement: 0.00220616603503232

Step Number: 8
Time Spent: 3.476299465 seconds
New Tree:
Tree: ((0,((((1,2),(((3,4),5),((10,(8,9)),(6,7)))),(((16,(15,14)),(11,(12,13))),(21,((17,18),(19,20))))),(22,(25,(24,23))))),((((26,27),28),(((32,31),(29,30)),(33,(34,35)))),36));
Tree Score: 10093.013328751384
Score Improvement: 0.0017582903820814177

Step Number: 9
Time Spent: 3.183911446 seconds
New Tree:
Tree: ((0,((((1,2),(((3,4),5),((10,(8,9)),(6,7)))),(((16,(15,14)),(11,(12,13))),(21,((17,18),(19,20))))),(22,(25,(24,23))))),((((26,27),28),(((32,31),(29,30)),(33,(34,35)))),36));
Tree Score: 10093.013328751384
Score Improvement: 0.0

TOTAL STEPS: 9
TOTAL TIME: 38.278697871 seconds
Final tree: Tree: ((0,((((1,2),(((3,4),5),((10,(8,9)),(6,7)))),(((16,(15,14)),(11,(12,13))),(21,((17,18),(19,20))))),(22,(25,(24,23))))),((((26,27),28),(((32,31),(29,30)),(33,(34,35)))),36));
Tree Score: 10093.013328751384
Total Score Improvement: 0.2288423495889531

--------------ITERATION 20--------------
Input tree: (((0,(1,2)),(3,(4,5))),((((6,(((((7,8),9),((10,11),12)),13),(14,15))),((16,(17,(18,19))),((20,21),(((22,(23,24)),(25,26)),27)))),((((28,29),(30,31)),((32,33),34)),35)),36));
Initial Score: 10627.448954989144

Step Number: 1
Time Spent: 6.75517613 seconds
New Tree:
Tree: (((0,(1,2)),36),((((6,(((((7,8),9),((10,11),12)),13),(14,15))),((16,(17,(18,19))),((20,21),(((22,(23,24)),(25,26)),27)))),((((28,29),(30,31)),((32,33),34)),35)),(3,(4,5))));
Tree Score: 11029.085153431573
Score Improvement: 0.037792343218348456

Step Number: 2
Time Spent: 6.87483541 seconds
New Tree:
Tree: (((0,(1,2)),36),((((6,(((((7,8),9),((10,11),12)),13),(14,15))),((16,(17,(18,19))),((20,21),(((22,(23,24)),(25,26)),27)))),((35,((32,33),34)),((28,29),(30,31)))),(3,(4,5))));
Tree Score: 11292.048377468192
Score Improvement: 0.0238427050275154

Step Number: 3
Time Spent: 6.631215255 seconds
New Tree:
Tree: (((0,(1,2)),36),((((6,(((14,15),13),(((7,8),9),((10,11),12)))),((16,(17,(18,19))),((20,21),(((22,(23,24)),(25,26)),27)))),((35,((32,33),34)),((28,29),(30,31)))),(3,(4,5))));
Tree Score: 11552.948076776054
Score Improvement: 0.023104727378643997

Step Number: 4
Time Spent: 5.996921606 seconds
New Tree:
Tree: (((0,(1,2)),36),((((6,((16,(17,(18,19))),((20,21),(((22,(23,24)),(25,26)),27)))),(((14,15),13),(((7,8),9),((10,11),12)))),((35,((32,33),34)),((28,29),(30,31)))),(3,(4,5))));
Tree Score: 11906.477025606495
Score Improvement: 0.0306007563161399

Step Number: 5
Time Spent: 5.603564322 seconds
New Tree:
Tree: (((0,(1,2)),36),((((((20,21),(((22,(23,24)),(25,26)),27)),((16,(17,(18,19))),6)),(((14,15),13),(((7,8),9),((10,11),12)))),((35,((32,33),34)),((28,29),(30,31)))),(3,(4,5))));
Tree Score: 13163.319575172674
Score Improvement: 0.10555956618092566

Step Number: 6
Time Spent: 5.720768402 seconds
New Tree:
Tree: (((0,(1,2)),36),((((((20,21),((27,(25,26)),(22,(23,24)))),((16,(17,(18,19))),6)),(((14,15),13),(((7,8),9),((10,11),12)))),((35,((32,33),34)),((28,29),(30,31)))),(3,(4,5))));
Tree Score: 13307.248224885843
Score Improvement: 0.010934069395734491

Step Number: 7
Time Spent: 5.362453145 seconds
New Tree:
Tree: (((0,(1,2)),36),((((((20,21),((16,(17,(18,19))),6)),((27,(25,26)),(22,(23,24)))),(((14,15),13),(((7,8),9),((10,11),12)))),((35,((32,33),34)),((28,29),(30,31)))),(3,(4,5))));
Tree Score: 13596.155550200143
Score Improvement: 0.02171052350056968

Step Number: 8
Time Spent: 5.661700835 seconds
New Tree:
Tree: (((0,(1,2)),36),((((((20,21),((16,(17,(18,19))),6)),(((14,15),13),(((7,8),9),((10,11),12)))),((27,(25,26)),(22,(23,24)))),((35,((32,33),34)),((28,29),(30,31)))),(3,(4,5))));
Tree Score: 14374.165551619255
Score Improvement: 0.05722279349824433

Step Number: 9
Time Spent: 5.411685592 seconds
New Tree:
Tree: (((0,(1,2)),36),((((((20,21),((16,(17,(18,19))),6)),(((14,15),13),(((7,8),9),((10,11),12)))),((27,(25,26)),(22,(23,24)))),(((32,33),(35,34)),((28,29),(30,31)))),(3,(4,5))));
Tree Score: 14452.633551427745
Score Improvement: 0.005458960349851383

Step Number: 10
Time Spent: 5.105736281 seconds
New Tree:
Tree: (((0,(1,2)),36),((((((20,21),((16,(19,(18,17))),6)),(((14,15),13),(((7,8),9),((10,11),12)))),((27,(25,26)),(22,(23,24)))),(((32,33),(35,34)),((28,29),(30,31)))),(3,(4,5))));
Tree Score: 14466.49205181899
Score Improvement: 9.588910105504667E-4

Step Number: 11
Time Spent: 4.737777479 seconds
New Tree:
Tree: (((0,(1,2)),36),((((((20,21),((16,(19,(18,17))),6)),(((14,15),13),(((7,8),9),((10,11),12)))),((27,(25,26)),(22,(23,24)))),(((32,33),(35,34)),((28,29),(30,31)))),(3,(4,5))));
Tree Score: 14466.49205181899
Score Improvement: 0.0

TOTAL STEPS: 11
TOTAL TIME: 63.861834457 seconds
Final tree: Tree: (((0,(1,2)),36),((((((20,21),((16,(19,(18,17))),6)),(((14,15),13),(((7,8),9),((10,11),12)))),((27,(25,26)),(22,(23,24)))),(((32,33),(35,34)),((28,29),(30,31)))),(3,(4,5))));
Tree Score: 14466.49205181899
Total Score Improvement: 0.36123844142554784

===========================================================
RESULTS FROM 20 ITERATION(S):
AVERAGE TIME PER RUN: 76.882339201 seconds
AVERAGE IMPROVEMENT: 0.35390447250027085
BEST Tree: (((0,(1,2)),36),((((((20,21),((16,(19,(18,17))),6)),(((14,15),13),(((7,8),9),((10,11),12)))),((27,(25,26)),(22,(23,24)))),(((32,33),(35,34)),((28,29),(30,31)))),(3,(4,5))));
Tree Score: 14466.49205181899
BEST'S IMPROVEMENT :0.36123844142554784
