--------------ITERATION 1--------------
Input tree: (((0,1),(2,(3,4))),((((5,6),(((((7,(8,9)),10),((11,12),13)),(((((14,15),16),((17,18),19)),20),(21,(22,((23,(24,25)),26))))),(((27,28),29),30))),((31,(32,(33,34))),35)),36));
Initial Score: 10096.525750376139

Step Number: 1
Time Spent: 51.19329204 seconds
New Tree:
Tree: (((0,1),(2,(3,4))),(((((((7,(8,9)),10),((11,12),13)),(((((14,15),16),((17,18),19)),20),(21,(22,((23,(24,25)),26))))),((5,6),(((27,28),29),30))),((31,(32,(33,34))),35)),36));
Tree Score: 11493.841301290799
Score Improvement: 0.13839568040150874

Step Number: 2
Time Spent: 51.008701038 seconds
New Tree:
Tree: (((0,1),(2,(3,4))),(((((((7,(8,9)),10),((11,12),13)),(((((14,15),16),20),((17,18),19)),(21,(22,((23,(24,25)),26))))),((5,6),(((27,28),29),30))),((31,(32,(33,34))),35)),36));
Tree Score: 11944.099476435658
Score Improvement: 0.03917386392783184

Step Number: 3
Time Spent: 50.858059745 seconds
New Tree:
Tree: (((0,1),(2,(3,4))),(((((((7,(8,9)),10),((11,12),13)),(((((14,15),16),20),((17,18),19)),(21,(22,((23,(24,25)),26))))),(((27,28),29),((5,6),30))),((31,(32,(33,34))),35)),36));
Tree Score: 12298.752801274386
Score Improvement: 0.029692763823544688

Step Number: 4
Time Spent: 44.484768071 seconds
New Tree:
Tree: (((0,1),(2,(3,4))),(((((((7,(8,9)),10),((11,12),13)),(((((14,15),16),20),((17,18),19)),(21,(22,((23,(24,25)),26))))),(((27,28),29),((5,6),30))),((31,35),(32,(33,34)))),36));
Tree Score: 12491.853376430896
Score Improvement: 0.015700825789140227

Step Number: 5
Time Spent: 40.070242942 seconds
New Tree:
Tree: (((0,1),36),(((((((7,(8,9)),10),((11,12),13)),(((((14,15),16),20),((17,18),19)),(21,(22,((23,(24,25)),26))))),(((27,28),29),((5,6),30))),((31,35),(32,(33,34)))),(2,(3,4))));
Tree Score: 12633.165825486154
Score Improvement: 0.011312368533069828

Step Number: 6
Time Spent: 40.024274386 seconds
New Tree:
Tree: (((0,1),36),(((((((7,(8,9)),10),((11,12),13)),(((((14,15),16),20),((17,18),19)),(((23,(24,25)),26),(22,21)))),(((27,28),29),((5,6),30))),((31,35),(32,(33,34)))),(2,(3,4))));
Tree Score: 12763.52217521632
Score Improvement: 0.01031858138576669

Step Number: 7
Time Spent: 40.179608037 seconds
New Tree:
Tree: (((0,1),36),(((((((7,(8,9)),10),((11,12),13)),(((((14,15),16),20),((17,18),19)),(((22,21),26),(23,(24,25))))),(((27,28),29),((5,6),30))),((31,35),(32,(33,34)))),(2,(3,4))));
Tree Score: 12997.829175964202
Score Improvement: 0.018357550332215533

Step Number: 8
Time Spent: 40.092427117 seconds
New Tree:
Tree: (((0,1),36),(((((((7,(8,9)),10),((11,12),13)),(((((14,15),16),20),((17,18),19)),((24,25),(23,((22,21),26))))),(((27,28),29),((5,6),30))),((31,35),(32,(33,34)))),(2,(3,4))));
Tree Score: 13076.469501422733
Score Improvement: 0.0060502661170493965

Step Number: 9
Time Spent: 41.285995658 seconds
New Tree:
Tree: (((0,1),36),(((((((7,(8,9)),10),((11,12),13)),(((((14,15),16),20),((17,18),19)),((24,25),((22,21),(23,26))))),(((27,28),29),((5,6),30))),((31,35),(32,(33,34)))),(2,(3,4))));
Tree Score: 13150.252101103382
Score Improvement: 0.005642394506607529

Step Number: 10
Time Spent: 51.39172684 seconds
New Tree:
Tree: (((0,1),36),(((((((7,(8,9)),10),((11,12),13)),((((20,16),(14,15)),((17,18),19)),((24,25),((22,21),(23,26))))),(((27,28),29),((5,6),30))),((31,35),(32,(33,34)))),(2,(3,4))));
Tree Score: 13217.964125966493
Score Improvement: 0.005149104697196538

Step Number: 11
Time Spent: 51.307216373 seconds
New Tree:
Tree: (((0,1),36),(((((((7,(8,9)),10),((11,12),13)),((((20,16),(14,15)),((17,18),19)),((24,25),((22,21),(23,26))))),((((5,6),30),29),(27,28))),((31,35),(32,(33,34)))),(2,(3,4))));
Tree Score: 13283.06337565153
Score Improvement: 0.004925058735569587

Step Number: 12
Time Spent: 51.07836695 seconds
New Tree:
Tree: (((0,1),36),(((((((7,10),(8,9)),((11,12),13)),((((20,16),(14,15)),((17,18),19)),((24,25),((22,21),(23,26))))),((((5,6),30),29),(27,28))),((31,35),(32,(33,34)))),(2,(3,4))));
Tree Score: 13330.95100067991
Score Improvement: 0.003605164236147429

Step Number: 13
Time Spent: 50.952597255 seconds
New Tree:
Tree: (((0,1),36),(((((((7,10),(8,9)),((11,12),13)),((((20,16),(14,15)),((17,18),19)),((24,25),((22,21),(23,26))))),(((29,30),(5,6)),(27,28))),((31,35),(32,(33,34)))),(2,(3,4))));
Tree Score: 13375.05140066675
Score Improvement: 0.003308121077377768

Step Number: 14
Time Spent: 44.815606791 seconds
New Tree:
Tree: (((0,1),36),(((((((7,10),(8,9)),((11,12),13)),((((20,16),(14,15)),((17,18),19)),((24,25),((22,21),(23,26))))),(((27,28),(5,6)),(29,30))),((31,35),(32,(33,34)))),(2,(3,4))));
Tree Score: 13391.941500767956
Score Improvement: 0.0012628063695039327

Step Number: 15
Time Spent: 40.104123367 seconds
New Tree:
Tree: (((0,1),36),(((((((7,10),(8,9)),((11,12),13)),((((20,16),(14,15)),((17,18),19)),((24,25),((22,21),(23,26))))),(((27,28),(5,6)),(29,30))),((31,35),(32,(33,34)))),(3,(2,4))));
Tree Score: 13405.808550406138
Score Improvement: 0.0010354771664278228

Step Number: 16
Time Spent: 40.168791577 seconds
New Tree:
Tree: (((0,1),36),(((((((7,10),(8,9)),((11,12),13)),((((20,16),(14,15)),((17,18),19)),((24,25),((22,21),(23,26))))),(((27,28),(5,6)),(29,30))),((31,35),(33,(32,34)))),(3,(2,4))));
Tree Score: 13412.171200353543
Score Improvement: 4.7461888803512764E-4

Step Number: 17
Time Spent: 49.057891092 seconds
New Tree:
Tree: (((0,1),36),(((((((7,10),(8,9)),((11,12),13)),((((20,16),(14,15)),((17,18),19)),((24,25),((22,21),(23,26))))),(((27,28),(5,6)),(29,30))),((32,34),(33,(31,35)))),(3,(2,4))));
Tree Score: 13424.791600456352
Score Improvement: 9.40966224952211E-4

Step Number: 18
Time Spent: 51.478991988 seconds
New Tree:
Tree: (((0,36),1),(((((((7,10),(8,9)),((11,12),13)),((((20,16),(14,15)),((17,18),19)),((24,25),((22,21),(23,26))))),(((27,28),(5,6)),(29,30))),((32,34),(33,(31,35)))),(3,(2,4))));
Tree Score: 13424.83977540944
Score Improvement: 3.5885065869933896E-6

Step Number: 19
Time Spent: 46.2211108 seconds
New Tree:
Tree: (((0,36),1),(((((((7,10),(8,9)),((11,12),13)),((((20,16),(14,15)),((17,18),19)),((24,25),((22,21),(23,26))))),(((27,28),(5,6)),(29,30))),((32,34),(33,(31,35)))),(3,(2,4))));
Tree Score: 13424.83977540944
Score Improvement: 0.0

TOTAL STEPS: 19
TOTAL TIME: 875.773792067 seconds
Final tree: Tree: (((0,36),1),(((((((7,10),(8,9)),((11,12),13)),((((20,16),(14,15)),((17,18),19)),((24,25),((22,21),(23,26))))),(((27,28),(5,6)),(29,30))),((32,34),(33,(31,35)))),(3,(2,4))));
Tree Score: 13424.83977540944
Total Score Improvement: 0.3296494365806286

--------------ITERATION 2--------------
Input tree: (((0,(1,((2,3),((((4,5),6),7),((8,9),10))))),((((11,12),13),14),(((15,(16,17)),18),(19,20)))),((((21,(22,23)),24),(25,((26,27),28))),((((29,(30,31)),32),(33,34)),(35,36))));
Initial Score: 10433.00622914023

Step Number: 1
Time Spent: 39.607686146 seconds
New Tree:
Tree: (((((2,3),((((4,5),6),7),((8,9),10))),(1,0)),((((11,12),13),14),(((15,(16,17)),18),(19,20)))),((((21,(22,23)),24),(25,((26,27),28))),((((29,(30,31)),32),(33,34)),(35,36))));
Tree Score: 11015.420804327516
Score Improvement: 0.05582423343719989

Step Number: 2
Time Spent: 41.387858122 seconds
New Tree:
Tree: (((((2,3),(1,0)),((((4,5),6),7),((8,9),10))),((((11,12),13),14),(((15,(16,17)),18),(19,20)))),((((21,(22,23)),24),(25,((26,27),28))),((((29,(30,31)),32),(33,34)),(35,36))));
Tree Score: 11542.442805253684
Score Improvement: 0.04784401887934431

Step Number: 3
Time Spent: 50.267370663 seconds
New Tree:
Tree: (((((2,3),(1,0)),((((4,5),6),7),((8,9),10))),((((11,12),13),14),(((15,(16,17)),18),(19,20)))),((((21,(22,23)),24),(25,((26,27),28))),(((35,36),(33,34)),((29,(30,31)),32))));
Tree Score: 11763.059228912827
Score Improvement: 0.019113495070447906

Step Number: 4
Time Spent: 48.731323168 seconds
New Tree:
Tree: (((((2,3),(1,0)),((((4,5),6),7),((8,9),10))),(((14,13),(11,12)),(((15,(16,17)),18),(19,20)))),((((21,(22,23)),24),(25,((26,27),28))),(((35,36),(33,34)),((29,(30,31)),32))));
Tree Score: 11924.342829872754
Score Improvement: 0.0137110251526662

Step Number: 5
Time Spent: 39.505545224 seconds
New Tree:
Tree: (((((2,3),(1,0)),((((4,5),6),7),((8,9),10))),(((14,13),(11,12)),(((15,(16,17)),18),(19,20)))),((((21,(22,23)),24),((26,27),(25,28))),(((35,36),(33,34)),((29,(30,31)),32))));
Tree Sc