--------------ITERATION 1--------------
Input tree: (((0,1),(((((2,((3,4),5)),(6,((((7,8),9),10),11))),12),(((13,(14,15)),(16,((17,18),19))),((20,(((21,22),23),(24,25))),((26,27),(28,29))))),(30,31))),(((32,33),34),(35,36)));
Initial Score: 10167.27465110946

Step Number: 1
Time Spent: 11.665272309 seconds
New Tree:
Tree: (((0,1),((((20,(((21,22),23),(24,25))),((26,27),(28,29))),(((13,(14,15)),(16,((17,18),19))),(((2,((3,4),5)),(6,((((7,8),9),10),11))),12))),(30,31))),(((32,33),34),(35,36)));
Tree Score: 10306.121052406561
Score Improvement: 0.013656206413382499

Step Number: 2
Time Spent: 11.040888301 seconds
New Tree:
Tree: (((0,1),((((20,(((21,22),23),(24,25))),((26,27),(28,29))),(((13,(14,15)),(16,((17,18),19))),((12,(6,((((7,8),9),10),11))),(2,((3,4),5))))),(30,31))),(((32,33),34),(35,36)));
Tree Score: 10515.937552425145
Score Improvement: 0.020358435433823097

Step Number: 3
Time Spent: 10.72677168 seconds
New Tree:
Tree: (((0,1),(((((24,25),(((21,22),23),20)),((26,27),(28,29))),(((13,(14,15)),(16,((17,18),19))),((12,(6,((((7,8),9),10),11))),(2,((3,4),5))))),(30,31))),(((32,33),34),(35,36)));
Tree Score: 10636.181301860339
Score Improvement: 0.01143442977249931

Step Number: 4
Time Spent: 10.133083893 seconds
New Tree:
Tree: (((0,1),(35,36)),(((32,33),34),(((((24,25),(((21,22),23),20)),((26,27),(28,29))),(((13,(14,15)),(16,((17,18),19))),((12,(6,((((7,8),9),10),11))),(2,((3,4),5))))),(30,31))));
Tree Score: 10734.514452143772
Score Improvement: 0.009245155520829051

Step Number: 5
Time Spent: 8.924617649 seconds
New Tree:
Tree: (((0,1),(35,36)),(((32,33),34),(((((24,25),(((21,22),23),20)),((26,27),(28,29))),(((13,(14,15)),(16,((17,18),19))),((12,(6,((11,10),((7,8),9)))),(2,((3,4),5))))),(30,31))));
Tree Score: 10820.379227111316
Score Improvement: 0.007998943533994218

Step Number: 6
Time Spent: 8.852662549 seconds
New Tree:
Tree: (((0,1),(35,36)),(((32,33),34),(((((24,25),(((21,22),23),20)),((26,27),(28,29))),(((13,(14,15)),(16,((17,18),19))),((12,(6,((11,10),((7,8),9)))),(2,((5,4),3))))),(30,31))));
Tree Score: 10829.632202254808
Score Improvement: 8.551433317889323E-4

Step Number: 7
Time Spent: 8.853606104 seconds
New Tree:
Tree: (((0,1),(35,36)),(((32,33),34),(((((24,25),(((21,22),23),20)),((26,27),(28,29))),(((13,(14,15)),(16,((17,18),19))),((12,(6,((11,10),((7,8),9)))),(2,((5,4),3))))),(30,31))));
Tree Score: 10829.632202254808
Score Improvement: 0.0

TOTAL STEPS: 7
TOTAL TIME: 70.196902485 seconds
Final tree: Tree: (((0,1),(35,36)),(((32,33),34),(((((24,25),(((21,22),23),20)),((26,27),(28,29))),(((13,(14,15)),(16,((17,18),19))),((12,(6,((11,10),((7,8),9)))),(2,((5,4),3))))),(30,31))));
Tree Score: 10829.632202254808
Total Score Improvement: 0.06514602721714335

--------------ITERATION 2--------------
Input tree: ((((0,((1,((2,(3,(4,5))),(6,(((7,8),(9,10)),(11,12))))),(((13,14),15),(16,(17,18))))),19),(((20,21),22),((23,(24,(25,26))),27))),((28,29),((30,(31,32)),(33,(34,(35,36))))));
Initial Score: 6938.261475765412

Step Number: 1
Time Spent: 9.469787674 seconds
New Tree:
Tree: ((((0,((1,((2,(3,(4,5))),(6,(((7,8),(9,10)),(11,12))))),(((13,14),15),(16,(17,18))))),19),((30,(31,32)),(33,(34,(35,36))))),((28,29),(((20,21),22),((23,(24,(25,26))),27))));
Tree Score: 7751.034702387671
Score Improvement: 0.11714364318225634

Step Number: 2
Time Spent: 8.811680871 seconds
New Tree:
Tree: ((((0,(((6,(((7,8),(9,10)),(11,12))),((2,(3,(4,5))),1)),(((13,14),15),(16,(17,18))))),19),((30,(31,32)),(33,(34,(35,36))))),((28,29),(((20,21),22),((23,(24,(25,26))),27))));
Tree Score: 8062.320878261762
Score Improvement: 0.040160596336667354

Step Number: 3
Time Spent: 8.881805151 seconds
New Tree:
Tree: ((((0,(((6,(((7,8),(9,10)),(11,12))),(((13,14),15),(16,(17,18)))),((2,(3,(4,5))),1))),19),((30,(31,32)),(33,(34,(35,36))))),((28,29),(((20,21),22),((23,(24,(25,26))),27))));
Tree Score: 9535.525323850252
Score Improvement: 0.18272709159476075

Step Number: 4
Time Spent: 9.395384498 seconds
New Tree:
Tree: ((((0,(((6,(((7,8),(9,10)),(11,12))),(((13,14),15),(16,(17,18)))),((2,1),(3,(4,5))))),19),((30,(31,32)),(33,(34,(35,36))))),((28,29),(((20,21),22),((23,(24,(25,26))),27))));
Tree Score: 9905.796623700448
Score Improvement: 0.03883071852623288

Step Number: 5
Time Spent: 8.844637506 seconds
New Tree:
Tree: ((((0,(((6,(((13,14),15),(16,(17,18)))),(((7,8),(9,10)),(11,12))),((2,1),(3,(4,5))))),19),((30,(31,32)),(33,(34,(35,36))))),((28,29),(((20,21),22),((23,(24,(25,26))),27))));
Tree Score: 10230.144022851939
Score Improvement: 0.032743191837339314

Step Number: 6
Time Spent: 8.381217961 seconds
New Tree:
Tree: ((((0,(((6,(((13,14),15),(16,(17,18)))),(((7,8),(9,10)),(11,12))),((2,1),(3,(4,5))))),19),((30,(31,32)),(33,(34,(35,36))))),((28,29),(((20,21),22),(((25,26),(24,23)),27))));
Tree Score: 10279.050247684576
Score Improvement: 0.0047805998354852886

Step Number: 7
Time Spent: 8.35235193 seconds
New Tree:
Tree: ((((0,(((6,(((13,14),15),(16,(17,18)))),(((7,8),(9,10)),(11,12))),((2,1),(3,(4,5))))),19),((30,(31,32)),(33,(34,(35,36))))),((28,29),(((20,21),22),(((25,26),27),(24,23)))));
Tree Score: 10457.400197217696
Score Improvement: 0.017350819894405456

Step Number: 8
Time Spent: 7.765595401 seconds
New Tree:
Tree: ((((0,(((((13,14),15),(6,(16,(17,18)))),(((7,8),(9,10)),(11,12))),((2,1),(3,(4,5))))),19),((30,(31,32)),(33,(34,(35,36))))),((28,29),(((20,21),22),(((25,26),27),(24,23)))));
Tree Score: 10479.082746562814
Score Improvement: 0.002073416808786366

Step Number: 9
Time Spent: 7.736590526 seconds
New Tree:
Tree: ((((0,(((((13,14),15),(6,(16,(17,18)))),(((7,8),(9,10)),(11,12))),((2,1),(3,(4,5))))),19),((30,(31,32)),(33,(34,(35,36))))),((28,29),(((20,22),21),(((25,26),27),(24,23)))));
Tree Score: 10480.663071641033
Score Improvement: 1.5080757700269842E-4

Step Number: 10
Time Spent: 7.116807452 seconds
New Tree:
Tree: ((((0,(((((13,14),15),(6,(16,(17,18)))),(((7,8),(9,10)),(11,12))),((2,1),(3,(4,5))))),19),((30,(31,32)),(33,(34,(35,36))))),((28,29),(((20,22),21),(((25,26),27),(24,23)))));
Tree Score: 10480.663071641033
Score Improvement: 0.0

TOTAL STEPS: 10
TOTAL TIME: 84.75585897 seconds
Final tree: Tree: ((((0,(((((13,14),15),(6,(16,(17,18)))),(((7,8),(9,10)),(11,12))),((2,1),(3,(4,5))))),19),((30,(31,32)),(33,(34,(35,36))))),((28,29),(((20,22),21),(((25,26),27),(24,23)))));
Tree Score: 10480.663071641033
Total Score Improvement: 0.5105604059819369

--------------ITERATION 3--------------
Input tree: (((((0,((1,(2,3)),4)),((5,(6,7)),(8,(9,((10,(11,12)),13))))),((14,15),16)),(17,18)),((19,20),((((21,22),(23,24)),25),((26,(27,(28,29))),((((30,(31,32)),(33,34)),35),36)))));
Initial Score: 7411.790976490609

Step Number: 1
Time Spent: 9.428592072 seconds
New Tree:
Tree: (((((0,((1,(2,3)),4)),((5,(6,7)),(8,(9,((10,(11,12)),13))))),((14,15),16)),((((21,22),(23,24)),25),((26,(27,(28,29))),((((30,(31,32)),(33,34)),35),36)))),((19,20),(17,18)));
Tree Score: 8768.421801918515
Score Improvement: 0.18303684355522054

Step Number: 2
Time Spent: 10.084194995 seconds
New Tree:
Tree: (((((21,22),(23,24)),25),((((0,((1,(2,3)),4)),((5,(6,7)),(8,(9,((10,(11,12)),13))))),((14,15),16)),((26,(27,(28,29))),((((30,(31,32)),(33,34)),35),36)))),((19,20),(17,18)));
Tree Score: 9808.78722418326
Score Improvement: 0.11864910764638559

Step Number: 3
Time Spent: 9.710682902 seconds
New Tree:
Tree: (((((21,22),(23,24)),25),((((0,((1,(2,3)),4)),((5,(6,7)),(8,(9,((10,(11,12)),13))))),((14,15),16)),((26,(27,(28,29))),((36,35),((30,(31,32)),(33,34)))))),((19,20),(17,18)));
Tree Score: 10207.673899664012
Score Improvement: 0.04066625836243154

Step Number: 4
Time Spent: 8.90701548 seconds
New Tree:
Tree: (((((21,22),(23,24)),25),((((0,((1,(2,3)),4)),((5,(6,7)),(((10,(11,12)),13),(9,8)))),((14,15),16)),((26,(27,(28,29))),((36,35),((30,(31,32)),(33,34)))))),((19,20),(17,18)));
Tree Score: 10517.914024812802
Score Improvement: 0.030392832705892214

Step Number: 5
Time Spent: 8.287151669 seconds
New Tree:
Tree: (((((21,22),(23,24)),25),((((0,((1,(2,3)),4)),((5,(6,7)),(((10,(11,12)),13),(9,8)))),((14,15),16)),(((28,29),(27,26)),((36,35),((30,(31,32)),(33,34)))))),((19,20),(17,18)));
Tree Score: 10642.193649290763
Score Improvement: 0.011815995470658258

Step Number: 6
Time Spent: 7.720694092 seconds
New Tree:
Tree: (((((21,22),(23,24)),25),(((((14,15),16),((5,(6,7)),(((10,(11,12)),13),(9,8)))),(0,((1,(2,3)),4))),(((28,29),(27,26)),((36,35),((30,(31,32)),(33,34)))))),((19,20),(17,18)));
Tree Score: 10684.627948704816
Score Improvement: 0.003987363960143764

Step Number: 7
Time Spent: 8.430709659 seconds
New Tree:
Tree: (((((21,22),(23,24)),25),(((((28,29),(27,26)),((36,35),((30,(31,32)),(33,34)))),(0,((1,(2,3)),4))),(((14,15),16),((5,(6,7)),(((10,(11,12)),13),(9,8)))))),((19,20),(17,18)));
Tree Score: 12010.261501382396
Score Improvement: 0.12406922908703355

Step Number: 8
Time Spent: 9.118480919 seconds
New Tree:
Tree: (((((21,22),(23,24)),25),(((((28,29),(27,26)),((30,(31,32)),((36,35),(33,34)))),(0,((1,(2,3)),4))),(((14,15),16),((5,(6,7)),(((10,(11,12)),13),(9,8)))))),((19,20),(17,18)));
Tree Score: 12021.95327521424
Score Improvement: 9.734820370479458E-4

Step Number: 9
Time Spent: 8.889073534 seconds
New Tree:
Tree: (((((21,22),(23,24)),25),((((0,((1,(2,3)),4)),((30,(31,32)),((36,35),(33,34)))),((28,29),(27,26))),(((14,15),16),((5,(6,7)),(((10,(11,12)),13),(9,8)))))),((19,20),(17,18)));
Tree Score: 12060.429925535514
Score Improvement: 0.003200532346153917

Step Number: 10
Time Spent: 8.92739831 seconds
New Tree:
Tree: (((((21,22),(23,24)),25),((((0,((3,(2,1)),4)),((30,(31,32)),((36,35),(33,34)))),((28,29),(27,26))),(((14,15),16),((5,(6,7)),(((10,(11,12)),13),(9,8)))))),((19,20),(17,18)));
Tree Score: 12067.512700543448
Score Improvement: 5.872738411205614E-4

Step Number: 11
Time Spent: 9.040093786 seconds
New Tree:
Tree: (((((21,22),(23,24)),25),((((0,((4,(2,1)),3)),((30,(31,32)),((36,35),(33,34)))),((28,29),(27,26))),(((14,15),16),((5,(6,7)),(((10,(11,12)),13),(9,8)))))),((19,20),(17,18)));
Tree Score: 12075.2450999773
Score Improvement: 6.407616569985564E-4

Step Number: 12
Time Spent: 8.485605327 seconds
New Tree:
Tree: (((((21,22),(23,24)),25),((((0,((4,(2,1)),3)),((30,(31,32)),((36,35),(33,34)))),((28,29),(27,26))),(((14,15),16),((5,(6,7)),(((10,(11,12)),13),(9,8)))))),((19,20),(17,18)));
Tree Score: 12075.2450999773
Score Improvement: 0.0

TOTAL STEPS: 12
TOTAL TIME: 107.029692745 seconds
Final tree: Tree: (((((21,22),(23,24)),25),((((0,((4,(2,1)),3)),((30,(31,32)),((36,35),(33,34)))),((28,29),(27,26))),(((14,15),16),((5,(6,7)),(((10,(11,12)),13),(9,8)))))),((19,20),(17,18)));
Tree Score: 12075.2450999773
Total Score Improvement: 0.6291939611193378

--------------ITERATION 4--------------
Input tree: (((((0,1),((2,(3,4)),(((((5,(6,7)),8),9),10),11))),((12,(13,14)),(15,16))),(17,(18,(19,(20,21))))),(((22,23),(24,25)),(((26,(27,(28,29))),(30,(31,32))),(33,(34,(35,36))))));
Initial Score: 9118.657677365127

Step Number: 1
Time Spent: 11.882634168 seconds
New Tree:
Tree: ((((17,(18,(19,(20,21)))),((12,(13,14)),(15,16))),((0,1),((2,(3,4)),(((((5,(6,7)),8),9),10),11)))),(((22,23),(24,25)),(((26,(27,(28,29))),(30,(31,32))),(33,(34,(35,36))))));
Tree Score: 10134.954677228097
Score Improvement: 0.1114524786236557

Step Number: 2
Time Spent: 11.599716067 seconds
New Tree:
Tree: ((((17,(18,(19,(20,21)))),((12,(13,14)),(15,16))),((((((5,(6,7)),8),9),10),11),((2,(3,4)),(0,1)))),(((22,23),(24,25)),(((26,(27,(28,29))),(30,(31,32))),(33,(34,(35,36))))));
Tree Score: 10520.19085324152
Score Improvement: 0.03801064615306049

Step Number: 3
Time Spent: 11.801186381 seconds
New Tree:
Tree: ((((17,(18,(19,(20,21)))),((12,(13,14)),(15,16))),(((11,10),(((5,(6,7)),8),9)),((2,(3,4)),(0,1)))),(((22,23),(24,25)),(((26,(27,(28,29))),(30,(31,32))),(33,(34,(35,36))))));
Tree Score: 10863.28667795627
Score Improvement: 0.03261307988619189

Step Number: 4
Time Spent: 11.14989008 seconds
New Tree:
Tree: (((((19,(20,21)),(18,17)),((12,(13,14)),(15,16))),(((11,10),(((5,(6,7)),8),9)),((2,(3,4)),(0,1)))),(((22,23),(24,25)),(((26,(27,(28,29))),(30,(31,32))),(33,(34,(35,36))))));
Tree Score: 11181.782603691952
Score Improvement: 0.029318560319500087

Step Number: 5
Time Spent: 10.42967552 seconds
New Tree:
Tree: ((((2,(3,4)),(0,1)),(((11,10),(((5,(6,7)),8),9)),(((19,(20,21)),(18,17)),((12,(13,14)),(15,16))))),(((22,23),(24,25)),(((26,(27,(28,29))),(30,(31,32))),(33,(34,(35,36))))));
Tree Score: 11416.34182398816
Score Improvement: 0.020976907583479587

Step Number: 6
Time Spent: 11.592408574 seconds
New Tree:
Tree: ((((2,(3,4)),(0,1)),(((11,10),(((5,(6,7)),8),9)),(((19,(20,21)),(18,17)),((12,(13,14)),(15,16))))),(((22,23),(24,25)),((((28,29),(27,26)),(30,(31,32))),(33,(34,(35,36))))));
Tree Score: 11513.089498498974
Score Improvement: 0.008474489990088374

Step Number: 7
Time Spent: 11.134346973 seconds
New Tree:
Tree: ((((2,(3,4)),(0,1)),(((11,10),(((5,(6,7)),8),9)),(((19,(20,21)),(18,17)),((12,(13,14)),(15,16))))),(((22,23),(24,25)),(((33,(34,(35,36))),(30,(31,32))),((28,29),(27,26)))));
Tree Score: 11593.670497468238
Score Improvement: 0.006999076918473568

Step Number: 8
Time Spent: 10.47315095 seconds
New Tree:
Tree: ((((2,(3,4)),(0,1)),(((11,10),(((5,(6,7)),8),9)),(((19,(20,21)),(18,17)),((12,(13,14)),(15,16))))),(((33,(34,(35,36))),(30,(31,32))),(((22,23),(24,25)),((28,29),(27,26)))));
Tree Score: 11907.546823948536
Score Improvement: 0.02707307634358247

Step Number: 9
Time Spent: 9.741991632 seconds
New Tree:
Tree: (((((22,23),(24,25)),((28,29),(27,26))),(((11,10),(((5,(6,7)),8),9)),(((19,(20,21)),(18,17)),((12,(13,14)),(15,16))))),(((33,(34,(35,36))),(30,(31,32))),((2,(3,4)),(0,1))));
Tree Score: 14076.143602446442
Score Improvement: 0.18211952558829414

Step Number: 10
Time Spent: 10.569060633 seconds
New Tree:
Tree: (((((22,23),(24,25)),((28,29),(27,26))),(((11,10),((9,8),(5,(6,7)))),(((19,(20,21)),(18,17)),((12,(13,14)),(15,16))))),(((33,(34,(35,36))),(30,(31,32))),((2,(3,4)),(0,1))));
Tree Score: 14153.108727413019
Score Improvement: 0.005467770657952009

Step Number: 11
Time Spent: 9.700484957 seconds
New Tree:
Tree: (((((22,23),(24,25)),((28,29),(27,26))),(((11,10),((9,8),(5,(6,7)))),(((19,(18,17)),(20,21)),((12,(13,14)),(15,16))))),(((33,(34,(35,36))),(30,(31,32))),((2,(3,4)),(0,1))));
Tree Score: 14180.78607754947
Score Improvement: 0.00195556684185183

Step Number: 12
Time Spent: 8.838859048 seconds
New Tree:
Tree: (((((22,23),(24,25)),((28,29),(27,26))),(((11,10),(5,((9,8),(6,7)))),(((19,(18,17)),(20,21)),((12,(13,14)),(15,16))))),(((33,(34,(35,36))),(30,(31,32))),((2,(3,4)),(0,1))));
Tree Score: 14196.90422765517
Score Improvement: 0.001136618944644896

Step Number: 13
Time Spent: 8.269423857 seconds
New Tree:
Tree: (((((22,23),(24,25)),((28,29),(27,26))),(((11,10),(5,((9,8),(6,7)))),(((19,(18,17)),(20,21)),((12,(13,14)),(15,16))))),(((33,(34,(35,36))),(30,(31,32))),((3,(2,4)),(0,1))));
Tree Score: 14205.715827283238
Score Improvement: 6.206704987770095E-4

Step Number: 14
Time Spent: 7.168593855 seconds
New Tree:
Tree: (((((22,23),(24,25)),((28,29),(27,26))),(((11,10),(5,((9,8),(6,7)))),(((19,(18,17)),(20,21)),((12,(13,14)),(15,16))))),(((33,(34,(35,36))),(30,(31,32))),((3,(2,4)),(0,1))));
Tree Score: 14205.715827283238
Score Improvement: 0.0

TOTAL STEPS: 14
TOTAL TIME: 144.351422695 seconds
Final tree: Tree: (((((22,23),(24,25)),((28,29),(27,26))),(((11,10),(5,((9,8),(6,7)))),(((19,(18,17)),(20,21)),((12,(13,14)),(15,16))))),(((33,(34,(35,36))),(30,(31,32))),((3,(2,4)),(0,1))));
Tree Score: 14205.715827283238
Total Score Improvement: 0.5578735741495713

--------------ITERATION 5--------------
Input tree: (((((((0,(((1,2),3),((4,5),((6,7),8)))),9),(((10,11),(12,13)),((14,15),16))),(((17,18),(((19,20),(21,22)),23)),24)),(25,26)),(27,28)),(((29,30),((31,32),(33,34))),(35,36)));
Initial Score: 8390.043351976252

Step Number: 1
Time Spent: 8.112203514 seconds
New Tree:
Tree: ((((((((17,18),(((19,20),(21,22)),23)),24),(((10,11),(12,13)),((14,15),16))),((0,(((1,2),3),((4,5),((6,7),8)))),9)),(25,26)),(27,28)),(((29,30),((31,32),(33,34))),(35,36)));
Tree Score: 9642.86305262718
Score Improvement: 0.14932219633356603

Step Number: 2
Time Spent: 7.593026669 seconds
New Tree:
Tree: ((((27,28),(25,26)),(((((17,18),(((19,20),(21,22)),23)),24),(((10,11),(12,13)),((14,15),16))),((0,(((1,2),3),((4,5),((6,7),8)))),9))),(((29,30),((31,32),(33,34))),(35,36)));
Tree Score: 10716.085728017606
Score Improvement: 0.11129709812668431