--------------ITERATION 1--------------
Input tree: ((((((0,(1,(2,3))),(4,5)),(6,7)),(8,9)),(10,11)),(((((12,13),14),15),((16,((17,18),19)),((20,21),(22,23)))),((24,(25,(((26,27),28),29))),((((30,31),32),(33,34)),(35,36)))));
Initial Score: 10782.141955938714

Step Number: 1
Time Spent: 56.380588412 seconds
New Tree:
Tree: ((((((0,(1,(2,3))),(4,5)),(6,7)),(8,9)),(10,11)),(((((12,13),14),15),((16,((17,18),19)),((20,21),(22,23)))),(((((26,27),28),29),(25,24)),((((30,31),32),(33,34)),(35,36)))));
Tree Score: 11189.189656723815
Score Improvement: 0.03775202575225811

Step Number: 2
Time Spent: 53.446184325 seconds
New Tree:
Tree: (((((8,9),(6,7)),((0,(1,(2,3))),(4,5))),(10,11)),(((((12,13),14),15),((16,((17,18),19)),((20,21),(22,23)))),(((((26,27),28),29),(25,24)),((((30,31),32),(33,34)),(35,36)))));
Tree Score: 11477.999081767048
Score Improvement: 0.025811469275586196

Step Number: 3
Time Spent: 49.130072058 seconds
New Tree:
Tree: (((((8,9),(6,7)),(10,11)),((0,(1,(2,3))),(4,5))),(((((12,13),14),15),((16,((17,18),19)),((20,21),(22,23)))),(((((26,27),28),29),(25,24)),((((30,31),32),(33,34)),(35,36)))));
Tree Score: 11735.011105044774
Score Improvement: 0.022391709691456096

Step Number: 4
Time Spent: 49.367651083 seconds
New Tree:
Tree: (((((8,9),(6,7)),(10,11)),((0,(1,(2,3))),(4,5))),(((((((26,27),28),29),(25,24)),((((30,31),32),(33,34)),(35,36))),((16,((17,18),19)),((20,21),(22,23)))),(((12,13),14),15)));
Tree Score: 12100.336252575129
Score Improvement: 0.031131214470969226

Step Number: 5
Time Spent: 56.260728339 seconds
New Tree:
Tree: (((((8,9),(6,7)),(10,11)),(((12,13),14),15)),(((((((26,27),28),29),(25,24)),((((30,31),32),(33,34)),(35,36))),((16,((17,18),19)),((20,21),(22,23)))),((0,(1,(2,3))),(4,5))));
Tree Score: 12610.019800924289
Score Improvement: 0.04212143676922131

Step Number: 6
Time Spent: 56.202036238 seconds
New Tree:
Tree: (((((8,9),(6,7)),(10,11)),(((12,13),14),15)),(((((((26,27),28),29),(25,24)),((((30,31),32),(33,34)),(35,36))),((0,(1,(2,3))),(4,5))),((16,((17,18),19)),((20,21),(22,23)))));
Tree Score: 13924.173603388772
Score Improvement: 0.10421504670184256

Step Number: 7
Time Spent: 56.102605787 seconds
New Tree:
Tree: (((((8,9),(6,7)),(10,11)),(((12,13),14),15)),(((((0,(1,(2,3))),(4,5)),((((30,31),32),(33,34)),(35,36))),((((26,27),28),29),(25,24))),((16,((17,18),19)),((20,21),(22,23)))));
Tree Score: 15097.39747861167
Score Improvement: 0.08425806145776349

Step Number: 8
Time Spent: 56.099661627 seconds
New Tree:
Tree: (((((8,9),(6,7)),(10,11)),((15,14),(12,13))),(((((0,(1,(2,3))),(4,5)),((((30,31),32),(33,34)),(35,36))),((((26,27),28),29),(25,24))),((16,((17,18),19)),((20,21),(22,23)))));
Tree Score: 15287.600353611164
Score Improvement: 0.012598388249958514

Step Number: 9
Time Spent: 55.934654401 seconds
New Tree:
Tree: (((((8,9),(6,7)),(10,11)),((15,14),(12,13))),(((((0,(1,(2,3))),(4,5)),((((30,31),32),(33,34)),(35,36))),((((26,27),28),29),(25,24))),(((17,18),(16,19)),((20,21),(22,23)))));
Tree Score: 15439.173478348177
Score Improvement: 0.009914775454030522

Step Number: 10
Time Spent: 51.026265562 seconds
New Tree:
Tree: (((((8,9),(6,7)),(10,11)),((15,14),(12,13))),(((((0,(1,(2,3))),(4,5)),((((30,31),32),(33,34)),(35,36))),(((25,24),29),((26,27),28))),(((17,18),(16,19)),((20,21),(22,23)))));
Tree Score: 15565.815027298868
Score Improvement: 0.008202611955121286

Step Number: 11
Time Spent: 45.64558489 seconds
New Tree:
Tree: (((((8,9),(6,7)),(10,11)),((15,14),(12,13))),(((((0,(1,(2,3))),(4,5)),(((35,36),(33,34)),((30,31),32))),(((25,24),29),((26,27),28))),(((17,18),(16,19)),((20,21),(22,23)))));
Tree Score: 15647.551401241213
Score Improvement: 0.005251017938925795

Step Number: 12
Time Spent: 45.347659924 seconds
New Tree:
Tree: (((((8,9),(10,11)),(6,7)),((15,14),(12,13))),(((((0,(1,(2,3))),(4,5)),(((35,36),(33,34)),((30,31),32))),(((25,24),29),((26,27),28))),(((17,18),(16,19)),((20,21),(22,23)))));
Tree Score: 15711.190976864189
Score Improvement: 0.004067062889975714

Step Number: 13
Time Spent: 45.184163574 seconds
New Tree:
Tree: (((((8,9),(10,11)),(6,7)),((15,14),(12,13))),(((((0,(1,(2,3))),(4,5)),(((35,36),(33,34)),((30,31),32))),(((25,24),29),((28,27),26))),(((17,18),(16,19)),((20,21),(22,23)))));
Tree Score: 15749.119927033778
Score Improvement: 0.002414135900037362

Step Number: 14
Time Spent: 45.128889925 seconds
New Tree:
Tree: (((((8,9),(10,11)),(6,7)),((15,14),(12,13))),((((((2,3),(1,0)),(4,5)),(((35,36),(33,34)),((30,31),32))),(((25,24),29),((28,27),26))),(((17,18),(16,19)),((20,21),(22,23)))));
Tree Score: 15785.18332694098
Score Improvement: 0.0022898676290665776

Step Number: 15
Time Spent: 45.257876788 seconds
New Tree:
Tree: (((((8,9),(10,11)),(6,7)),((15,14),(12,13))),((((((2,3),(1,0)),(4,5)),(((35,36),(33,34)),((30,31),32))),(((25,29),24),((28,27),26))),(((17,18),(16,19)),((20,21),(22,23)))));
Tree Score: 15813.988152174974
Score Improvement: 0.0018248014379935729

Step Number: 16
Time Spent: 51.274092887 seconds
New Tree:
Tree: (((((8,9),(10,11)),(6,7)),((15,14),(12,13))),((((((2,3),(1,0)),(4,5)),(((35,36),(33,34)),((30,32),31))),(((25,29),24),((28,27),26))),(((17,18),(16,19)),((20,21),(22,23)))));
Tree Score: 15814.065952365982
Score Improvement: 4.919707176975763E-6

Step Number: 17
Time Spent: 55.817357013 seconds
New Tree:
Tree: (((((8,9),(10,11)),(6,7)),((15,14),(12,13))),((((((2,3),(1,0)),(4,5)),(((35,36),(33,34)),((30,32),31))),(((25,29),24),((28,27),26))),(((17,18),(16,19)),((20,21),(22,23)))));
Tree Score: 15814.065952365982
Score Improvement: 0.0

TOTAL STEPS: 17
TOTAL TIME: 873.606072833 seconds
Final tree: Tree: (((((8,9),(10,11)),(6,7)),((15,14),(12,13))),((((((2,3),(1,0)),(4,5)),(((35,36),(33,34)),((30,32),31))),(((25,29),24),((28,27),26))),(((17,18),(16,19)),((20,21),(22,23)))));
Tree Score: 15814.065952365982
Total Score Improvement: 0.466690571965223

--------------ITERATION 2--------------
Input tree: (((0,(1,2)),((((((3,4),(5,6)),(7,8)),((9,(10,(11,12))),13)),(((14,15),(16,17)),((18,19),20))),((21,(22,(23,24))),25))),((26,(27,28)),((29,30),(((31,32),33),((34,35),36)))));
Initial Score: 10254.443426702408

Step Number: 1
Time Spent: 56.132277926 seconds
New Tree:
Tree: (((((((3,4),(5,6)),(7,8)),((9,(10,(11,12))),13)),(((14,15),(16,17)),((18,19),20))),((0,(1,2)),((21,(22,(23,24))),25))),((26,(27,28)),((29,30),(((31,32),33),((34,35),36)))));
Tree Score: 10877.622249572949
Score Improvement: 0.06077158914815328

Step Number: 2
Time Spent: 55.98024302 seconds
New Tree:
Tree: (((((((3,4),(5,6)),(7,8)),((9,(10,(11,12))),13)),(((14,15),(16,17)),((18,19),20))),((0,(1,2)),((21,(22,(23,24))),25))),((((31,32),33),((34,35),36)),((29,30),(26,(27,28)))));
Tree Score: 11505.874849810472
Score Improvement: 0.057756427445546654

Step Number: 3
Time Spent: 38.293721569 seconds
New Tree:
Tree: ((((29,30),(26,(27,28))),((0,(1,2)),((21,(22,(23,24))),25))),((((31,32),33),((34,35),36)),(((((3,4),(5,6)),(7,8)),((9,(10,(11,12))),13)),(((14,15),(16,17)),((18,19),20)))));
Tree Score: 11997.041625226066
Score Improvement: 0.04268834676432132

Step Number: 4
Time Spent: 26.911650568 seconds
New Tree:
Tree: ((((29,30),(26,(27,28))),((0,(1,2)),((21,(22,(23,24))),25))),((((31,32),33),((34,35),36)),(((((3,4),(5,6)),(7,8)),((9,13),(10,(11,12)))),(((14,15),(16,17)),((18,19),20)))));
Tree Score: 12204.719950382048
Score Improvement: 0.017310794747873448

Step Number: 5
Time Spent: 26.791030969 seconds
New Tree:
Tree: ((((29,30),(26,(27,28))),((21,(22,(23,24))),((0,(1,2)),25))),((((31,32),33),((34,35),36)),(((((3,4),(5,6)),(7,8)),((9,13),(10,(11,12)))),(((14,15),(16,17)),((18,19),20)))));
Tree Score: 12315.220276462092
Score Improvement: 0.009053900993163388

Step Number: 6
Time Spent: 26.784887171 seconds
New Tree:
Tree: ((((29,30),(26,(27,28))),((21,(22,(23,24))),((0,(1,2)),25))),((((31,32),33),((34,35),36)),(((((3,4),(7,8)),(5,6)),((9,13),(10,(11,12)))),(((14,15),(16,17)),((18,19),20)))));
Tree Score: 12422.742026542288
Score Improvement: 0.008730802021113648

Step Number: 7
Time Spent: 26.820714213 seconds
New Tree:
Tree: ((((29,30),(26,(27,28))),((21,(22,(23,24))),((0,25),(1,2)))),((((31,32),33),((34,35),36)),(((((3,4),(7,8)),(5,6)),((9,13),(10,(11,12)))),(((14,15),(16,17)),((18,19),20)))));
Tree Score: 12509.404001393796
Score Improvement: 0.006976074578892932

Step Number: 8
Time Spent: 26.781643323 seconds
New Tree:
Tree: ((((29,30),(26,(27,28))),(((23,24),(22,21)),((0,25),(1,2)))),((((31,32),33),((34,35),36)),(((((3,4),(7,8)),(5,6)),((9,13),(10,(11,12)))),(((14,15),(16,17)),((18,19),20)))));
Tree Score: 12548.648825813641
Score Improvement: 0.0031372257555575267

Step Number: 9
Time Spent: 26.820790968 seconds
New Tree:
Tree: ((((29,30),(26,(27,28))),((((0,25),(1,2)),(22,21)),(23,24))),((((31,32),33),((34,35),36)),(((((3,4),(7,8)),(5,6)),((9,13),(10,(11,12)))),(((14,15),(16,17)),((18,19),20)))));
Tree Score: 12585.716625860605
Score Improvement: 0.0029539275950341004

Step Number: 10
Time Spent: 27.035144344 seconds
New Tree:
Tree: ((((29,30),(26,(27,28))),((((0,25),(1,2)),(22,21)),(23,24))),((((31,32),33),((34,35),36)),(((((3,4),(7,8)),(5,6)),((11,12),(10,(9,13)))),(((14,15),(16,17)),((18,19),20)))));
Tree Score: 12600.702450255576
Score Improvement: 0.0011907009223597331

Step Number: 11
Time Spent: 27.017235992 seconds
New Tree:
Tree: ((((29,30),(26,(27,28))),((((0,25),(1,2)),(22,21)),(23,24))),((((33,32),31),((34,35),36)),(((((3,4),(7,8)),(5,6)),((11,12),(10,(9,13)))),(((14,15),(16,17)),((18,19),20)))));
Tree Score: 12615.196225153926
Score Improvement: 0.0011502354694563621

Step Number: 12
Time Spent: 27.025085174 seconds
New Tree:
Tree: ((((27,28),(26,(29,30))),((((0,25),(1,2)),(22,21)),(23,24))),((((33,32),31),((34,35),36)),(((((3,4),(7,8)),(5,6)),((11,12),(10,(9,13)))),(((14,15),(16,17)),((18,19),20)))));
Tree Score: 12625.655375377453
Score Improvement: 8.290913622628349E-4

Step Number: 13
Time Spent: 27.041398771 seconds
New Tree:
Tree: ((((27,28),(30,(29,26))),((((0,25),(1,2)),(22,21)),(23,24))),((((33,32),31),((34,35),36)),(((((3,4),(7,8)),(5,6)),((11,12),(10,(9,13)))),(((14,15),(16,17)),((18,19),20)))));
Tree Score: 12631.619900438182
Score Improvement: 4.7241310517320834E-4

Step Number: 14
Time Spent: 21.244488912 seconds
New Tree:
Tree: ((((27,28),(30,(29,26))),((((0,25),(1,2)),(22,21)),(23,24))),((((33,32),31),((34,35),36)),(((((3,4),(7,8)),(5,6)),((11,12),(9,(10,13)))),(((14,15),(16,17)),((18,19),20)))));
Tree Score: 12635.860475461177
Score Improvement: 3.3571110090546696E-4

Step Number: 15
Time Spent: 18.654647843 seconds
New Tree:
Tree: ((((27,28),(30,(29,26))),((((0,25),(1,2)),(22,21)),(23,24))),((((33,32),31),((34,35),36)),(((((3,4),(7,8)),(5,6)),((10,13),(9,(11,12)))),(((14,15),(16,17)),((18,19),20)))));
Tree Score: 12638.119600907845
Score Improvement: 1.787868306282192E-4

Step Number: 16
Time Spent: 18.65431952 seconds
New Tree:
Tree: ((((29,26),(30,(27,28))),((((0,25),(1,2)),(22,21)),(23,24))),((((33,32),31),((34,35),36)),(((((3,4),(7,8)),(5,6)),((10,13),(9,(11,12)))),(((14,15),(16,17)),((18,19),20)))));
Tree Score: 12638.66710067628
Score Improvement: 4.3321299823428916E-5

Step Number: 17
Time Spent: 18.654454942 seconds
New Tree:
Tree: ((((29,26),(30,(27,28))),((((0,25),(1,2)),(22,21)),(23,24))),((((33,32),31),((34,35),36)),(((((3,4),(7,8)),(5,6)),((10,13),(9,(11,12)))),(((14,15),(16,17)),((18,19),20)))));
Tree Score: 12638.66710067628
Score Improvement: 0.0

TOTAL STEPS: 17
TOTAL TIME: 496.643735225 seconds
Final tree: Tree: ((((29,26),(30,(27,28))),((((0,25),(1,2)),(22,21)),(23,24))),((((33,32),31),((34,35),36)),(((((3,4),(7,8)),(5,6)),((10,13),(9,(11,12)))),(((14,15),(16,17)),((18,19),20)))));
Tree Score: 12638.66710067628
Total Score Improvement: 0.23250639500973724

--------------ITERATION 3--------------
Input tree: ((0,(((1,2),(3,4)),5)),((((6,(((7,8),((9,10),((11,(12,13)),(14,(((15,16),(17,18)),19))))),(((20,(21,22)),(23,24)),(25,(26,((27,28),29)))))),((30,31),32)),(33,34)),(35,36)));
Initial Score: 7404.3826777832

Step Number: 1
Time Spent: 19.98695323 seconds
New Tree:
Tree: ((0,(((1,2),(3,4)),5)),((((6,((30,31),32)),(((7,8),((9,10),((11,(12,13)),(14,(((15,16),(17,18)),19))))),(((20,(21,22)),(23,24)),(25,(26,((27,28),29)))))),(33,34)),(35,36)));
Tree Score: 9693.868502967001
Score Improvement: 0.3092068474598684

Step Number: 2
Time Spent: 19.398828999 seconds
New Tree:
Tree: ((0,(((1,2),(3,4)),5)),((((6,((30,31),32)),((((11,(12,13)),(14,(((15,16),(17,18)),19))),((9,10),(7,8))),(((20,(21,22)),(23,24)),(25,(26,((27,28),29)))))),(33,34)),(35,36)));
Tree Score: 11191.020628797007
Score Improvement: 0.1544432055553231

Step Number: 3
Time Spent: 28.172918778 seconds
New Tree:
Tree: ((0,(((1,2),(3,4)),5)),((((6,((30,31),32)),(33,34)),((((11,(12,13)),(14,(((15,16),(17,18)),19))),((9,10),(7,8))),(((20,(21,22)),(23,24)),(25,(26,((27,28),29)))))),(35,36)));
Tree Score: 12461.345454472466
Score Improvement: 0.11351286605679456

Step Number: 4
Time Spent: 27.600685884 seconds
New Tree:
Tree: ((0,(((1,2),(3,4)),5)),((((6,((30,31),32)),(33,34)),((((11,(12,13)),((9,10),(7,8))),(14,(((15,16),(17,18)),19))),(((20,(21,22)),(23,24)),(25,(26,((27,28),29)))))),(35,36)));
Tree Score: 12892.628102469724
Score Improvement: 0.034609637424221074

Step Number: 5
Time Spent: 20.545410768 seconds
New Tree:
Tree: ((0,(((1,2),(3,4)),5)),((((6,((30,31),32)),(33,34)),((((11,(12,13)),((9,10),(7,8))),(((15,16),(17,18)),(14,19))),(((20,(21,22)),(23,24)),(25,(26,((27,28),29)))))),(35,36)));
Tree Score: 13350.069828563057
Score Improvement: 0.03548087499752706

Step Number: 6
Time Spent: 18.921820157 seconds
New Tree:
Tree: ((0,(((1,2),(3,4)),5)),((((6,((30,31),32)),(33,34)),((((11,(12,13)),((9,10),(7,8))),(((15,16),(17,18)),(14,19))),((26,((27,28),29)),(25,((20,(21,22)),(23,24)))))),(35,36)));
Tree Score: 13587.51017760134
Score Improvement: 0.01778570090549403

Step Number: 7
Time Spent: 18.91119171 seconds
New Tree:
Tree: ((0,(((1,2),(3,4)),5)),((((6,((30,31),32)),(33,34)),((((11,(12,13)),((9,10),(7,8))),(((15,16),(14,19)),(17,18))),((26,((27,28),29)),(25,((20,(21,22)),(23,24)))))),(35,36)));
Tree Score: 13716.49852764378
Score Improvement: 0.009493155725842639

Step Number: 8
Time Spent: 18.916942022 seconds
New Tree:
Tree: ((0,(((1,2),(3,4)),5)),((((6,((30,31),32)),(33,34)),((((11,(12,13)),((9,10),(7,8))),(((15,16),(14,19)),(17,18))),(((27,28),(26,29)),(25,((20,(21,22)),(23,24)))))),(35,36)));
Tree Score: 13841.814428246624
Score Improvement: 0.009136143626617743

Step Number: 9
Time Spent: 18.926070138 seconds
New Tree:
Tree: ((0,((5,(3,4)),(1,2))),((((6,((30,31),32)),(33,34)),((((11,(12,13)),((9,10),(7,8))),(((15,16),(14,19)),(17,18))),(((27,28),(26,29)),(25,((20,(21,22)),(23,24)))))),(35,36)));
Tree Score: 13939.926227995704
Score Improvement: 0.007088073623416458

Step Number: 10
Time Spent: 18.839229486 seconds
New Tree:
Tree: ((0,((5,(3,4)),(1,2))),((((6,((30,31),32)),(33,34)),((((11,(12,13)),((9,10),(7,8))),(((15,16),(14,19)),(17,18))),(((27,28),(26,29)),((20,(21,22)),(25,(23,24)))))),(35,36)));
Tree Score: 13980.840152440564
Score Improvement: 0.0029350172860092005

Step Number: 11
Time Spent: 18.830642222 seconds
New Tree:
Tree: ((0,((5,(3,4)),(1,2))),((((6,(33,34)),((30,31),32)),((((11,(12,13)),((9,10),(7,8))),(((15,16),(14,19)),(17,18))),(((27,28),(26,29)),((20,(21,22)),(25,(23,24)))))),(35,36)));
Tree Score: 14011.497476899269
Score Improvement: 0.0021928098829850917

Step Number: 12
Time Spent: 18.785717444 seconds
New Tree:
Tree: ((0,((5,(3,4)),(1,2))),((((6,(33,34)),((30,31),32)),((((11,(12,13)),((9,10),(7,8))),((14,((15,16),19)),(17,18))),(((27,28),(26,29)),((20,(21,22)),(25,(23,24)))))),(35,36)));
Tree Score: 14025.2150769348
Score Improvement: 9.790245516689833E-4

Step Number: 13
Time Spent: 21.871743676 seconds
New Tree:
Tree: ((0,((5,(3,4)),(1,2))),((((6,(33,34)),((30,31),32)),((((13,(12,11)),((9,10),(7,8))),((14,((15,16),19)),(17,18))),(((27,28),(26,29)),((20,(21,22)),(25,(23,24)))))),(35,36)));
Tree Score: 14030.509026974694
Score Improvement: 3.774594550496335E-4

Step Number: 14
Time Spent: 27.2500084 seconds
New Tree:
Tree: ((0,((5,(3,4)),(1,2))),((((6,(33,34)),((30,31),32)),((((13,(12,11)),((9,10),(7,8))),((14,((19,16),15)),(17,18))),(((27,28),(26,29)),((20,(21,22)),(25,(23,24)))))),(35,36)));
Tree Score: 14034.19125187958
Score Improvement: 2.624441421053003E-4

Step Number: 15
Time Spent: 27.258297372 seconds
New Tree:
Tree: ((0,((5,(3,4)),(1,2))),((((6,(33,34)),((30,31),32)),((((13,(12,11)),((9,10),(7,8))),(((19,16),(14,15)),(17,18))),(((27,28),(26,29)),((20,(21,22)),(25,(23,24)))))),(35,36)));
Tree Score: 14047.53525172735
Score Improvement: 9.508207212141073E-4

Step Number: 16
Time Spent: 26.025475028 seconds
New Tree:
Tree: ((0,((5,(3,4)),(1,2))),((((33,(6,34)),((30,31),32)),((((13,(12,11)),((9,10),(7,8))),(((19,16),(14,15)),(17,18))),(((27,28),(26,29)),((20,(21,22)),(25,(23,24)))))),(35,36)));
Tree Score: 14051.134377124275
Score Improvement: 2.5621045488977146E-4

Step Number: 17
Time Spent: 18.93480861 seconds
New Tree:
Tree: ((0,(35,36)),((((33,(6,34)),((30,31),32)),((((13,(12,11)),((9,10),(7,8))),(((19,16),(14,15)),(17,18))),(((27,28),(26,29)),((20,(21,22)),(25,(23,24)))))),((5,(3,4)),(1,2))));
Tree Score: 14054.467877225507
Score Improvement: 2.3724063920838034E-4

Step Number: 18
Time Spent: 18.910273506 seconds
New Tree:
Tree: ((0,(35,36)),((1,2),((5,(3,4)),(((33,(6,34)),((30,31),32)),((((13,(12,11)),((9,10),(7,8))),(((19,16),(14,15)),(17,18))),(((27,28),(26,29)),((20,(21,22)),(25,(23,24)))))))));
Tree Score: 14145.574402635473
Score Improvement: 0.006482388817978579

Step Number: 19
Time Spent: 19.104332262 seconds
New Tree:
Tree: ((((5,(3,4)),(((33,(6,34)),((30,31),32)),((((13,(12,11)),((9,10),(7,8))),(((19,16),(14,15)),(17,18))),(((27,28),(26,29)),((20,(21,22)),(25,(23,24))))))),(35,36)),((1,2),0));
Tree Score: 14153.823702682297
Score Improvement: 5.831717972009098E-4

Step Number: 20
Time Spent: 20.03653258 seconds
New Tree:
Tree: (((((((13,(12,11)),((9,10),(7,8))),(((19,16),(14,15)),(17,18))),(((27,28),(26,29)),((20,(21,22)),(25,(23,24))))),(((33,(6,34)),((30,31),32)),(5,(3,4)))),(35,36)),((1,2),0));
Tree Score: 14159.544701328057
Score Improvement: 4.042016324306008E-4

Step Number: 21
Time Spent: 20.396136059 seconds
New Tree:
Tree: (((((((13,(12,11)),((9,10),(7,8))),(((19,16),(14,15)),(17,18))),(((27,28),(26,29)),((21,(20,22)),(25,(23,24))))),(((33,(6,34)),((30,31),32)),(5,(3,4)))),(35,36)),((1,2),0));
Tree Score: 14161.450075940716
Score Improvement: 1.3456468077532868E-4

Step Number: 22
Time Spent: 20.412397275 seconds
New Tree:
Tree: (((((((13,(12,11)),((9,10),(7,8))),(((19,16),(14,15)),(17,18))),(((27,28),(26,29)),((21,(20,22)),(25,(23,24))))),(((33,(6,34)),((30,32),31)),(5,(3,4)))),(35,36)),((1,2),0));
Tree Score: 14161.486150986071
Score Improvement: 2.547411823039525E-6

Step Number: 23
Time Spent: 20.430172511 seconds
New Tree:
Tree: (((((((13,(12,11)),((9,10),(7,8))),(((19,16),(14,15)),(17,18))),(((27,28),(26,29)),((21,(20,22)),(25,(23,24))))),(((33,(6,34)),((30,32),31)),(5,(3,4)))),(35,36)),((1,2),0));
Tree Score: 14161.486150986071
Score Improvement: 0.0

TOTAL STEPS: 23
TOTAL TIME: 488.466588117 seconds
Final tree: Tree: (((((((13,(12,11)),((9,10),(7,8))),(((19,16),(14,15)),(17,18))),(((27,28),(26,29)),((21,(20,22)),(25,(23,24))))),(((33,(6,34)),((30,32),31)),(5,(3,4)))),(35,36)),((1,2),0));
Tree Score: 14161.486150986071
Total Score Improvement: 0.9125816110879188

--------------ITERATION 4--------------
Input tree: (0,(((1,2),(((3,4),((5,(6,7)),(8,9))),(((10,((11,12),13)),(14,15)),16))),((17,(18,19)),((((20,21),(22,(23,((24,25),26)))),27),(((28,29),30),((((31,32),(33,34)),35),36))))));
Initial Score: 7768.296500665016

Step Number: 1
Time Spent: 19.28925948 seconds
New Tree:
Tree: (0,(((1,2),(((3,4),((5,(6,7)),(8,9))),((16,(14,15)),(10,((11,12),13))))),((17,(18,19)),((((20,21),(22,(23,((24,25),26)))),27),(((28,29),30),((((31,32),(33,34)),35),36))))));
Tree Score: 8472.60607551783
Score Improvement: 0.09066461029036676

Step Number: 2
Time Spent: 19.075955819 seconds
New Tree:
Tree: (0,(((1,2),(((3,4),((5,(6,7)),(8,9))),((16,(14,15)),(10,((11,12),13))))),((17,(18,19)),(((((31,32),(33,34)),35),36),(((28,29),30),(((20,21),(22,(23,((24,25),26)))),27))))));
Tree Score: 9102.62850240315
Score Improvement: 0.07435993379956751

Step Number: 3
Time Spent: 19.048797476 seconds
New Tree:
Tree: (0,((((17,(18,19)),(((((31,32),(33,34)),35),36),(((28,29),30),(((20,21),(22,(23,((24,25),26)))),27)))),(((3,4),((5,(6,7)),(8,9))),((16,(14,15)),(10,((11,12),13))))),(1,2)));
Tree Score: 9684.210376534564
Score Improvement: 0.06389164118670476

Step Number: 4
Time Spent: 27.937373113 seconds
New Tree:
Tree: (0,((((17,(18,19)),(((36,35),((31,32),(33,34))),(((28,29),30),(((20,21),(22,(23,((24,25),26)))),27)))),(((3,4),((5,(6,7)),(8,9))),((16,(14,15)),(10,((11,12),13))))),(1,2)));
Tree Score: 10258.32855232614
Score Improvement: 0.059283942982351956

Step Number: 5
Time Spent: 28.133140954 seconds
New Tree:
Tree: (0,((((17,(18,19)),(((36,35),((31,32),(33,34))),(((20,21),(22,(23,((24,25),26)))),(((28,29),30),27)))),(((3,4),((5,(6,7)),(8,9))),((16,(14,15)),(10,((11,12),13))))),(1,2)));
Tree Score: 10484.750577223265
Score Improvement: 0.0220720192126993

Step Number: 6
Time Spent: 28.102980344 seconds
New Tree:
Tree: (0,((((17,(18,19)),(((36,35),((31,32),(33,34))),(((20,21),(22,(23,((24,25),26)))),((27,30),(28,29))))),(((3,4),((5,(6,7)),(8,9))),((16,(14,15)),(10,((11,12),13))))),(1,2)));
Tree Score: 10662.504577005991
Score Improvement: 0.01695357447690493

Step Number: 7
Time Spent: 27.970197189 seconds
New Tree:
Tree: (0,((((((3,4),((5,(6,7)),(8,9))),((16,(14,15)),(10,((11,12),13)))),(((36,35),((31,32),(33,34))),(((20,21),(22,(23,((24,25),26)))),((27,30),(28,29))))),(17,(18,19))),(1,2)));
Tree Score: 10810.514577099391
Score Improvement: 0.013881353956235465

Step Number: 8
Time Spent: 29.04662248 seconds
New Tree:
Tree: (0,(((((36,35),((31,32),(33,34))),((((3,4),((5,(6,7)),(8,9))),((16,(14,15)),(10,((11,12),13)))),(((20,21),(22,(23,((24,25),26)))),((27,30),(28,29))))),(17,(18,19))),(1,2)));
Tree Score: 11657.255901810193
Score Improvement: 0.07832571878719885

Step Number: 9
Time Spent: 29.18629492 seconds
New Tree:
Tree: (0,((((((((3,4),((5,(6,7)),(8,9))),((16,(14,15)),(10,((11,12),13)))),(((20,21),(22,(23,((24,25),26)))),((27,30),(28,29)))),((31,32),(33,34))),(36,35)),(17,(18,19))),(1,2)));
Tree Score: 11882.542452773461
Score Improvement: 0.019325864754181632

Step Number: 10
Time Spent: 27.498083032 seconds
New Tree:
Tree: (0,((((((((3,4),((5,(6,7)),(8,9))),((16,(14,15)),(10,((11,12),13)))),(((20,21),(((24,25),26),(23,22))),((27,30),(28,29)))),((31,32),(33,34))),(36,35)),(17,(18,19))),(1,2)));
Tree Score: 12003.712803437582
Score Improvement: 0.010197342121495145

Step Number: 11
Time Spent: 21.563487019 seconds
New Tree:
Tree: (0,((((((((3,4),((5,(6,7)),(8,9))),((16,(14,15)),(10,((11,12),13)))),(((20,21),((27,30),(28,29))),(((24,25),26),(23,22)))),((31,32),(33,34))),(36,35)),(17,(18,19))),(1,2)));
Tree Score: 12068.485929671475
Score Improvement: 0.0053960909674000135

Step Number: 12
Time Spent: 21.539123446 seconds
New Tree:
Tree: (0,((((((((3,4),((5,(6,7)),(8,9))),((16,(14,15)),(10,((11,12),13)))),(((28,29),((27,30),(20,21))),(((24,25),26),(23,22)))),((31,32),(33,34))),(36,35)),(17,(18,19))),(1,2)));
Tree Score: 12157.968704651434
Score Improvement: 0.007414581704897838

Step Number: 13
Time Spent: 21.537420018 seconds
New Tree:
Tree: (0,((((((((3,4),((5,(6,7)),(8,9))),(((11,12),13),(10,(16,(14,15))))),(((28,29),((27,30),(20,21))),(((24,25),26),(23,22)))),((31,32),(33,34))),(36,35)),(17,(18,19))),(1,2)));
Tree Score: 12220.395380101374
Score Improvement: 0.005134630378350602

Step Number: 14
Time Spent: 21.536960462 seconds
New Tree:
Tree: (0,((((((((3,4),((5,(6,7)),(8,9))),(((11,12),13),(10,(16,(14,15))))),(((28,29),((27,30),(20,21))),(((23,22),26),(24,25)))),((31,32),(33,34))),(36,35)),(17,(18,19))),(1,2)));
Tree Score: 12268.606630013823
Score Improvement: 0.003945146487727591

Step Number: 15
Time Spent: 21.528385209 seconds
New Tree:
Tree: (0,((((((((3,4),((5,(6,7)),(8,9))),(((11,12),13),(10,(16,(14,15))))),(((28,29),((27,30),(20,21))),(((23,22),26),(24,25)))),((31,32),(33,34))),(17,(18,19))),(36,35)),(1,2)));
Tree Score: 12299.6277544849
Score Improvement: 0.0025284961370581893

Step Number: 16
Time Spent: 21.521466941 seconds
New Tree:
Tree: (0,(((((17,(18,19)),((31,32),(33,34))),((((3,4),((5,(6,7)),(8,9))),(((11,12),13),(10,(16,(14,15))))),(((28,29),((27,30),(20,21))),(((23,22),26),(24,25))))),(36,35)),(1,2)));
Tree Score: 12477.517554594924
Score Improvement: 0.014463023081747961

Step Number: 17
Time Spent: 20.227042979 seconds
New Tree:
Tree: (0,(((((17,(18,19)),((31,32),(33,34))),((((3,4),((5,(6,7)),(8,9))),(((11,12),13),((14,15),(16,10)))),(((28,29),((27,30),(20,21))),(((23,22),26),(24,25))))),(36,35)),(1,2)));
Tree Score: 12500.891654656174
Score Improvement: 0.0018732973092585592

Step Number: 18
Time Spent: 20.279839217 seconds
New Tree:
Tree: (0,(((((17,(18,19)),((31,32),(33,34))),((((3,4),((5,(6,7)),(8,9))),(((11,12),13),((14,15),(16,10)))),(((28,29),((27,30),(20,21))),(((23,26),22),(24,25))))),(36,35)),(1,2)));
Tree Score: 12518.416079549374
Score Improvement: 0.0014018539938847052

Step Number: 19
Time Spent: 20.285352419 seconds
New Tree:
Tree: (0,(((((17,(18,19)),((31,32),(33,34))),((((3,4),((6,(5,7)),(8,9))),(((11,12),13),((14,15),(16,10)))),(((28,29),((27,30),(20,21))),(((23,26),22),(24,25))))),(36,35)),(1,2)));
Tree Score: 12533.33122952353
Score Improvement: 0.001191456641109978

Step Number: 20
Time Spent: 20.28383784 seconds
New Tree:
Tree: (0,(((((19,(18,17)),((31,32),(33,34))),((((3,4),((6,(5,7)),(8,9))),(((11,12),13),((14,15),(16,10)))),(((28,29),((27,30),(20,21))),(((23,26),22),(24,25))))),(36,35)),(1,2)));
Tree Score: 12546.864080176463
Score Improvement: 0.0010797489035521135

Step Number: 21
Time Spent: 20.263997259 seconds
New Tree:
Tree: (0,(((((19,(18,17)),((31,32),(33,34))),((((6,(5,7)),((3,4),(8,9))),(((11,12),13),((14,15),(16,10)))),(((28,29),((27,30),(20,21))),(((23,26),22),(24,25))))),(36,35)),(1,2)));
Tree Score: 12556.39745504794
Score Improvement: 7.598213235240348E-4

Step Number: 22
Time Spent: 25.126643969 seconds
New Tree:
Tree: (0,(((((19,(18,17)),((31,32),(33,34))),((((6,(5,7)),((3,4),(8,9))),(((11,13),12),((14,15),(16,10)))),(((28,29),((27,30),(20,21))),(((23,26),22),(24,25))))),(36,35)),(1,2)));
Tree Score: 12561.611955043052
Score Improvement: 4.152863123185746E-4

Step Number: 23
Time Spent: 29.184938811 seconds
New Tree:
Tree: (0,(((((19,(18,17)),((31,32),(33,34))),((((6,(5,7)),((3,4),(8,9))),(((11,13),12),((14,15),(16,10)))),(((28,29),((27,30),(20,21))),(((23,26),22),(24,25))))),(36,35)),(1,2)));
Tree Score: 12561.611955043052
Score Improvement: 0.0

TOTAL STEPS: 23
TOTAL TIME: 540.167200396 seconds
Final tree: Tree: (0,(((((19,(18,17)),((31,32),(33,34))),((((6,(5,7)),((3,4),(8,9))),(((11,13),12),((14,15),(16,10)))),(((28,29),((27,30),(20,21))),(((23,26),22),(24,25))))),(36,35)),(1,2)));
Tree Score: 12561.611955043052
Total Score Improvement: 0.6170355951227786

--------------ITERATION 5--------------
Input tree: ((((((0,1),2),3),4),5),((((6,(7,8)),(9,10)),11),(((12,13),(((14,15),16),17)),((18,((19,20),21)),(((22,((23,24),(25,26))),(27,28)),((29,30),((31,32),((33,34),(35,36)))))))));
Initial Score: 9334.232473102546

Step Number: 1
Time Spent: 27.354839398 seconds
New Tree:
Tree: ((((((0,1),2),3),4),5),((((6,(7,8)),(9,10)),11),((((22,((23,24),(25,26))),(27,28)),((29,30),((31,32),((33,34),(35,36))))),((18,((19,20),21)),((12,13),(((14,15),16),17))))));
Tree Score: 10797.085525945286
Score Improvement: 0.15671915790163649

Step Number: 2
Time Spent: 27.867556692 seconds
New Tree:
Tree: ((((((0,1),2),3),4),5),((((6,(7,8)),(9,10)),11),((((22,((23,24),(25,26))),(27,28)),(((33,34),(35,36)),((31,32),(29,30)))),((18,((19,20),21)),((12,13),(((14,15),16),17))))));
Tree Score: 11345.181301136376
Score Improvement: 0.050763307734668084

Step Number: 3
Time Spent: 28.257855486 seconds
New Tree:
Tree: ((((((0,1),2),3),4),5),((((22,((23,24),(25,26))),(27,28)),(((33,34),(35,36)),((31,32),(29,30)))),((((6,(7,8)),(9,10)),11),((18,((19,20),21)),((12,13),(((14,15),16),17))))));
Tree Score: 11736.749950203948
Score Improvement: 0.03451409357630553

Step Number: 4
Time Spent: 22.830017771 seconds
New Tree:
Tree: ((((((0,1),2),3),4),5),((((22,((23,24),(25,26))),(27,28)),((((6,(7,8)),(9,10)),11),((18,((19,20),21)),((12,13),(((14,15),16),17))))),(((33,34),(35,36)),((31,32),(29,30)))));
Tree Score: 13409.298075473878
Score Improvement: 0.1425052192784313

Step Number: 5
Time Spent: 19.097658089 seconds
New Tree:
Tree: ((((((0,1),2),3),4),5),((((22,((23,24),(25,26))),(27,28)),(((11,(9,10)),(6,(7,8))),((18,((19,20),21)),((12,13),(((14,15),16),17))))),(((33,34),(35,36)),((31,32),(29,30)))));
Tree Score: 13660.25757542533
Score Improvement: 0.018715334578956577

Step Number: 6
Time Spent: 19.711899468 seconds
New Tree:
Tree: (((5,4),(((0,1),2),3)),((((22,((23,24),(25,26))),(27,28)),(((11,(9,10)),(6,(7,8))),((18,((19,20),21)),((12,13),(((14,15),16),17))))),(((33,34),(35,36)),((31,32),(29,30)))));
Tree Score: 13865.397150417335
Score Improvement: 0.015017255264721197

Step Number: 7
Time Spent: 26.786545622 seconds
New Tree:
Tree: (((5,4),(((0,1),2),3)),((((22,(27,28)),((23,24),(25,26))),(((11,(9,10)),(6,(7,8))),((18,((19,20),21)),((12,13),(((14,15),16),17))))),(((33,34),(35,36)),((31,32),(29,30)))));
Tree Score: 13986.191725942084
Score Improvement: 0.008711944866369281

Step Number: 8
Time Spent: 26.592886918 seconds
New Tree:
Tree: (((5,4),(((0,1),2),3)),((((22,(27,28)),((23,24),(25,26))),(((11,(9,10)),(6,(7,8))),(((19,20),(18,21)),((12,13),(((14,15),16),17))))),(((33,34),(35,36)),((31,32),(29,30)))));
Tree Score: 14102.862226110195
Score Improvement: 0.00834183475060657

Step Number: 9
Time Spent: 26.752692294 seconds
New Tree:
Tree: (((5,4),((3,2),(0,1))),((((22,(27,28)),((23,24),(25,26))),(((11,(9,10)),(6,(7,8))),(((19,20),(18,21)),((12,13),(((14,15),16),17))))),(((33,34),(35,36)),((31,32),(29,30)))));
Tree Score: 14140.96072612541
Score Improvement: 0.002701472892834289

Step Number: 10
Time Spent: 26.73908868 seconds
New Tree:
Tree: (((5,4),((3,2),(0,1))),((((22,(27,28)),((23,24),(25,26))),(((11,(9,10)),(6,(7,8))),(((19,20),(18,21)),((12,13),((17,16),(14,15)))))),(((33,34),(35,36)),((31,32),(29,30)))));
Tree Score: 14165.695150911004
Score Improvement: 0.0017491332636188073

Step Number: 11
Time Spent: 26.630666652 seconds
New Tree:
Tree: (((5,4),((3,2),(0,1))),((((23,24),((22,(27,28)),(25,26))),(((11,(9,10)),(6,(7,8))),(((19,20),(18,21)),((12,13),((17,16),(14,15)))))),(((33,34),(35,36)),((31,32),(29,30)))));
Tree Score: 14177.740825371711
Score Improvement: 8.503412174538649E-4

Step Number: 12
Time Spent: 26.6425088 seconds
New Tree:
Tree: (((5,4),((3,2),(0,1))),((((23,24),((22,(27,28)),(25,26))),(((11,(9,10)),(6,(7,8))),(((19,20),(18,21)),((12,13),((17,16),(14,15)))))),((31,32),(((33,34),(35,36)),(29,30)))));
Tree Score: 14180.362724658491
Score Improvement: 1.8493068247438238E-4

Step Number: 13
Time Spent: 22.776076413 seconds
New Tree:
Tree: (((5,4),((3,2),(0,1))),((((23,24),((22,(25,26)),(27,28))),(((11,(9,10)),(6,(7,8))),(((19,20),(18,21)),((12,13),((17,16),(14,15)))))),((31,32),(((33,34),(35,36)),(29,30)))));
Tree Score: 14181.019749641458
Score Improvement: 4.633343982263227E-5

Step Number: 14
Time Spent: 26.644405061 seconds
New Tree:
Tree: (((5,4),((3,2),(0,1))),((((22,(25,26)),((23,24),(27,28))),(((11,(9,10)),(6,(7,8))),(((19,20),(18,21)),((12,13),((17,16),(14,15)))))),((31,32),(((33,34),(35,36)),(29,30)))));
Tree Score: 14223.13077620386
Score Improvement: 0.002969534441517485

Step Number: 15
Time Spent: 25.345956425 seconds
New Tree:
Tree: (((5,4),((3,2),(0,1))),((((22,(25,26)),((23,24),(27,28))),(((10,(9,11)),(6,(7,8))),(((19,20),(18,21)),((12,13),((17,16),(14,15)))))),((31,32),(((33,34),(35,36)),(29,30)))));
Tree Score: 14223.471001274575
Score Improvement: 2.39205471754822E-5

Step Number: 16
Time Spent: 26.644997803 seconds
New Tree:
Tree: (((5,4),((3,2),(0,1))),((((22,(25,26)),((23,24),(27,28))),(((10,(9,11)),(7,(6,8))),(((19,20),(18,21)),((12,13),((17,16),(14,15)))))),((31,32),(((33,34),(35,36)),(29,30)))));
Tree Score: 14223.494551364489
Score Improvement: 1.655720316851017E-6

Step Number: 17
Time Spent: 26.644262585 seconds
New Tree:
Tree: (((5,4),((3,2),(0,1))),((((22,(25,26)),((23,24),(27,28))),(((10,(9,11)),(7,(6,8))),(((19,20),(18,21)),((12,13),((17,16),(14,15)))))),((31,32),(((33,34),(35,36)),(29,30)))));
Tree Score: 14223.494551364489
Score Improvement: 0.0

TOTAL STEPS: 17
TOTAL TIME: 433.319914157 seconds
Final tree: Tree: (((5,4),((3,2),(0,1))),((((22,(25,26)),((23,24),(27,28))),(((10,(9,11)),(7,(6,8))),(((19,20),(18,21)),((12,13),((17,16),(14,15)))))),((31,32),(((33,34),(35,36)),(29,30)))));
Tree Score: 14223.494551364489
Total Score Improvement: 0.523799047468638

--------------ITERATION 6--------------
Input tree: ((0,(1,(2,(3,4)))),((5,((6,7),(8,9))),((((10,11),((12,13),(14,15))),((16,17),(((18,(19,20)),(21,((22,23),24))),(((25,26),((27,28),29)),((30,31),32))))),((33,34),(35,36)))));
Initial Score: 9918.555403604489

Step Number: 1
Time Spent: 27.677635335 seconds
New Tree:
Tree: ((0,(1,(2,(3,4)))),((5,((6,7),(8,9))),((((10,11),((12,13),(14,15))),((((25,26),((27,28),29)),((30,31),32)),(((18,(19,20)),(21,((22,23),24))),(16,17)))),((33,34),(35,36)))));
Tree Score: 10655.370603240255
Score Improvement: 0.07428654372067145

Step Number: 2
Time Spent: 27.977733132 seconds
New Tree:
Tree: ((0,(1,(2,(3,4)))),((5,((6,7),(8,9))),(((((25,26),((27,28),29)),((30,31),32)),(((10,11),((12,13),(14,15))),(((18,(19,20)),(21,((22,23),24))),(16,17)))),((33,34),(35,36)))));
Tree Score: 11749.050202827595
Score Improvement: 0.10264116006014445

Step Number: 3
Time Spent: 28.264484123 seconds
New Tree:
Tree: ((0,(1,(2,(3,4)))),((5,((6,7),(8,9))),(((((25,26),((27,28),29)),((30,31),32)),(((10,11),((12,13),(14,15))),(((18,(19,20)),(16,17)),(21,((22,23),24))))),((33,34),(35,36)))));
Tree Score: 12062.59442754506
Score Improvement: 0.026686772062817887

Step Number: 4
Time Spent: 28.138296498 seconds
New Tree:
Tree: ((0,(1,(2,(3,4)))),(((((((25,26),((27,28),29)),((30,31),32)),(((10,11),((12,13),(14,15))),(((18,(19,20)),(16,17)),(21,((22,23),24))))),((33,34),(35,36))),((6,7),(8,9))),5));
Tree Score: 12320.386802769935
Score Improvement: 0.021371221321692113

Step Number: 5
Time Spent: 29.460840098 seconds
New Tree:
Tree: ((0,(1,(2,(3,4)))),(((((((25,26),((30,31),32)),((27,28),29)),(((10,11),((12,13),(14,15))),(((18,(19,20)),(16,17)),(21,((22,23),24))))),((33,34),(35,36))),((6,7),(8,9))),5));
Tree Score: 12534.285551439709
Score Improvement: 0.017361366334836426

Step Number: 6
Time Spent: 29.458994192 seconds
New Tree:
Tree: ((0,5),(((((((25,26),((30,31),32)),((27,28),29)),(((10,11),((12,13),(14,15))),(((18,(19,20)),(16,17)),(21,((22,23),24))))),((33,34),(35,36))),((6,7),(8,9))),(1,(2,(3,4)))));
Tree Score: 12718.36185142977
Score Improvement: 0.014685823075804905

Step Number: 7
Time Spent: 29.483794204 seconds
New Tree:
Tree: ((0,5),(((((((25,26),((30,31),32)),((27,28),29)),(((10,11),((12,13),(14,15))),(((18,(19,20)),(16,17)),((22,23),(21,24))))),((33,34),(35,36))),((6,7),(8,9))),(1,(2,(3,4)))));
Tree Score: 12824.671251626569
Score Improvement: 0.008358733729914025

Step Number: 8
Time Spent: 29.465934112 seconds
New Tree:
Tree: ((0,5),(1,(((((((25,26),((30,31),32)),((27,28),29)),(((10,11),((12,13),(14,15))),(((18,(19,20)),(16,17)),((22,23),(21,24))))),((33,34),(35,36))),((6,7),(8,9))),(2,(3,4)))));
Tree Score: 12916.528676789603
Score Improvement: 0.007162555933071912

Step Number: 9
Time Spent: 31.006503481 seconds
New Tree:
Tree: ((0,5),(1,(((((6,7),(8,9)),((33,34),(35,36))),((((25,26),((30,31),32)),((27,28),29)),(((10,11),((12,13),(14,15))),(((18,(19,20)),(16,17)),((22,23),(21,24)))))),(2,(3,4)))));
Tree Score: 13042.395277019255
Score Improvement: 0.009744615088094655

Step Number: 10
Time Spent: 29.325640852 seconds
New Tree:
Tree: ((0,5),(1,(((((6,7),(8,9)),((33,34),(35,36))),((((25,26),((30,31),32)),((27,28),29)),(((10,11),((12,13),(14,15))),(((18,(16,17)),(19,20)),((22,23),(21,24)))))),(2,(3,4)))));
Tree Score: 13098.880877332078
Score Improvement: 0.00433092228176446

Step Number: 11
Time Spent: 29.387677093 seconds
New Tree:
Tree: ((0,(((((6,7),(8,9)),((33,34),(35,36))),((((25,26),((30,31),32)),((27,28),29)),(((10,11),((12,13),(14,15))),(((18,(16,17)),(19,20)),((22,23),(21,24)))))),(2,(3,4)))),(1,5));
Tree Score: 13108.373427303755
Score Improvement: 7.24684044428825E-4

Step Number: 12
Time Spent: 29.404786811 seconds
New Tree:
Tree: ((0,(((((6,7),(8,9)),((33,34),(35,36))),((((25,26),((30,31),32)),((27,28),29)),(((10,11),((12,13),(14,15))),(((18,(16,17)),(19,20)),((22,23),(21,24)))))),(3,(2,4)))),(1,5));
Tree Score: 13116.715901944102
Score Improvement: 6.364233279294584E-4

Step Number: 13
Time Spent: 29.417735734 seconds
New Tree:
Tree: ((0,((((((33,34),(35,36)),(8,9)),(6,7)),((((25,26),((30,31),32)),((27,28),29)),(((10,11),((12,13),(14,15))),(((18,(16,17)),(19,20)),((22,23),(21,24)))))),(3,(2,4)))),(1,5));
Tree Score: 13124.955851881896
Score Improvement: 6.282022115438046E-4

Step Number: 14
Time Spent: 29.72378359 seconds
New Tree:
Tree: ((0,((((((33,34),(35,36)),(8,9)),(6,7)),((((25,26),((30,32),31)),((27,28),29)),(((10,11),((12,13),(14,15))),(((18,(16,17)),(19,20)),((22,23),(21,24)))))),(3,(2,4)))),(1,5));
Tree Score: 13125.147376980764
Score Improvement: 1.4592437569183048E-5

Step Number: 15
Time Spent: 29.718357622 seconds
New Tree:
Tree: ((0,((((((33,34),(35,36)),(8,9)),(6,7)),(((31,((30,32),(25,26))),((27,28),29)),(((10,11),((12,13),(14,15))),(((18,(16,17)),(19,20)),((22,23),(21,24)))))),(3,(2,4)))),(1,5));
Tree Score: 13125.218252274688
Score Improvement: 5.399961759522398E-6

Step Number: 16
Time Spent: 29.592920371 seconds
New Tree:
Tree: ((0,((((((33,34),(35,36)),(8,9)),(6,7)),(((31,((27,28),29)),((30,32),(25,26))),(((10,11),((12,13),(14,15))),(((18,(16,17)),(19,20)),((22,23),(21,24)))))),(3,(2,4)))),(1,5));
Tree Score: 13133.647452126272
Score Improvement: 6.422140713830959E-4

Step Number: 17
Time Spent: 29.534432208 seconds
New Tree:
Tree: ((0,((((((33,34),(35,36)),(8,9)),(6,7)),((((27,28),(31,29)),((30,32),(25,26))),(((10,11),((12,13),(14,15))),(((18,(16,17)),(19,20)),((22,23),(21,24)))))),(3,(2,4)))),(1,5));
Tree Score: 13235.543252390824
Score Improvement: 0.00775837790956202

Step Number: 18
Time Spent: 29.534777363 seconds
New Tree:
Tree: ((0,((((((33,34),(35,36)),(8,9)),(6,7)),((((27,28),(31,29)),((30,32),(25,26))),(((10,11),((12,13),(14,15))),(((17,(16,18)),(19,20)),((22,23),(21,24)))))),(3,(2,4)))),(1,5));
Tree Score: 13235.610602385612
Score Improvement: 5.08857048808764E-6

Step Number: 19
Time Spent: 29.541523123 seconds
New Tree:
Tree: ((0,((((((33,34),(35,36)),(8,9)),(6,7)),((((27,28),(31,29)),((30,32),(25,26))),(((10,11),((12,13),(14,15))),(((17,(16,18)),(19,20)),((22,23),(21,24)))))),(3,(2,4)))),(1,5));
Tree Score: 13235.610602385612
Score Improvement: 0.0

TOTAL STEPS: 19
TOTAL TIME: 556.115849942 seconds
Final tree: Tree: ((0,((((((33,34),(35,36)),(8,9)),(6,7)),((((27,28),(31,29)),((30,32),(25,26))),(((10,11),((12,13),(14,15))),(((17,(16,18)),(19,20)),((22,23),(21,24)))))),(3,(2,4)))),(1,5));
Tree Score: 13235.610602385612
Total Score Improvement: 0.334429265533535

--------------ITERATION 7--------------
Input tree: (((((0,1),2),3),((4,5),(((6,7),8),9))),(((((10,(11,12)),13),(((14,15),16),17)),18),((19,20),((((21,(22,23)),24),25),((26,27),((((28,29),30),((31,32),33)),(34,(35,36))))))));
Initial Score: 7585.910325798655

Step Number: 1
Time Spent: 27.459852332 seconds
New Tree:
Tree: (((((0,1),2),3),((4,5),(((6,7),8),9))),(((((21,(22,23)),24),25),((26,27),((((28,29),30),((31,32),33)),(34,(35,36))))),((19,20),((((10,(11,12)),13),(((14,15),16),17)),18))));
Tree Score: 9244.392678745591
Score Improvement: 0.21862667520688484

Step Number: 2
Time Spent: 27.39802806 seconds
New Tree:
Tree: (((((0,1),2),3),((4,5),(((6,7),8),9))),((((((28,29),30),((31,32),33)),(34,(35,36))),((26,27),(((21,(22,23)),24),25))),((19,20),((((10,(11,12)),13),(((14,15),16),17)),18))));
Tree Score: 10226.476028215175
Score Improvement: 0.10623557258959337

Step Number: 3
Time Spent: 19.61976792 seconds
New Tree:
Tree: (((((0,1),2),3),((4,5),(((6,7),8),9))),((((((28,29),30),((31,32),33)),(34,(35,36))),((26,27),(((21,(22,23)),24),25))),((((10,(11,12)),13),(((14,15),16),17)),((19,20),18))));
Tree Score: 11085.808677130675
Score Improvement: 0.08403018268899021

Step Number: 4
Time Spent: 19.135671024 seconds
New Tree:
Tree: (((((0,1),2),3),((4,5),(((6,7),8),9))),((((((28,29),30),((31,32),33)),(34,(35,36))),((26,27),(((21,(22,23)),24),25))),((((19,20),18),(((14,15),16),17)),((10,(11,12)),13))));
Tree Score: 11422.628977895487
Score Improvement: 0.03038301585157699

Step Number: 5
Time Spent: 19.074543977 seconds
New Tree:
Tree: (((((0,1),2),3),((4,5),(((6,7),8),9))),((((((28,29),30),((31,32),33)),(34,(35,36))),(((21,(22,23)),24),((26,27),25))),((((19,20),18),(((14,15),16),17)),((10,(11,12)),13))));
Tree Score: 11558.393803006044
Score Improvement: 0.011885602287641683

Step Number: 6
Time Spent: 19.066867931 seconds
New Tree:
Tree: (((((0,1),2),3),((4,5),(((6,7),8),9))),((((((28,29),30),((31,32),33)),(34,(35,36))),(((21,(22,23)),24),((26,27),25))),((((19,20),18),(((14,15),16),17)),((10,13),(11,12)))));
Tree Score: 11692.328402901074
Score Improvement: 0.011587648091744063

Step Number: 7
Time Spent: 19.037675951 seconds
New Tree:
Tree: ((((3,2),(0,1)),((4,5),(((6,7),8),9))),((((((28,29),30),((31,32),33)),(34,(35,36))),(((21,(22,23)),24),((26,27),25))),((((19,20),18),(((14,15),16),17)),((10,13),(11,12)))));
Tree Score: 11794.993952540686
Score Improvement: 0.008780590666110477

Step Number: 8
Time Spent: 18.97768571 seconds
New Tree:
Tree: ((((3,2),(0,1)),((4,5),((9,8),(6,7)))),((((((28,29),30),((31,32),33)),(34,(35,36))),(((21,(22,23)),24),((26,27),25))),((((19,20),18),(((14,15),16),17)),((10,13),(11,12)))));
Tree Score: 11892.164452711126
Score Improvement: 0.008238283170082461

Step Number: 9
Time Spent: 18.893990221 seconds
New Tree:
Tree: ((((3,2),(0,1)),((6,7),((9,8),(4,5)))),((((((28,29),30),((31,32),33)),(34,(35,36))),(((21,(22,23)),24),((26,27),25))),((((19,20),18),(((14,15),16),17)),((10,13),(11,12)))));
Tree Score: 11965.08900338086
Score Improvement: 0.0061321512126506494

Step Number: 10
Time Spent: 18.882156733 seconds
New Tree:
Tree: ((((3,2),(0,1)),((6,7),((9,8),(4,5)))),((((((28,29),30),((31,32),33)),(34,(35,36))),(((21,(22,23)),24),((26,27),25))),((((19,20),18),((17,16),(14,15))),((10,13),(11,12)))));
Tree Score: 12033.302153237402
Score Improvement: 0.00570101483050145

Step Number: 11
Time Spent: 18.767096012 seconds
New Tree:
Tree: ((((3,2),(0,1)),((6,7),((9,8),(4,5)))),((((((28,29),30),((31,32),33)),(34,(35,36))),(((21,24),(22,23)),((26,27),25))),((((19,20),18),((17,16),(14,15))),((10,13),(11,12)))));
Tree Score: 12083.403778529426
Score Improvement: 0.0041635807573023875

Step Number: 12
Time Spent: 18.734136653 seconds
New Tree:
Tree: ((((3,2),(0,1)),((6,7),((9,8),(4,5)))),((((((28,29),30),((31,32),33)),(34,(35,36))),(((21,24),(22,23)),((26,25),27))),((((19,20),18),((17,16),(14,15))),((10,13),(11,12)))));
Tree Score: 12117.385628309266
Score Improvement: 0.002812274620849875

Step Number: 13
Time Spent: 18.63315349 seconds
New Tree:
Tree: ((((3,2),(0,1)),((6,7),((9,8),(4,5)))),((((((28,29),30),((31,32),33)),(36,(35,34))),(((21,24),(22,23)),((26,25),27))),((((19,20),18),((17,16),(14,15))),((10,13),(11,12)))));
Tree Score: 12145.143703147935
Score Improvement: 0.002290764335651563

Step Number: 14
Time Spent: 18.593128917 seconds
New Tree:
Tree: ((((3,2),(0,1)),((6,7),((9,8),(4,5)))),((((((28,29),30),((31,32),33)),(36,(35,34))),(((21,24),(22,23)),((26,25),27))),((((19,18),20),((17,16),(14,15))),((10,13),(11,12)))));
Tree Score: 12163.77515380101
Score Improvement: 0.001534065887441649

Step Number: 15
Time Spent: 18.641869822 seconds
New Tree:
Tree: ((((3,2),(0,1)),((6,7),((9,8),(4,5)))),((((((28,29),30),((31,32),33)),(36,(35,34))),(((21,24),(22,23)),((26,25),27))),((((19,18),20),((17,16),(14,15))),((10,13),(11,12)))));
Tree Score: 12163.77515380101
Score Improvement: 0.0

TOTAL STEPS: 15
TOTAL TIME: 300.915624753 seconds
Final tree: Tree: ((((3,2),(0,1)),((6,7),((9,8),(4,5)))),((((((28,29),30),((31,32),33)),(36,(35,34))),(((21,24),(22,23)),((26,25),27))),((((19,18),20),((17,16),(14,15))),((10,13),(11,12)))));
Tree Score: 12163.77515380101
Total Score Improvement: 0.6034694099182343

--------------ITERATION 8--------------
Input tree: (((0,((((1,2),(3,4)),5),((6,7),8))),((((9,(10,11)),(12,13)),14),(((15,((16,(17,18)),19)),((20,21),22)),(23,24)))),(((25,(26,27)),(28,29)),(((30,((31,32),(33,34))),35),36)));
Initial Score: 10186.599477716547

Step Number: 1
Time Spent: 18.818668282 seconds
New Tree:
Tree: (((0,((((1,2),(3,4)),5),((6,7),8))),(((15,((16,(17,18)),19)),((20,21),22)),((((9,(10,11)),(12,13)),14),(23,24)))),(((25,(26,27)),(28,29)),(((30,((31,32),(33,34))),35),36)));
Tree Score: 11090.029576340981
Score Improvement: 0.08868809464833793

Step Number: 2
Time Spent: 18.823158658 seconds
New Tree:
Tree: (((0,((((1,2),(3,4)),5),((6,7),8))),(((15,((16,(17,18)),19)),((20,21),22)),(((23,24),14),((9,(10,11)),(12,13))))),(((25,(26,27)),(28,29)),(((30,((31,32),(33,34))),35),36)));
Tree Score: 11620.500276463048
Score Improvement: 0.04783311861077011

Step Number: 3
Time Spent: 18.617119049 seconds
New Tree:
Tree: (((0,((((1,2),(3,4)),5),((6,7),8))),(((15,((16,(17,18)),19)),((20,21),22)),(((23,24),14),((9,(10,11)),(12,13))))),(((25,(26,27)),(28,29)),((36,35),(30,((31,32),(33,34))))));
Tree Score: 12033.791426604555
Score Improvement: 0.035565693413270205

Step Number: 4
Time Spent: 18.273315762 seconds
New Tree:
Tree: (((0,((((1,2),(3,4)),5),((6,7),8))),(((15,((16,(17,18)),19)),((20,21),22)),((9,(10,11)),(((23,24),14),(12,13))))),(((25,(26,27)),(28,29)),((36,35),(30,((31,32),(33,34))))));
Tree Score: 12279.693301605235
Score Improvement: 0.020434280957956075

Step Number: 5
Time Spent: 18.270895901 seconds
New Tree:
Tree: (((0,(((5,(3,4)),(1,2)),((6,7),8))),(((15,((16,(17,18)),19)),((20,21),22)),((9,(10,11)),(((23,24),14),(12,13))))),(((25,(26,27)),(28,29)),((36,35),(30,((31,32),(33,34))))));
Tree Score: 12458.061402050487
Score Improvement: 0.01452545239236036

Step Number: 6
Time Spent: 18.219638057 seconds
New Tree:
Tree: (((((5,(3,4)),(1,2)),(0,((6,7),8))),(((15,((16,(17,18)),19)),((20,21),22)),((9,(10,11)),(((23,24),14),(12,13))))),(((25,(26,27)),(28,29)),((36,35),(30,((31,32),(33,34))))));
Tree Score: 12662.068802419133
Score Improvement: 0.016375533382350094

Step Number: 7
Time Spent: 18.227442121 seconds
New Tree:
Tree: (((((0,((6,7),8)),(1,2)),(5,(3,4))),(((15,((16,(17,18)),19)),((20,21),22)),((9,(10,11)),(((23,24),14),(12,13))))),(((25,(26,27)),(28,29)),((36,35),(30,((31,32),(33,34))))));
Tree Score: 12843.790126395586
Score Improvement: 0.014351629801737875

Step Number: 8
Time Spent: 18.298965882 seconds
New Tree:
Tree: (((((0,((6,7),8)),(1,2)),(5,(3,4))),(((15,((20,21),22)),((16,(17,18)),19)),((9,(10,11)),(((23,24),14),(12,13))))),(((25,(26,27)),(28,29)),((36,35),(30,((31,32),(33,34))))));
Tree Score: 13016.09795164381
Score Improvement: 0.013415652510088139

Step Number: 9
Time Spent: 18.268130885 seconds
New Tree:
Tree: ((((((6,7),(0,8)),(1,2)),(5,(3,4))),(((15,((20,21),22)),((16,(17,18)),19)),((9,(10,11)),(((23,24),14),(12,13))))),(((25,(26,27)),(28,29)),((36,35),(30,((31,32),(33,34))))));
Tree Score: 13075.273776859685
Score Improvement: 0.0045463567834016505

Step Number: 10
Time Spent: 18.27818796 seconds
New Tree:
Tree: ((((((1,2),(0,8)),(6,7)),(5,(3,4))),(((15,((20,21),22)),((16,(17,18)),19)),((9,(10,11)),(((23,24),14),(12,13))))),(((25,(26,27)),(28,29)),((36,35),(30,((31,32),(33,34))))));
Tree Score: 13151.989327010146
Score Improvement: 0.005867223238279706

Step Number: 11
Time Spent: 18.27248032 seconds
New Tree:
Tree: ((((((1,2),(0,8)),(6,7)),(5,(3,4))),(((15,((20,21),22)),((16,19),(17,18))),((9,(10,11)),(((23,24),14),(12,13))))),(((25,(26,27)),(28,29)),((36,35),(30,((31,32),(33,34))))));
Tree Score: 13203.9246024194
Score Improvement: 0.003948853220447468

Step Number: 12
Time Spent: 18.238195025 seconds
New Tree:
Tree: ((((((1,2),(0,8)),(6,7)),(5,(3,4))),((((20,21),(15,22)),((16,19),(17,18))),((9,(10,11)),(((23,24),14),(12,13))))),(((25,(26,27)),(28,29)),((36,35),(30,((31,32),(33,34))))));
Tree Score: 13243.573627956474
Score Improvement: 0.0030028212619306327

Step Number: 13
Time Spent: 18.246964786 seconds
New Tree:
Tree: ((((((1,2),(0,8)),(6,7)),(5,(3,4))),((((20,21),(15,22)),((16,19),(17,18))),((9,(10,11)),(((23,14),24),(12,13))))),(((25,(26,27)),(28,29)),((36,35),(30,((31,32),(33,34))))));
Tree Score: 13270.646503028693
Score Improvement: 0.0020442273235881103

Step Number: 14
Time Spent: 18.240757642 seconds
New Tree:
Tree: ((((((1,2),(0,8)),(6,7)),(5,(3,4))),((((20,21),(15,22)),((16,19),(17,18))),((9,(10,11)),(((23,14),24),(12,13))))),(((25,(26,27)),(28,29)),((36,35),((31,32),(30,(33,34))))));
Tree Score: 13289.171202996047
Score Improvement: 0.0013959154109881577

Step Number: 15
Time Spent: 18.24612641 seconds
New Tree:
Tree: ((((((1,2),(0,8)),(6,7)),(5,(3,4))),((((20,21),(15,22)),((16,19),(17,18))),((9,(10,11)),(((23,14),24),(12,13))))),(((25,(26,27)),(28,29)),((30,(33,34)),((31,32),(36,35)))));
Tree Score: 13320.033677981468
Score Improvement: 0.002322377709940371

Step Number: 16
Time Spent: 18.284166723 seconds
New Tree:
Tree: ((((((1,2),(0,8)),(6,7)),(5,(3,4))),((((20,21),(15,22)),((16,19),(17,18))),((9,(10,11)),(((23,14),24),(12,13))))),(((27,(26,25)),(28,29)),((30,(33,34)),((31,32),(36,35)))));
Tree Score: 13325.792702845065
Score Improvement: 4.323581308294244E-4

Step Number: 17
Time Spent: 18.276978659 seconds
New Tree:
Tree: ((((((1,2),(0,8)),(6,7)),(5,(3,4))),((((20,21),(15,22)),((16,19),(17,18))),((10,(9,11)),(((23,14),24),(12,13))))),(((27,(26,25)),(28,29)),((30,(33,34)),((31,32),(36,35)))));
Tree Score: 13329.788903127192
Score Improvement: 2.9988462009278294E-4

Step Number: 18
Time Spent: 18.276492493 seconds
New Tree:
Tree: ((((((1,2),(0,8)),(6,7)),(5,(3,4))),((((20,21),(15,22)),((16,19),(17,18))),((10,(9,11)),(((23,14),24),(12,13))))),(((27,(26,25)),(28,29)),((33,(30,34)),((31,32),(36,35)))));
Tree Score: 13330.449053141056
Score Improvement: 4.952441622751991E-5

Step Number: 19
Time Spent: 18.278790341 seconds
New Tree:
Tree: ((((((1,2),(0,8)),(6,7)),(5,(3,4))),((((20,21),(15,22)),((16,19),(17,18))),((10,(9,11)),(((23,14),24),(12,13))))),(((27,(26,25)),(28,29)),((33,(30,34)),((31,32),(36,35)))));
Tree Score: 13330.449053141056
Score Improvement: 0.0

TOTAL STEPS: 19
TOTAL TIME: 348.456474956 seconds
Final tree: Tree: ((((((1,2),(0,8)),(6,7)),(5,(3,4))),((((20,21),(15,22)),((16,19),(17,18))),((10,(9,11)),(((23,14),24),(12,13))))),(((27,(26,25)),(28,29)),((33,(30,34)),((31,32),(36,35)))));
Tree Score: 13330.449053141056
Total Score Improvement: 0.30862601227247244

--------------ITERATION 9--------------
Input tree: ((((0,(1,2)),((3,4),5)),((((6,(7,8)),9),(10,((((11,12),((13,14),15)),16),((((17,((18,19),20)),21),(22,(23,24))),((25,(26,27)),(28,29)))))),(30,(31,32)))),((33,34),(35,36)));
Initial Score: 8373.404001863324

Step Number: 1
Time Spent: 19.409229135 seconds
New Tree:
Tree: ((((0,(1,2)),((3,4),5)),((((6,(7,8)),9),(10,(((25,(26,27)),(28,29)),((((17,((18,19),20)),21),(22,(23,24))),(((11,12),((13,14),15)),16))))),(30,(31,32)))),((33,34),(35,36)));
Tree Score: 9440.470353105688
Score Improvement: 0.12743519254593605

Step Number: 2
Time Spent: 19.42760745 seconds
New Tree:
Tree: ((((0,(1,2)),((3,4),5)),(((((25,(26,27)),(28,29)),((((17,((18,19),20)),21),(22,(23,24))),(((11,12),((13,14),15)),16))),(10,((6,(7,8)),9))),(30,(31,32)))),((33,34),(35,36)));
Tree Score: 10121.543951616273
Score Improvement: 0.07214403234543587

Step Number: 3
Time Spent: 19.814375138 seconds
New Tree:
Tree: (((30,(31,32)),(((((25,(26,27)),(28,29)),((((17,((18,19),20)),21),(22,(23,24))),(((11,12),((13,14),15)),16))),(10,((6,(7,8)),9))),((0,(1,2)),((3,4),5)))),((33,34),(35,36)));
Tree Score: 10955.306548562483
Score Improvement: 0.08237504089611436

Step Number: 4
Time Spent: 19.730201446 seconds
New Tree:
Tree: (((30,(31,32)),(((((25,(26,27)),(28,29)),(10,((6,(7,8)),9))),((((17,((18,19),20)),21),(22,(23,24))),(((11,12),((13,14),15)),16))),((0,(1,2)),((3,4),5)))),((33,34),(35,36)));
Tree Score: 11868.912797909812
Score Improvement: 0.08339394660455302

Step Number: 5
Time Spent: 19.461501425 seconds
New Tree:
Tree: (((30,(31,32)),(((((25,(26,27)),(28,29)),(10,((6,(7,8)),9))),((((17,((18,19),20)),21),(22,(23,24))),(((11,12),16),((13,14),15)))),((0,(1,2)),((3,4),5)))),((33,34),(35,36)));
Tree Score: 12453.828348234878
Score Improvement: 0.04928130826170296

Step Number: 6
Time Spent: 19.388523569 seconds
New Tree:
Tree: (((30,(31,32)),(((((25,(26,27)),(28,29)),(10,((6,(7,8)),9))),((((22,(23,24)),21),(17,((18,19),20))),(((11,12),16),((13,14),15)))),((0,(1,2)),((3,4),5)))),((33,34),(35,36)));
Tree Score: 12806.419598529581
Score Improvement: 0.028311876511825984

Step Number: 7
Time Spent: 19.325019753 seconds
New Tree:
Tree: (((30,(31,32)),(((((25,(26,27)),(28,29)),((6,(7,8)),(10,9))),((((22,(23,24)),21),(17,((18,19),20))),(((11,12),16),((13,14),15)))),((0,(1,2)),((3,4),5)))),((33,34),(35,36)));
Tree Score: 13007.30022306228
Score Improvement: 0.015685931808431697

Step Number: 8
Time Spent: 19.322661493 seconds
New Tree:
Tree: (((30,(31,32)),(((((25,(26,27)),(28,29)),((6,(7,8)),(10,9))),((((22,(23,24)),21),((18,19),(17,20))),(((11,12),16),((13,14),15)))),((0,(1,2)),((3,4),5)))),((33,34),(35,36)));
Tree Score: 13122.535847701598
Score Improvement: 0.00885930382655431

Step Number: 9
Time Spent: 19.318210857 seconds
New Tree:
Tree: (((30,(31,32)),(((((25,(26,27)),(28,29)),((6,(7,8)),(10,9))),((((22,21),(23,24)),((18,19),(17,20))),(((11,12),16),((13,14),15)))),((0,(1,2)),((3,4),5)))),((33,34),(35,36)));
Tree Score: 13178.843472183333
Score Improvement: 0.004290910319105556

Step Number: 10
Time Spent: 19.275091546 seconds
New Tree:
Tree: (((30,(31,32)),(((((25,(26,27)),(28,29)),((6,(7,8)),(10,9))),((((22,21),(23,24)),((18,19),(17,20))),(((11,12),16),((13,14),15)))),((1,(0,2)),((3,4),5)))),((33,34),(35,36)));
Tree Score: 13216.144071812392
Score Improvement: 0.002830339377487112

Step Number: 11
Time Spent: 19.275151541 seconds
New Tree:
Tree: (((31,(30,32)),(((((25,(26,27)),(28,29)),((6,(7,8)),(10,9))),((((22,21),(23,24)),((18,19),(17,20))),(((11,12),16),((13,14),15)))),((1,(0,2)),((3,4),5)))),((33,34),(35,36)));
Tree Score: 13252.954346592189
Score Improvement: 0.00278525071910396

Step Number: 12
Time Spent: 19.285277129 seconds
New Tree:
Tree: (((31,(30,32)),(((((25,(26,27)),(28,29)),((6,(7,8)),(10,9))),((((22,21),(23,24)),((18,19),(17,20))),(((11,12),16),((15,14),13)))),((1,(0,2)),((3,4),5)))),((33,34),(35,36)));
Tree Score: 13285.339471376152
Score Improvement: 0.0024436155091933642

Step Number: 13
Time Spent: 19.306118747 seconds
New Tree:
Tree: (((31,(30,32)),(((((25,(26,27)),(28,29)),((6,(7,8)),(10,9))),(((24,(23,(22,21))),((18,19),(17,20))),(((11,12),16),((15,14),13)))),((1,(0,2)),((3,4),5)))),((33,34),(35,36)));
Tree Score: 13300.784746695994
Score Improvement: 0.0011625804032422415

Step Number: 14
Time Spent: 19.124604952 seconds
New Tree:
Tree: (((31,(30,32)),(((((27,(26,25)),(28,29)),((6,(7,8)),(10,9))),(((24,(23,(22,21))),((18,19),(17,20))),(((11,12),16),((15,14),13)))),((1,(0,2)),((3,4),5)))),((33,34),(35,36)));
Tree Score: 13306.54377155959
Score Improvement: 4.329838406735842E-4

Step Number: 15
Time Spent: 19.120910767 seconds
New Tree:
Tree: (((31,(30,32)),(((((27,(26,25)),(28,29)),((6,(7,8)),(10,9))),(((24,(23,(22,21))),((18,19),(17,20))),(((16,12),11),((15,14),13)))),((1,(0,2)),((3,4),5)))),((33,34),(35,36)));
Tree Score: 13311.632371256346
Score Improvement: 3.824133286685072E-4

Step Number: 16
Time Spent: 19.118079471 seconds
New Tree:
Tree: (((31,(30,32)),(((((27,(26,25)),(28,29)),((6,(7,8)),(10,9))),(((24,(22,(23,21))),((18,19),(17,20))),(((16,12),11),((15,14),13)))),((1,(0,2)),((3,4),5)))),((33,34),(35,36)));
Tree Score: 13313.178296276368
Score Improvement: 1.1613339197680261E-4

Step Number: 17
Time Spent: 19.112480366 seconds
New Tree:
Tree: (((31,(30,32)),(((((27,(26,25)),(28,29)),((6,(7,8)),(10,9))),((((23,21),(22,24)),((18,19),(17,20))),(((16,12),11),((15,14),13)))),((1,(0,2)),((3,4),5)))),((33,34),(35,36)));
Tree Score: 13319.919571569058
Score Improvement: 5.063610764213244E-4

Step Number: 18
Time Spent: 19.161361441 seconds
New Tree:
Tree: (((31,(30,32)),(((((27,(26,25)),(28,29)),((7,(6,8)),(10,9))),((((23,21),(22,24)),((18,19),(17,20))),(((16,12),11),((15,14),13)))),((1,(0,2)),((3,4),5)))),((33,34),(35,36)));
Tree Score: 13319.981871554963
Score Improvement: 4.677204360703513E-6

Step Number: 19
Time Spent: 19.168471425 seconds
New Tree:
Tree: (((31,(30,32)),(((((27,(26,25)),(28,29)),((7,(6,8)),(10,9))),((((23,21),(22,24)),((18,19),(17,20))),(((16,12),11),((15,14),13)))),((1,(0,2)),((3,5),4)))),((33,34),(35,36)));
Tree Score: 13320.00967134755
Score Improvement: 2.087074356005303E-6

Step Number: 20
Time Spent: 19.180940607 seconds
New Tree:
Tree: (((31,(30,32)),(((((27,(26,25)),(28,29)),((7,(6,8)),(10,9))),((((23,21),(22,24)),((18,19),(17,20))),(((16,12),11),((15,14),13)))),((1,(0,2)),((3,5),4)))),((33,34),(35,36)));
Tree Score: 13320.00967134755
Score Improvement: 0.0

TOTAL STEPS: 20
TOTAL TIME: 386.325818258 seconds
Final tree: Tree: (((31,(30,32)),(((((27,(26,25)),(28,29)),((7,(6,8)),(10,9))),((((23,21),(22,24)),((18,19),(17,20))),(((16,12),11),((15,14),13)))),((1,(0,2)),((3,5),4)))),((33,34),(35,36)));
Tree Score: 13320.00967134755
Total Score Improvement: 0.5907520607370029

--------------ITERATION 10--------------
Input tree: ((((0,1),(((2,3),(((4,5),(6,7)),((8,9),10))),((((11,12),13),(14,15)),(16,(17,18))))),(((19,20),((21,22),((23,(24,25)),26))),((27,((28,29),(30,31))),((32,33),(34,35))))),36);
Initial Score: 8485.652975903464

Step Number: 1
Time Spent: 18.224216432 seconds
New Tree:
Tree: ((((((19,20),((21,22),((23,(24,25)),26))),((27,((28,29),(30,31))),((32,33),(34,35)))),(((2,3),(((4,5),(6,7)),((8,9),10))),((((11,12),13),(14,15)),(16,(17,18))))),(0,1)),36);
Tree Score: 9644.847700958351
Score Improvement: 0.1366064259694133

Step Number: 2
Time Spent: 18.854836988 seconds
New Tree:
Tree: ((((((19,20),((21,22),((23,(24,25)),26))),(((2,3),(((4,5),(6,7)),((8,9),10))),((((11,12),13),(14,15)),(16,(17,18))))),((27,((28,29),(30,31))),((32,33),(34,35)))),(0,1)),36);
Tree Score: 10615.50642704254
Score Improvement: 0.10064012996158977

Step Number: 3
Time Spent: 19.0228513 seconds
New Tree:
Tree: (((((32,33),(34,35)),((27,((28,29),(30,31))),(((19,20),((21,22),((23,(24,25)),26))),(((2,3),(((4,5),(6,7)),((8,9),10))),((((11,12),13),(14,15)),(16,(17,18))))))),(0,1)),36);
Tree Score: 11091.473801044693
Score Improvement: 0.044836991741594945

Step Number: 4
Time Spent: 18.70415826 seconds
New Tree:
Tree: (((((32,33),(34,35)),(((28,29),(27,(30,31))),(((19,20),((21,22),((23,(24,25)),26))),(((2,3),(((4,5),(6,7)),((8,9),10))),((((11,12),13),(14,15)),(16,(17,18))))))),(0,1)),36);
Tree Score: 11266.045225923943
Score Improvement: 0.015739245118426615

Step Number: 5
Time Spent: 18.701497446 seconds
New Tree:
Tree: (((((32,33),(34,35)),(((28,29),(27,(30,31))),(((19,20),((21,22),((23,(24,25)),26))),(((2,3),(((4,5),(6,7)),((8,9),10))),(((16,(17,18)),(14,15)),((11,12),13)))))),(0,1)),36);
Tree Score: 11370.944926072112
Score Improvement: 0.009311137852241913

Step Number: 6
Time Spent: 18.717207475 seconds
New Tree:
Tree: (((((32,33),(34,35)),((((2,3),(((4,5),(6,7)),((8,9),10))),(((16,(17,18)),(14,15)),((11,12),13))),(((19,20),((21,22),((23,(24,25)),26))),((28,29),(27,(30,31)))))),(0,1)),36);
Tree Score: 11469.82950361936
Score Improvement: 0.00869624980071082

Step Number: 7
Time Spent: 18.936671557 seconds
New Tree:
Tree: (((((32,33),(34,35)),((((2,3),(((4,5),(6,7)),((8,9),10))),(((16,(14,15)),(17,18)),((11,12),13))),(((19,20),((21,22),((23,(24,25)),26))),((28,29),(27,(30,31)))))),(0,1)),36);
Tree Score: 11527.860353683602
Score Improvement: 0.005059434409720787

Step Number: 8
Time Spent: 18.926118259 seconds
New Tree:
Tree: (((((32,33),(34,35)),((((2,3),(((4,5),(6,7)),((8,9),10))),(((16,(14,15)),(17,18)),((11,12),13))),((((23,(24,25)),26),((21,22),(19,20))),((28,29),(27,(30,31)))))),(0,1)),36);
Tree Score: 11576.21555435042
Score Improvement: 0.004194637962574355

Step Number: 9
Time Spent: 19.001752458 seconds
New Tree:
Tree: (((((32,33),(34,35)),((((2,3),(((4,5),(6,7)),((8,9),10))),(((16,(14,15)),(17,18)),((11,12),13))),((((23,26),(24,25)),((21,22),(19,20))),((28,29),(27,(30,31)))))),(0,1)),36);
Tree Score: 11685.325929978237
Score Improvement: 0.009425392531397181

Step Number: 10
Time Spent: 18.967228724 seconds
New Tree:
Tree: (((((32,33),(34,35)),((((2,3),(((4,5),(6,7)),((8,9),10))),(((16,(14,15)),(17,18)),((11,12),13))),((((23,26),(24,25)),((28,29),(27,(30,31)))),((21,22),(19,20))))),(0,1)),36);
Tree Score: 11787.659929055379
Score Improvement: 0.008757479225685039

Step Number: 11
Time Spent: 19.027433936 seconds
New Tree:
Tree: (((((32,33),(34,35)),((((23,26),(24,25)),((28,29),(27,(30,31)))),((((2,3),(((4,5),(6,7)),((8,9),10))),(((16,(14,15)),(17,18)),((11,12),13))),((21,22),(19,20))))),(0,1)),36);
Tree Score: 11872.372251332792
Score Improvement: 0.0071865258064161

Step Number: 12
Time Spent: 19.112699946 seconds
New Tree:
Tree: (((((32,33),(34,35)),((((23,26),(24,25)),((28,29),(27,(30,31)))),((((21,22),(19,20)),(((16,(14,15)),(17,18)),((11,12),13))),((2,3),(((4,5),(6,7)),((8,9),10)))))),(0,1)),36);
Tree Score: 13291.009902287646
Score Improvement: 0.11949066462227864

Step Number: 13
Time Spent: 18.704244793 seconds
New Tree:
Tree: (((((32,33),(34,35)),((((23,26),(24,25)),((28,29),(27,(30,31)))),((((21,22),(19,20)),(((16,(14,15)),(17,18)),((11,12),13))),((2,3),(((4,5),((8,9),10)),(6,7)))))),(0,1)),36);
Tree Score: 13338.216902616805
Score Improvement: 0.0035517993498022093

Step Number: 14
Time Spent: 18.710124242 seconds
New Tree:
Tree: (((((32,33),(34,35)),((((23,26),(24,25)),((28,29),(27,(30,31)))),((((21,22),(19,20)),(((14,(16,15)),(17,18)),((11,12),13))),((2,3),(((4,5),((8,9),10)),(6,7)))))),(0,1)),36);
Tree Score: 13350.418877629934
Score Improvement: 9.148130595129089E-4

Step Number: 15
Time Spent: 18.707286032 seconds
New Tree:
Tree: (((((32,33),(34,35)),((((23,26),(24,25)),((28,29),(31,(30,27)))),((((21,22),(19,20)),(((14,(16,15)),(17,18)),((11,12),13))),((2,3),(((4,5),((8,9),10)),(6,7)))))),(0,1)),36);
Tree Score: 13360.62107786294
Score Improvement: 7.641857777287431E-4

Step Number: 16
Time Spent: 18.713080414 seconds
New Tree:
Tree: (((((32,33),(34,35)),((((23,26),(24,25)),((28,29),(31,(30,27)))),((((21,22),(19,20)),(((14,(16,15)),(17,18)),((13,12),11))),((2,3),(((4,5),((8,9),10)),(6,7)))))),(0,1)),36);
Tree Score: 13364.758727473578
Score Improvement: 3.096899153509636E-4

Step Number: 17
Time Spent: 18.746317322 seconds
New Tree:
Tree: ((0,((((32,33),(34,35)),((((23,26),(24,25)),((28,29),(31,(30,27)))),((((21,22),(19,20)),(((14,(16,15)),(17,18)),((13,12),11))),((2,3),(((4,5),((8,9),10)),(6,7)))))),1)),36);
Tree Score: 13364.830827406047
Score Improvement: 5.39477995364912E-6

Step Number: 18
Time Spent: 19.868422165 seconds
New Tree:
Tree: ((0,((((32,33),(34,35)),((((23,26),(24,25)),((28,29),(31,(30,27)))),((((21,22),(19,20)),(((14,(16,15)),(17,18)),((13,12),11))),((2,3),(((4,5),((8,9),10)),(6,7)))))),1)),36);
Tree Score: 13364.830827406047
Score Improvement: 0.0

TOTAL STEPS: 18
TOTAL TIME: 339.646147749 seconds
Final tree: Tree: ((0,((((32,33),(34,35)),((((23,26),(24,25)),((28,29),(31,(30,27)))),((((21,22),(19,20)),(((14,(16,15)),(17,18)),((13,12),11))),((2,3),(((4,5),((8,9),10)),(6,7)))))),1)),36);
Tree Score: 13364.830827406047
Total Score Improvement: 0.5749914432463696

===========================================================
RESULTS FROM 10 ITERATION(S):
AVERAGE TIME PER RUN: 476.366342638 seconds
AVERAGE IMPROVEMENT: 0.5164881412361909
BEST Tree: (((((8,9),(10,11)),(6,7)),((15,14),(12,13))),((((((2,3),(1,0)),(4,5)),(((35,36),(33,34)),((30,32),31))),(((25,29),24),((28,27),26))),(((17,18),(16,19)),((20,21),(22,23)))));
Tree Score: 15814.065952365982
BEST'S IMPROVEMENT :0.466690571965223
