--------------ITERATION 1--------------
Input tree: ((((((0,1),2),(3,(((4,5),((6,7),8)),9))),((10,((11,12),((13,14),15))),(16,(17,18)))),((19,20),(((21,22),23),24))),((25,((26,(27,(28,29))),(30,31))),((32,(33,34)),(35,36))));
Initial Score: 10305.96280203107

Step Number: 1
Time Spent: 11.648656928 seconds
New Tree:
Tree: (((((19,20),(((21,22),23),24)),((10,((11,12),((13,14),15))),(16,(17,18)))),(((0,1),2),(3,(((4,5),((6,7),8)),9)))),((25,((26,(27,(28,29))),(30,31))),((32,(33,34)),(35,36))));
Tree Score: 10889.292977428078
Score Improvement: 0.05660123043351639

Step Number: 2
Time Spent: 12.942415443 seconds
New Tree:
Tree: ((((10,((11,12),((13,14),15))),(((19,20),(((21,22),23),24)),(16,(17,18)))),(((0,1),2),(3,(((4,5),((6,7),8)),9)))),((25,((26,(27,(28,29))),(30,31))),((32,(33,34)),(35,36))));
Tree Score: 11245.941653039787
Score Improvement: 0.032752234360025945

Step Number: 3
Time Spent: 13.006059221 seconds
New Tree:
Tree: ((((((13,14),15),((11,12),10)),(((19,20),(((21,22),23),24)),(16,(17,18)))),(((0,1),2),(3,(((4,5),((6,7),8)),9)))),((25,((26,(27,(28,29))),(30,31))),((32,(33,34)),(35,36))));
Tree Score: 11769.038327735398
Score Improvement: 0.04651426184077856

Step Number: 4
Time Spent: 12.281195814 seconds
New Tree:
Tree: ((((((13,14),15),((11,12),10)),(((19,20),(16,(17,18))),(((21,22),23),24))),(((0,1),2),(3,(((4,5),((6,7),8)),9)))),((25,((26,(27,(28,29))),(30,31))),((32,(33,34)),(35,36))));
Tree Score: 11937.113551329196
Score Improvement: 0.014281134865344436

Step Number: 5
Time Spent: 12.241437826 seconds
New Tree:
Tree: ((((((13,14),15),((11,12),10)),(((19,20),(16,(17,18))),(((21,22),23),24))),((((4,5),((6,7),8)),9),(3,((0,1),2)))),((25,((26,(27,(28,29))),(30,31))),((32,(33,34)),(35,36))));
Tree Score: 12084.053527226046
Score Improvement: 0.01230950642004136

Step Number: 6
Time Spent: 11.558828256 seconds
New Tree:
Tree: ((((((13,14),15),((11,12),10)),(((19,20),(16,(17,18))),(((21,22),23),24))),((((4,5),((6,7),8)),9),(3,((0,1),2)))),((25,(((28,29),(27,26)),(30,31))),((32,(33,34)),(35,36))));
Tree Score: 12169.860826900534
Score Improvement: 0.007100870538280901

Step Number: 7
Time Spent: 10.849205545 seconds
New Tree:
Tree: ((((((13,14),15),((11,12),10)),(((19,20),(16,(17,18))),(((21,22),23),24))),((((4,5),((6,7),8)),9),(3,((0,1),2)))),(((30,31),(((28,29),(27,26)),25)),((32,(33,34)),(35,36))));
Tree Score: 12232.356001384862
Score Improvement: 0.0051352415095977655

Step Number: 8
Time Spent: 11.61445656 seconds
New Tree:
Tree: ((((32,(33,34)),(35,36)),((((4,5),((6,7),8)),9),(3,((0,1),2)))),(((30,31),(((28,29),(27,26)),25)),((((13,14),15),((11,12),10)),(((19,20),(16,(17,18))),(((21,22),23),24)))));
Tree Score: 12356.481151154396
Score Improvement: 0.010147280683744153

Step Number: 9
Time Spent: 10.050549096 seconds
New Tree:
Tree: (((((4,5),((6,7),8)),9),(((32,(33,34)),(35,36)),(3,((0,1),2)))),(((30,31),(((28,29),(27,26)),25)),((((13,14),15),((11,12),10)),(((19,20),(16,(17,18))),(((21,22),23),24)))));
Tree Score: 12598.278750147772
Score Improvement: 0.019568483618880972

Step Number: 10
Time Spent: 12.197440261 seconds
New Tree:
Tree: (((((4,5),((6,7),8)),9),(((32,(33,34)),(35,36)),(3,((0,1),2)))),(((30,31),((25,(27,26)),(28,29))),((((13,14),15),((11,12),10)),(((19,20),(16,(17,18))),(((21,22),23),24)))));
Tree Score: 12645.967325318707
Score Improvement: 0.0037853246555903386

Step Number: 11
Time Spent: 11.459434472 seconds
New Tree:
Tree: (((((4,5),((6,7),8)),9),(((32,(33,34)),(35,36)),(3,((2,1),0)))),(((30,31),((25,(27,26)),(28,29))),((((13,14),15),((11,12),10)),(((19,20),(16,(17,18))),(((21,22),23),24)))));
Tree Score: 12652.078100426224
Score Improvement: 4.8321927064320924E-4

Step Number: 12
Time Spent: 11.451026489 seconds
New Tree:
Tree: (((((4,5),((6,7),8)),9),(((32,(33,34)),(35,36)),(0,((2,1),3)))),(((30,31),((25,(27,26)),(28,29))),((((13,14),15),((11,12),10)),(((19,20),(16,(17,18))),(((21,22),23),24)))));
Tree Score: 12655.922925160368
Score Improvement: 3.038887923094702E-4

Step Number: 13
Time Spent: 10.784364758 seconds
New Tree:
Tree: (((((4,5),((6,7),8)),9),(((33,(32,34)),(35,36)),(0,((2,1),3)))),(((30,31),((25,(27,26)),(28,29))),((((13,14),15),((11,12),10)),(((19,20),(16,(17,18))),(((21,22),23),24)))));
Tree Score: 12657.74070015653
Score Improvement: 1.4363037819609126E-4

Step Number: 14
Time Spent: 10.075853012 seconds
New Tree:
Tree: (((((4,5),((6,7),8)),9),(((33,(32,34)),(35,36)),(0,((2,1),3)))),(((30,31),((25,(27,26)),(28,29))),((((13,14),15),((11,12),10)),(((19,20),(16,(17,18))),(((21,22),23),24)))));
Tree Score: 12657.74070015653
Score Improvement: 0.0

TOTAL STEPS: 14
TOTAL TIME: 162.160923681 seconds
Final tree: Tree: (((((4,5),((6,7),8)),9),(((33,(32,34)),(35,36)),(0,((2,1),3)))),(((30,31),((25,(27,26)),(28,29))),((((13,14),15),((11,12),10)),(((19,20),(16,(17,18))),(((21,22),23),24)))));
Tree Score: 12657.74070015653
Total Score Improvement: 0.22819584577405783

--------------ITERATION 2--------------
Input tree: ((((0,((1,2),((3,4),5))),(6,(7,8))),(9,10)),(((11,(12,13)),(14,15)),(((((16,(17,18)),(((((19,20),21),22),(23,(24,25))),(26,27))),(28,29)),(30,31)),((32,33),(34,(35,36))))));
Initial Score: 8491.914452484998

Step Number: 1
Time Spent: 9.444093065 seconds
New Tree:
Tree: ((((0,((1,2),((3,4),5))),(6,(7,8))),(9,10)),(((11,(12,13)),(14,15)),((((30,31),(28,29)),((16,(17,18)),(((((19,20),21),22),(23,(24,25))),(26,27)))),((32,33),(34,(35,36))))));
Tree Score: 9767.483201267387
Score Improvement: 0.15020979732186523

Step Number: 2
Time Spent: 8.695420976 seconds
New Tree:
Tree: ((((0,((1,2),((3,4),5))),(6,(7,8))),(9,10)),(((11,(12,13)),(14,15)),((((30,31),(28,29)),((32,33),(34,(35,36)))),((16,(17,18)),(((((19,20),21),22),(23,(24,25))),(26,27))))));
Tree Score: 10611.996249803764
Score Improvement: 0.08646168425729117

Step Number: 3
Time Spent: 8.638262519 seconds
New Tree:
Tree: ((((9,10),(6,(7,8))),(0,((1,2),((3,4),5)))),(((11,(12,13)),(14,15)),((((30,31),(28,29)),((32,33),(34,(35,36)))),((16,(17,18)),(((((19,20),21),22),(23,(24,25))),(26,27))))));
Tree Score: 10851.005699407222
Score Improvement: 0.02252257200033192

Step Number: 4
Time Spent: 8.580499588 seconds
New Tree:
Tree: ((((9,10),(6,(7,8))),(0,((1,2),((3,4),5)))),(((11,(12,13)),(14,15)),((((30,31),(28,29)),((32,33),(34,(35,36)))),((16,(17,18)),(((26,27),(23,(24,25))),(((19,20),21),22))))));
Tree Score: 10888.415224703509
Score Improvement: 0.0034475629570751565

Step Number: 5
Time Spent: 8.89373076 seconds
New Tree:
Tree: ((((9,10),(6,(7,8))),(0,((1,2),((3,4),5)))),(((11,(12,13)),(14,15)),((((30,31),(28,29)),((32,33),(34,(35,36)))),(((26,27),(23,(24,25))),((16,(17,18)),(((19,20),21),22))))));
Tree Score: 11200.665624164481
Score Improvement: 0.028677304549567628

Step Number: 6
Time Spent: 11.373848658 seconds
New Tree:
Tree: ((((9,10),(6,(7,8))),(0,((1,2),((3,4),5)))),(((11,(12,13)),(14,15)),(((16,(17,18)),(((19,20),21),22)),(((26,27),(23,(24,25))),(((30,31),(28,29)),((32,33),(34,(35,36))))))));
Tree Score: 12070.197750676161
Score Improvement: 0.0776321832727278

Step Number: 7
Time Spent: 10.213195128 seconds
New Tree:
Tree: (((((16,(17,18)),(((19,20),21),22)),(((26,27),(23,(24,25))),(((30,31),(28,29)),((32,33),(34,(35,36)))))),(0,((1,2),((3,4),5)))),(((11,(12,13)),(14,15)),((9,10),(6,(7,8)))));
Tree Score: 12421.032623475417
Score Improvement: 0.029066207534139465

Step Number: 8
Time Spent: 9.621707342 seconds
New Tree:
Tree: ((((0,((1,2),((3,4),5))),(((26,27),(23,(24,25))),(((30,31),(28,29)),((32,33),(34,(35,36)))))),((16,(17,18)),(((19,20),21),22))),(((11,(12,13)),(14,15)),((9,10),(6,(7,8)))));
Tree Score: 13722.686302961665
Score Improvement: 0.10479432096701502

Step Number: 9
Time Spent: 10.18135742 seconds
New Tree:
Tree: (((((26,27),(23,(24,25))),((0,((1,2),((3,4),5))),(((30,31),(28,29)),((32,33),(34,(35,36)))))),((16,(17,18)),(((19,20),21),22))),(((11,(12,13)),(14,15)),((9,10),(6,(7,8)))));
Tree Score: 14359.169502339326
Score Improvement: 0.046381822430808795

Step Number: 10
Time Spent: 9.619259265 seconds
New Tree:
Tree: (((((26,27),(25,(24,23))),((0,((1,2),((3,4),5))),(((30,31),(28,29)),((32,33),(34,(35,36)))))),((16,(17,18)),(((19,20),21),22))),(((11,(12,13)),(14,15)),((9,10),(6,(7,8)))));
Tree Score: 14369.06855253037
Score Improvement: 6.893887692760448E-4

Step Number: 11
Time Spent: 9.060268488 seconds
New Tree:
Tree: (((((26,27),(25,(24,23))),((0,((1,2),((3,4),5))),(((30,31),(28,29)),((32,33),(34,(35,36)))))),((16,(17,18)),(((19,20),22),21))),(((11,(12,13)),(14,15)),((9,10),(6,(7,8)))));
Tree Score: 14372.006952418014
Score Improvement: 2.0449480611084425E-4

Step Number: 12
Time Spent: 8.49439611 seconds
New Tree:
Tree: (((((26,27),(25,(24,23))),((0,((1,2),((3,4),5))),(((30,31),(28,29)),((32,33),(34,(35,36)))))),((16,(17,18)),(((19,20),22),21))),(((11,(12,13)),(14,15)),((9,10),(6,(7,8)))));
Tree Score: 14372.006952418014
Score Improvement: 0.0

TOTAL STEPS: 12
TOTAL TIME: 112.816039319 seconds
Final tree: Tree: (((((26,27),(25,(24,23))),((0,((1,2),((3,4),5))),(((30,31),(28,29)),((32,33),(34,(35,36)))))),((16,(17,18)),(((19,20),22),21))),(((11,(12,13)),(14,15)),((9,10),(6,(7,8)))));
Tree Score: 14372.006952418014
Total Score Improvement: 0.6924342600050943

--------------ITERATION 3--------------
Input tree: (0,((((((1,2),3),(((4,5),6),7)),8),(((9,10),11),(((12,(13,14)),(15,16)),(17,((18,19),(20,21)))))),((((22,((23,(24,(25,((26,27),28)))),29)),(30,(31,32))),(33,34)),(35,36))));
Initial Score: 7238.39787410853

Step Number: 1
Time Spent: 10.966396495 seconds
New Tree:
Tree: (0,((((((1,2),3),(((4,5),6),7)),8),((17,((18,19),(20,21))),(((12,(13,14)),(15,16)),((9,10),11)))),((((22,((23,(24,(25,((26,27),28)))),29)),(30,(31,32))),(33,34)),(35,36))));
Tree Score: 8155.249450954623
Score Improvement: 0.12666498758318268

Step Number: 2
Time Spent: 10.41413332 seconds
New Tree:
Tree: (0,((((((1,2),3),(((4,5),6),7)),8),((17,((18,19),(20,21))),(((12,(13,14)),(15,16)),((9,10),11)))),(((35,36),(33,34)),((22,((23,(24,(25,((26,27),28)))),29)),(30,(31,32))))));
Tree Score: 8599.221226383714
Score Improvement: 0.05443999942602873

Step Number: 3
Time Spent: 10.212904798 seconds
New Tree:
Tree: (0,(((22,((23,(24,(25,((26,27),28)))),29)),(30,(31,32))),(((35,36),(33,34)),(((((1,2),3),(((4,5),6),7)),8),((17,((18,19),(20,21))),(((12,(13,14)),(15,16)),((9,10),11)))))));
Tree Score: 9323.89640186776
Score Improvement: 0.08427218656273583

Step Number: 4
Time Spent: 10.262752547 seconds
New Tree:
Tree: (0,(((22,((23,(24,(25,((26,27),28)))),29)),(30,(31,32))),(((17,((18,19),(20,21))),(((12,(13,14)),(15,16)),((9,10),11))),(((((1,2),3),(((4,5),6),7)),8),((35,36),(33,34))))));
Tree Score: 10890.541276297343
Score Improvement: 0.16802469771283102

Step Number: 5
Time Spent: 9.733709294 seconds
New Tree:
Tree: (0,(((((17,((18,19),(20,21))),(((12,(13,14)),(15,16)),((9,10),11))),(((((1,2),3),(((4,5),6),7)),8),((35,36),(33,34)))),(30,(31,32))),(22,((23,(24,(25,((26,27),28)))),29))));
Tree Score: 11647.031550953383
Score Improvement: 0.0694630556428355

Step Number: 6
Time Spent: 9.878047411 seconds
New Tree:
Tree: (0,((((((20,21),((18,19),17)),(((12,(13,14)),(15,16)),((9,10),11))),(((((1,2),3),(((4,5),6),7)),8),((35,36),(33,34)))),(30,(31,32))),(22,((23,(24,(25,((26,27),28)))),29))));
Tree Score: 12026.664301236378
Score Improvement: 0.032594807408409476

Step Number: 7
Time Spent: 9.902382629 seconds
New Tree:
Tree: (0,((((((20,21),((18,19),17)),(((12,(13,14)),(15,16)),((9,10),11))),(((((1,2),3),(((4,5),6),7)),8),((35,36),(33,34)))),(30,(31,32))),(22,(((25,((26,27),28)),(24,23)),29))));
Tree Score: 12160.68842598774
Score Improvement: 0.011143915003729132

Step Number: 8
Time Spent: 9.350550374 seconds
New Tree:
Tree: (0,((((((20,21),((18,19),17)),(((12,(13,14)),(15,16)),((9,10),11))),(((((1,2),3),(((4,5),6),7)),8),((35,36),(33,34)))),(30,(31,32))),(22,(((25,(24,23)),((26,27),28)),29))));
Tree Score: 12214.724251486143
Score Improvement: 0.004443484086223748

Step Number: 9
Time Spent: 9.318676698 seconds
New Tree:
Tree: (0,((((((20,21),((18,19),17)),(((12,(13,14)),(15,16)),((9,10),11))),(((((1,2),3),(((4,5),6),7)),8),((35,36),(33,34)))),(30,(31,32))),(22,((29,((26,27),28)),(25,(24,23))))));
Tree Score: 12406.714902763968
Score Improvement: 0.015717968521022252

Step Number: 10
Time Spent: 8.708675244 seconds
New Tree:
Tree: (0,((((((20,21),((18,19),17)),(((12,(13,14)),(15,16)),((9,10),11))),(((((1,2),3),(((4,5),6),7)),8),((35,36),(33,34)))),(30,(31,32))),(22,(((26,27),(29,28)),(25,(24,23))))));
Tree Score: 12462.28580247589
Score Improvement: 0.004479098629045053

Step Number: 11
Time Spent: 8.71188054 seconds
New Tree:
Tree: (0,((((((20,21),((18,19),17)),(((12,(13,14)),(15,16)),((9,10),11))),(((((1,2),3),((7,6),(4,5))),8),((35,36),(33,34)))),(30,(31,32))),(22,(((26,27),(29,28)),(25,(24,23))))));
Tree Score: 12490.25347744931
Score Improvement: 0.0022441850088099624

Step Number: 12
Time Spent: 8.131341074 seconds
New Tree:
Tree: (0,((((((20,21),((18,19),17)),(((12,(13,14)),(15,16)),((9,10),11))),((((7,6),(((1,2),3),(4,5))),8),((35,36),(33,34)))),(30,(31,32))),(22,(((26,27),(29,28)),(25,(24,23))))));
Tree Score: 12630.979001945598
Score Improvement: 0.011266826950338649

Step Number: 13
Time Spent: 8.705397244 seconds
New Tree:
Tree: (0,((((((20,21),((18,19),17)),(((12,(13,14)),(15,16)),((9,10),11))),((((7,6),8),(((1,2),3),(4,5))),((35,36),(33,34)))),(30,(31,32))),(22,(((26,27),(29,28)),(25,(24,23))))));
Tree Score: 12698.546077222345
Score Improvement: 0.005349314195387311

Step Number: 14
Time Spent: 8.104519995 seconds
New Tree:
Tree: (0,((((((20,21),((18,17),19)),(((12,(13,14)),(15,16)),((9,10),11))),((((7,6),8),(((1,2),3),(4,5))),((35,36),(33,34)))),(30,(31,32))),(22,(((26,27),(29,28)),(25,(24,23))))));
Tree Score: 12710.094452322242
Score Improvement: 9.094249868977222E-4

Step Number: 15
Time Spent: 7.559552092 seconds
New Tree:
Tree: (0,((((((20,21),((18,17),19)),(((12,(13,14)),(15,16)),((9,10),11))),((((7,6),8),(((1,2),3),(4,5))),((35,36),(33,34)))),(30,(31,32))),(22,(((26,27),(25,(24,23))),(29,28)))));
Tree Score: 12714.63572622907
Score Improvement: 3.572966293730051E-4

Step Number: 16
Time Spent: 6.957556823 seconds
New Tree:
Tree: (0,((((((20,21),((18,17),19)),(((12,(13,14)),(15,16)),((9,10),11))),((((7,6),8),(((1,2),3),(4,5))),((35,36),(33,34)))),(30,(31,32))),(22,(((26,27),(25,(24,23))),(29,28)))));
Tree Score: 12714.63572622907
Score Improvement: 0.0

TOTAL STEPS: 16
TOTAL TIME: 146.918476578 seconds
Final tree: Tree: (0,((((((20,21),((18,17),19)),(((12,(13,14)),(15,16)),((9,10),11))),((((7,6),8),(((1,2),3),(4,5))),((35,36),(33,34)))),(30,(31,32))),(22,(((26,27),(25,(24,23))),(29,28)))));
Tree Score: 12714.63572622907
Total Score Improvement: 0.756553860034253

--------------ITERATION 4--------------
Input tree: ((((0,((1,2),((3,(4,(5,6))),7))),((((8,9),10),(11,((12,13),14))),(((((15,16),17),18),19),20))),((21,((22,23),24)),25)),(((26,27),(28,29)),(30,(((31,32),33),((34,35),36)))));
Initial Score: 10584.009749424384

Step Number: 1
Time Spent: 10.30626667 seconds
New Tree:
Tree: ((((0,((1,2),((3,(4,(5,6))),7))),((((8,9),10),(11,((12,13),14))),(((((15,16),17),18),19),20))),((21,((22,23),24)),25)),((((31,32),33),((34,35),36)),(30,((26,27),(28,29)))));
Tree Score: 11162.361900893944
Score Improvement: 0.05464395490574958

Step Number: 2
Time Spent: 10.316698863 seconds
New Tree:
Tree: (((30,((26,27),(28,29))),((21,((22,23),24)),25)),((((31,32),33),((34,35),36)),((0,((1,2),((3,(4,(5,6))),7))),((((8,9),10),(11,((12,13),14))),(((((15,16),17),18),19),20)))));
Tree Score: 11606.26672537238
Score Improvement: 0.03976800146955317

Step Number: 3
Time Spent: 9.61696896 seconds
New Tree:
Tree: (((30,((26,27),(28,29))),((21,((22,23),24)),25)),(((((8,9),10),(11,((12,13),14))),(((((15,16),17),18),19),20)),((0,((1,2),((3,(4,(5,6))),7))),(((31,32),33),((34,35),36)))));
Tree Score: 13786.738078402777
Score Improvement: 0.18787017433122433

Step Number: 4
Time Spent: 9.024569465 seconds
New Tree:
Tree: (((30,((26,27),(28,29))),((21,((22,23),24)),25)),(((((8,9),10),(11,((12,13),14))),((20,19),(((15,16),17),18))),((0,((1,2),((3,(4,(5,6))),7))),(((31,32),33),((34,35),36)))));
Tree Score: 14170.670154500243
Score Improvement: 0.02784792703786132

Step Number: 5
Time Spent: 8.414497053 seconds
New Tree:
Tree: ((((26,27),(30,(28,29))),((21,((22,23),24)),25)),(((((8,9),10),(11,((12,13),14))),((20,19),(((15,16),17),18))),((0,((1,2),((3,(4,(5,6))),7))),(((31,32),33),((34,35),36)))));
Tree Score: 14293.75507960045
Score Improvement: 0.008685893028222091

Step Number: 6
Time Spent: 7.857457014 seconds
New Tree:
Tree: ((((26,27),(30,(28,29))),((21,((22,23),24)),25)),(((((8,9),10),(11,((12,13),14))),(((15,16),17),((20,19),18))),((0,((1,2),((3,(4,(5,6))),7))),(((31,32),33),((34,35),36)))));
Tree Score: 14323.042228583203
Score Improvement: 0.0020489471674627335

Step Number: 7
Time Spent: 7.861774671 seconds
New Tree:
Tree: ((((26,27),(30,(28,29))),((21,((22,23),24)),25)),(((((8,9),10),(11,((12,13),14))),(((17,16),15),((20,19),18))),((0,((1,2),((3,(4,(5,6))),7))),(((31,32),33),((34,35),36)))));
Tree Score: 14349.837603456763
Score Improvement: 0.001870787954537212

Step Number: 8
Time Spent: 7.307548886 seconds
New Tree:
Tree: ((((26,27),(30,(28,29))),((21,((22,23),24)),25)),(((((8,9),10),(11,((12,13),14))),(((17,16),15),((18,19),20))),((0,((1,2),((3,(4,(5,6))),7))),(((31,32),33),((34,35),36)))));
Tree Score: 14368.929728880015
Score Improvement: 0.0013304767587511979

Step Number: 9
Time Spent: 6.751747831 seconds
New Tree:
Tree: ((((26,27),(30,(28,29))),((21,((22,23),24)),25)),(((((8,9),10),(11,((14,13),12))),(((17,16),15),((18,19),20))),((0,((1,2),((3,(4,(5,6))),7))),(((31,32),33),((34,35),36)))));
Tree Score: 14382.631054110316
Score Improvement: 9.535383281025211E-4

Step Number: 10
Time Spent: 6.191678774 seconds
New Tree:
Tree: ((((26,27),(30,(28,29))),((21,((22,23),24)),25)),(((((8,9),10),(11,((14,13),12))),(((17,16),15),((18,19),20))),((0,((1,2),((3,(6,(5,4))),7))),(((31,32),33),((34,35),36)))));
Tree Score: 14388.840878939765
Score Improvement: 4.317586125992534E-4

Step Number: 11
Time Spent: 6.189971993 seconds
New Tree:
Tree: ((((26,27),(30,(28,29))),((21,((24,23),22)),25)),(((((8,9),10),(11,((14,13),12))),(((17,16),15),((18,19),20))),((0,((1,2),((3,(6,(5,4))),7))),(((31,32),33),((34,35),36)))));
Tree Score: 14391.711929093915
Score Improvement: 1.9953310890752363E-4

Step Number: 12
Time Spent: 6.193304959 seconds
New Tree:
Tree: ((((26,27),(30,(28,29))),(((24,23),(21,22)),25)),(((((8,9),10),(11,((14,13),12))),(((17,16),15),((18,19),20))),((0,((1,2),((3,(6,(5,4))),7))),(((31,32),33),((34,35),36)))));
Tree Score: 14450.406953708254
Score Improvement: 0.004078390736524051

Step Number: 13
Time Spent: 5.638873072 seconds
New Tree:
Tree: ((((26,27),(30,(28,29))),(((24,23),(21,22)),25)),(((((8,9),10),(11,((14,13),12))),(((17,16),15),((18,19),20))),((0,((1,2),((3,(6,(5,4))),7))),(((31,32),33),((34,35),36)))));
Tree Score: 14450.406953708254
Score Improvement: 0.0

TOTAL STEPS: 13
TOTAL TIME: 101.671358211 seconds
Final tree: Tree: ((((26,27),(30,(28,29))),(((24,23),(21,22)),25)),(((((8,9),10),(11,((14,13),12))),(((17,16),15),((18,19),20))),((0,((1,2),((3,(6,(5,4))),7))),(((31,32),33),((34,35),36)))));
Tree Score: 14450.406953708254
Total Score Improvement: 0.3653055218032226

--------------ITERATION 5--------------
Input tree: ((((0,(((1,(2,(3,4))),(5,(6,7))),(((8,(9,10)),11),((12,(13,14)),(15,16))))),((17,((18,19),20)),21)),((22,23),24)),((((25,26),27),(28,29)),((30,(31,32)),((33,34),(35,36)))));
Initial Score: 9672.020624785722

Step Number: 1
Time Spent: 9.202489507 seconds
New Tree:
Tree: ((((0,(((1,(2,(3,4))),(5,(6,7))),(((8,(9,10)),11),((12,(13,14)),(15,16))))),((17,((18,19),20)),21)),((30,(31,32)),((33,34),(35,36)))),((((25,26),27),(28,29)),((22,23),24)));
Tree Score: 10993.08842463929
Score Improvement: 0.13658653668171183

Step Number: 2
Time Spent: 9.206160784 seconds
New Tree:
Tree: ((((0,((((3,4),(2,1)),(5,(6,7))),(((8,(9,10)),11),((12,(13,14)),(15,16))))),((17,((18,19),20)),21)),((30,(31,32)),((33,34),(35,36)))),((((25,26),27),(28,29)),((22,23),24)));
Tree Score: 11072.039849744624
Score Improvement: 0.007181914859192506

Step Number: 3
Time Spent: 8.64770115 seconds
New Tree:
Tree: ((((0,((((3,4),(2,1)),(5,(6,7))),(((8,(9,10)),11),((12,(13,14)),(15,16))))),((20,((18,19),17)),21)),((30,(31,32)),((33,34),(35,36)))),((((25,26),27),(28,29)),((22,23),24)));
Tree Score: 11097.936375449857
Score Improvement: 0.00233891189488733

Step Number: 4
Time Spent: 8.648998661 seconds
New Tree:
Tree: ((((0,((((3,4),(2,1)),(5,(6,7))),(((8,(9,10)),11),((12,(13,14)),(15,16))))),((20,((18,17),19)),21)),((30,(31,32)),((33,34),(35,36)))),((((25,26),27),(28,29)),((22,23),24)));
Tree Score: 11109.689025442562
Score Improvement: 0.0010589941764942434

Step Number: 5
Time Spent: 8.07648745 seconds
New Tree:
Tree: ((((0,((((3,4),(2,1)),(5,(6,7))),(((10,(9,8)),11),((12,(13,14)),(15,16))))),((20,((18,17),19)),21)),((30,(31,32)),((33,34),(35,36)))),((((25,26),27),(28,29)),((22,23),24)));
Tree Score: 11117.626450359336
Score Improvement: 7.144596845687357E-4

Step Number: 6
Time Spent: 8.075382421 seconds
New Tree:
Tree: ((((0,((((3,4),(2,1)),(5,(6,7))),(((10,11),(9,8)),((12,(13,14)),(15,16))))),((20,((18,17),19)),21)),((30,(31,32)),((33,34),(35,36)))),((((25,26),27),(28,29)),((22,23),24)));
Tree Score: 11202.24219988238
Score Improvement: 0.007610954541498183

Step Number: 7
Time Spent: 8.076327863 seconds
New Tree:
Tree: ((((0,((((3,4),(2,1)),(5,(6,7))),(((10,11),(9,8)),((12,(13,14)),(15,16))))),((20,((18,17),19)),21)),((30,(31,32)),((33,34),(35,36)))),((((25,26),27),(28,29)),((22,23),24)));
Tree Score: 11202.24219988238
Score Improvement: 0.0

TOTAL STEPS: 7
TOTAL TIME: 59.933547836 seconds
Final tree: Tree: ((((0,((((3,4),(2,1)),(5,(6,7))),(((10,11),(9,8)),((12,(13,14)),(15,16))))),((20,((18,17),19)),21)),((30,(31,32)),((33,34),(35,36)))),((((25,26),27),(28,29)),((22,23),24)));
Tree Score: 11202.24219988238
Total Score Improvement: 0.15821115715730372

--------------ITERATION 6--------------
Input tree: ((((((((0,1),2),((3,4),5)),(6,7)),8),(9,(10,(11,12)))),(13,(((14,(15,16)),((17,(((18,(19,20)),21),((22,23),(24,25)))),(26,((27,28),(((29,30),31),32))))),(33,34)))),(35,36));
Initial Score: 7076.072802584473

Step Number: 1
Time Spent: 11.147972379 seconds
New Tree:
Tree: ((((((((0,1),2),((3,4),5)),(6,7)),8),(9,(10,(11,12)))),(13,(((14,(15,16)),((17,(((18,(19,20)),21),((22,23),(24,25)))),((((29,30),31),32),((27,28),26)))),(33,34)))),(35,36));
Tree Score: 7682.780327964545
Score Improvement: 0.0857407127239389

Step Number: 2
Time Spent: 10.628731629 seconds
New Tree:
Tree: ((((((((0,1),2),((3,4),5)),(6,7)),8),(9,(10,(11,12)))),(13,((((((29,30),31),32),((27,28),26)),((17,(((18,(19,20)),21),((22,23),(24,25)))),(14,(15,16)))),(33,34)))),(35,36));
Tree Score: 8260.721278806071
Score Improvement: 0.07522549469986539

Step Number: 3
Time Spent: 11.080588949 seconds
New Tree:
Tree: ((((13,((((((29,30),31),32),((27,28),26)),((17,(((18,(19,20)),21),((22,23),(24,25)))),(14,(15,16)))),(33,34))),(9,(10,(11,12)))),(((((0,1),2),((3,4),5)),(6,7)),8)),(35,36));
Tree Score: 8624.204179124325
Score Improvement: 0.04400135146198614

Step Number: 4
Time Spent: 11.574832247 seconds
New Tree:
Tree: ((((13,(9,(10,(11,12)))),((((((29,30),31),32),((27,28),26)),((17,(((18,(19,20)),21),((22,23),(24,25)))),(14,(15,16)))),(33,34))),(((((0,1),2),((3,4),5)),(6,7)),8)),(35,36));
Tree Score: 9187.67415271618
Score Improvement: 0.06533588049269357

Step Number: 5
Time Spent: 10.174371685 seconds
New Tree:
Tree: ((((13,(9,(10,(11,12)))),((((((29,30),31),32),((27,28),26)),((((22,23),(24,25)),(((18,(19,20)),21),17)),(14,(15,16)))),(33,34))),(((((0,1),2),((3,4),5)),(6,7)),8)),(35,36));
Tree Score: 9490.873727200065
Score Improvement: 0.033000688688360924

Step Number: 6
Time Spent: 10.802867111 seconds
New Tree:
Tree: ((((33,34),((((((29,30),31),32),((27,28),26)),((((22,23),(24,25)),(((18,(19,20)),21),17)),(14,(15,16)))),(13,(9,(10,(11,12)))))),(((((0,1),2),((3,4),5)),(6,7)),8)),(35,36));
Tree Score: 9722.403626708066
Score Improvement: 0.02439500368068903

Step Number: 7
Time Spent: 10.786544295 seconds
New Tree:
Tree: ((((33,34),(((13,(9,(10,(11,12)))),((((22,23),(24,25)),(((18,(19,20)),21),17)),(14,(15,16)))),((((29,30),31),32),((27,28),26)))),(((((0,1),2),((3,4),5)),(6,7)),8)),(35,36));
Tree Score: 10551.178151701359
Score Improvement: 0.0852437891712905

Step Number: 8
Time Spent: 10.71983197 seconds
New Tree:
Tree: ((((33,34),(((((22,23),(24,25)),(((18,(19,20)),21),17)),((13,(9,(10,(11,12)))),(14,(15,16)))),((((29,30),31),32),((27,28),26)))),(((((0,1),2),((3,4),5)),(6,7)),8)),(35,36));
Tree Score: 11492.050851382213
Score Improvement: 0.08917228826518686

Step Number: 9
Time Spent: 10.118223973 seconds
New Tree:
Tree: ((((((((0,1),2),((3,4),5)),(6,7)),8),(((((22,23),(24,25)),(((18,(19,20)),21),17)),((13,(9,(10,(11,12)))),(14,(15,16)))),((((29,30),31),32),((27,28),26)))),(33,34)),(35,36));
Tree Score: 12197.321302691373
Score Improvement: 0.06137028633356012

Step Number: 10
Time Spent: 11.439772754 seconds
New Tree:
Tree: (((((8,(6,7)),(((0,1),2),((3,4),5))),(((((22,23),(24,25)),(((18,(19,20)),21),17)),((13,(9,(10,(11,12)))),(14,(15,16)))),((((29,30),31),32),((27,28),26)))),(33,34)),(35,36));
Tree Score: 12320.658853164772
Score Improvement: 0.010111855497828337

Step Number: 11
Time Spent: 11.457739144 seconds
New Tree:
Tree: (((((8,(6,7)),(((0,1),2),((3,4),5))),(((((22,23),(24,25)),(((18,(19,20)),21),17)),((13,(9,(10,(11,12)))),(16,(15,14)))),((((29,30),31),32),((27,28),26)))),(33,34)),(35,36));
Tree Score: 12345.240728294375
Score Improvement: 0.001995175373538549

Step Number: 12
Time Spent: 8.934797365 seconds
New Tree:
Tree: (((((8,(6,7)),(((0,1),2),((3,4),5))),(((((22,23),(24,25)),(((18,(19,20)),21),17)),((13,(9,(10,(11,12)))),(16,(15,14)))),(((32,31),(29,30)),((27,28),26)))),(33,34)),(35,36));
Tree Score: 12367.720603578622
Score Improvement: 0.0018209345430360013

Step Number: 13
Time Spent: 8.330308694 seconds
New Tree:
Tree: (((((8,(6,7)),(((0,1),2),((3,4),5))),(((((22,23),(24,25)),(((20,(19,18)),21),17)),((13,(9,(10,(11,12)))),(16,(15,14)))),(((32,31),(29,30)),((27,28),26)))),(33,34)),(35,36));
Tree Score: 12389.250503525967
Score Improvement: 0.001740813900753535

Step Number: 14
Time Spent: 7.747323455 seconds
New Tree:
Tree: (((((8,(6,7)),(((0,1),2),((3,4),5))),(((((22,23),(24,25)),(((20,(19,18)),21),17)),((13,(9,(10,(11,12)))),(16,(15,14)))),(((32,31),(29,30)),((27,28),26)))),(33,34)),(35,36));
Tree Score: 12389.250503525967
Score Improvement: 0.0

TOTAL STEPS: 14
TOTAL TIME: 144.94390565 seconds
Final tree: Tree: (((((8,(6,7)),(((0,1),2),((3,4),5))),(((((22,23),(24,25)),(((20,(19,18)),21),17)),((13,(9,(10,(11,12)))),(16,(15,14)))),(((32,31),(29,30)),((27,28),26)))),(33,34)),(35,36));
Tree Score: 12389.250503525967
Total Score Improvement: 0.750865324477852

--------------ITERATION 7--------------
Input tree: ((0,1),(((((2,3),4),((((5,6),(7,8)),(9,10)),11)),12),(((13,14),15),(((((16,17),(18,(19,20))),21),((22,(23,(24,(25,26)))),(27,28))),((29,((30,31),32)),(33,(34,(35,36))))))));
Initial Score: 9582.45620144505

Step Number: 1
Time Spent: 11.547241238 seconds
New Tree:
Tree: ((0,1),(((((2,3),4),((11,(9,10)),((5,6),(7,8)))),12),(((13,14),15),(((((16,17),(18,(19,20))),21),((22,(23,(24,(25,26)))),(27,28))),((29,((30,31),32)),(33,(34,(35,36))))))));
Tree Score: 9853.801076143485
Score Improvement: 0.02831683954449149

Step Number: 2
Time Spent: 11.482986629 seconds
New Tree:
Tree: ((0,1),(((((2,3),4),((11,(9,10)),((5,6),(7,8)))),12),(((13,14),15),((((29,((30,31),32)),(33,(34,(35,36)))),((22,(23,(24,(25,26)))),(27,28))),(((16,17),(18,(19,20))),21)))));
Tree Score: 9961.206827127005
Score Improvement: 0.010899930915345468

Step Number: 3
Time Spent: 10.968726889 seconds
New Tree:
Tree: ((0,1),(((((2,3),4),((11,(9,10)),((5,6),(7,8)))),12),((((29,((30,31),32)),(33,(34,(35,36)))),((22,(23,(24,(25,26)))),(27,28))),(((13,14),15),(((16,17),(18,(19,20))),21)))));
Tree Score: 10346.552450787634
Score Improvement: 0.03868463232900954

Step Number: 4
Time Spent: 10.372669248 seconds
New Tree:
Tree: ((0,1),(((((2,3),4),((11,(9,10)),((5,6),(7,8)))),12),((((29,((30,31),32)),(33,(34,(35,36)))),((22,((25,26),(24,23))),(27,28))),(((13,14),15),(((16,17),(18,(19,20))),21)))));
Tree Score: 10421.392950379415
Score Improvement: 0.00723337555652015

Step Number: 5
Time Spent: 9.814901043 seconds
New Tree:
Tree: ((0,1),(((((2,3),4),((11,(9,10)),((5,6),(7,8)))),12),((((29,((30,31),32)),(33,(34,(35,36)))),((22,((25,26),(24,23))),(27,28))),(((13,14),15),(((16,17),(20,(19,18))),21)))));
Tree Score: 10441.098025568886
Score Improvement: 0.00189082930499751

Step Number: 6
Time Spent: 9.239626283 seconds
New Tree:
Tree: ((0,1),(((((2,3),4),((11,(9,10)),((5,6),(7,8)))),12),((((29,((32,31),30)),(33,(34,(35,36)))),((22,((25,26),(24,23))),(27,28))),(((13,14),15),(((16,17),(20,(19,18))),21)))));
Tree Score: 10443.733050517863
Score Improvement: 2.523704827330775E-4

Step Number: 7
Time Spent: 9.245336715 seconds
New Tree:
Tree: ((0,1),(((((2,3),4),((11,(9,10)),((5,6),(7,8)))),12),(((((32,31),(29,30)),(33,(34,(35,36)))),((22,((25,26),(24,23))),(27,28))),(((13,14),15),(((16,17),(20,(19,18))),21)))));
Tree Score: 10458.172175943977
Score Improvement: 0.0013825636251203477

Step Number: 8
Time Spent: 8.670584367 seconds
New Tree:
Tree: ((0,1),(((((2,3),4),((11,(9,10)),((5,6),(7,8)))),12),(((((32,31),(29,30)),(33,(34,(35,36)))),((22,((25,26),(24,23))),(27,28))),(((13,14),15),(((16,17),(20,(19,18))),21)))));
Tree Score: 10458.172175943977
Score Improvement: 0.0

TOTAL STEPS: 8
TOTAL TIME: 81.342072412 seconds
Final tree: Tree: ((0,1),(((((2,3),4),((11,(9,10)),((5,6),(7,8)))),12),(((((32,31),(29,30)),(33,(34,(35,36)))),((22,((25,26),(24,23))),(27,28))),(((13,14),15),(((16,17),(20,(19,18))),21)))));
Tree Score: 10458.172175943977
Total Score Improvement: 0.09138742260745936

--------------ITERATION 8--------------
Input tree: ((((((0,1),((((2,3),4),(5,(6,7))),8)),(((9,10),11),(12,13))),(14,15)),(16,(((17,18),(19,(20,21))),(22,23)))),((24,(25,(((26,(27,28)),(29,30)),31))),((32,33),((34,35),36))));
Initial Score: 9385.096750895707

Step Number: 1
Time Spent: 11.590038999 seconds
New Tree:
Tree: (((((14,15),(((9,10),11),(12,13))),((0,1),((((2,3),4),(5,(6,7))),8))),(16,(((17,18),(19,(20,21))),(22,23)))),((24,(25,(((26,(27,28)),(29,30)),31))),((32,33),((34,35),36))));
Tree Score: 9978.723100267951
Score Improvement: 0.06325202234229366

Step Number: 2
Time Spent: 12.006346966 seconds
New Tree:
Tree: (((((14,15),(((9,10),11),(12,13))),(16,(((17,18),(19,(20,21))),(22,23)))),((0,1),((((2,3),4),(5,(6,7))),8))),((24,(25,(((26,(27,28)),(29,30)),31))),((32,33),((34,35),36))));
Tree Score: 11057.541802237964
Score Improvement: 0.10811189880006222

Step Number: 3
Time Spent: 12.012789267 seconds
New Tree:
Tree: ((((32,33),((34,35),36)),((0,1),((((2,3),4),(5,(6,7))),8))),((24,(25,(((26,(27,28)),(29,30)),31))),(((14,15),(((9,10),11),(12,13))),(16,(((17,18),(19,(20,21))),(22,23))))));
Tree Score: 11695.998478284266
Score Improvement: 0.05773947659117895

Step Number: 4
Time Spent: 11.287781009 seconds
New Tree:
Tree: ((((32,33),((34,35),36)),((0,1),((((2,3),4),(5,(6,7))),8))),(((((26,(27,28)),(29,30)),31),(25,24)),(((14,15),(((9,10),11),(12,13))),(16,(((17,18),(19,(20,21))),(22,23))))));
Tree Score: 12389.199079312544
Score Improvement: 0.059268184953625846

Step Number: 5
Time Spent: 10.788730886 seconds
New Tree:
Tree: ((((32,33),((34,35),36)),((0,1),((((2,3),4),(5,(6,7))),8))),(((((26,(27,28)),(29,30)),31),(25,24)),((((9,10),11),((14,15),(12,13))),(16,(((17,18),(19,(20,21))),(22,23))))));
Tree Score: 12723.41012954565
Score Improvement: 0.026976001280919704

Step Number: 6
Time Spent: 10.790139235 seconds
New Tree:
Tree: ((((32,33),((34,35),36)),((0,1),((((2,3),4),(5,(6,7))),8))),(((((26,(27,28)),(29,30)),31),(25,24)),((((9,10),11),((14,15),(12,13))),((22,23),(((17,18),(19,(20,21))),16)))));
Tree Score: 12815.082579423717
Score Improvement: 0.007205021998402117

Step Number: 7
Time Spent: 10.24108806 seconds
New Tree:
Tree: ((((32,33),((34,35),36)),((0,1),(((6,7),(5,((2,3),4))),8))),(((((26,(27,28)),(29,30)),31),(25,24)),((((9,10),11),((14,15),(12,13))),((22,23),(((17,18),(19,(20,21))),16)))));
Tree Score: 12879.050179032653
Score Improvement: 0.004991587000121589

Step Number: 8
Time Spent: 10.795613395 seconds
New Tree:
Tree: ((((32,33),((34,35),36)),((0,1),(((6,7),((2,3),(5,4))),8))),(((((26,(27,28)),(29,30)),31),(25,24)),((((9,10),11),((14,15),(12,13))),((22,23),(((17,18),(19,(20,21))),16)))));
Tree Score: 12974.139079056724
Score Improvement: 0.007383223040692721

Step Number: 9
Time Spent: 10.23953912 seconds
New Tree:
Tree: ((((32,33),((34,35),36)),((0,1),(((6,7),8),((2,3),(5,4))))),(((((26,(27,28)),(29,30)),31),(25,24)),((((9,10),11),((14,15),(12,13))),((22,23),(((17,18),(19,(20,21))),16)))));
Tree Score: 13071.64957886569
Score Improvement: 0.007515758788679161

Step Number: 10
Time Spent: 9.641553651 seconds
New Tree:
Tree: ((((32,33),((34,35),36)),((0,1),(((6,7),8),((2,3),(5,4))))),(((((26,(27,28)),(29,30)),31),(25,24)),((((9,10),11),((14,15),(12,13))),((22,23),(((20,21),(19,(17,18))),16)))));
Tree Score: 13111.691229104137
Score Improvement: 0.0030632438543323204

Step Number: 11
Time Spent: 9.08036427 seconds
New Tree:
Tree: ((((32,33),((34,35),36)),(((6,7),8),((0,1),((2,3),(5,4))))),(((((26,(27,28)),(29,30)),31),(25,24)),((((9,10),11),((14,15),(12,13))),((22,23),(((20,21),(19,(17,18))),16)))));
Tree Score: 13149.787379650064
Score Improvement: 0.002905510042927606

Step Number: 12
Time Spent: 8.515525752 seconds
New Tree:
Tree: ((((32,33),((34,35),36)),(((6,7),8),((0,1),((2,3),(5,4))))),(((((26,(27,28)),(29,30)),31),(25,24)),((((9,10),11),((14,15),(12,13))),((22,23),(((20,21),(19,(17,18))),16)))));
Tree Score: 13149.787379650064
Score Improvement: 0.0

TOTAL STEPS: 12
TOTAL TIME: 126.98951061 seconds
Final tree: Tree: ((((32,33),((34,35),36)),(((6,7),8),((0,1),((2,3),(5,4))))),(((((26,(27,28)),(29,30)),31),(25,24)),((((9,10),11),((14,15),(12,13))),((22,23),(((20,21),(19,(17,18))),16)))));
Tree Score: 13149.787379650064
Total Score Improvement: 0.4011349833335556

--------------ITERATION 9--------------
Input tree: (((0,1),((2,3),4)),((((5,6),((7,8),9)),((10,(((11,12),(13,14)),(15,(16,17)))),(18,19))),((((20,((21,22),((23,24),25))),26),(((27,28),((29,30),(31,(32,33)))),34)),(35,36))));
Initial Score: 8562.802174710134

Step Number: 1
Time Spent: 10.964352869 seconds
New Tree:
Tree: (((0,1),((2,3),4)),((35,36),((((20,((21,22),((23,24),25))),26),(((27,28),((29,30),(31,(32,33)))),34)),(((5,6),((7,8),9)),((10,(((11,12),(13,14)),(15,(16,17)))),(18,19))))));
Tree Score: 10195.23070077385
Score Improvement: 0.19064185914337983

Step Number: 2
Time Spent: 11.033936229 seconds
New Tree:
Tree: (((0,1),((2,3),4)),((35,36),((((20,((21,22),((23,24),25))),26),(((5,6),((7,8),9)),((10,(((11,12),(13,14)),(15,(16,17)))),(18,19)))),(((27,28),((29,30),(31,(32,33)))),34))));
Tree Score: 11072.87300336772
Score Improvement: 0.08608361383399155

Step Number: 3
Time Spent: 11.079682689 seconds
New Tree:
Tree: (((0,1),((2,3),4)),((35,36),((((20,((21,22),((23,24),25))),26),(((5,6),((7,8),9)),((10,(((11,12),(13,14)),(15,(16,17)))),(18,19)))),((34,((29,30),(31,(32,33)))),(27,28)))));
Tree Score: 11404.212953506307
Score Improvement: 0.02992357539346946

Step Number: 4
Time Spent: 9.913889888 seconds
New Tree:
Tree: ((((((20,((21,22),((23,24),25))),26),(((5,6),((7,8),9)),((10,(((11,12),(13,14)),(15,(16,17)))),(18,19)))),((34,((29,30),(31,(32,33)))),(27,28))),((2,3),4)),((35,36),(0,1)));
Tree Score: 11528.08575275707
Score Improvement: 0.01086202088261401

Step Number: 5
Time Spent: 10.119720043 seconds
New Tree:
Tree: ((((((((23,24),25),((21,22),20)),26),(((5,6),((7,8),9)),((10,(((11,12),(13,14)),(15,(16,17)))),(18,19)))),((34,((29,30),(31,(32,33)))),(27,28))),((2,3),4)),((35,36),(0,1)));
Tree Score: 11625.718077762787
Score Improvement: 0.008469083861764926

Step Number: 6
Time Spent: 10.141245057 seconds
New Tree:
Tree: ((((((((23,24),25),((21,22),20)),26),(((5,6),((7,8),9)),((10,(((11,12),(13,14)),(15,(16,17)))),(18,19)))),((34,((29,30),(33,(32,31)))),(27,28))),((2,3),4)),((35,36),(0,1)));
Tree Score: 11632.517827666168
Score Improvement: 5.848885942267845E-4

Step Number: 7
Time Spent: 9.552808496 seconds
New Tree:
Tree: ((((((((23,24),25),((21,22),20)),26),(((5,6),((7,8),9)),((10,(((11,12),(13,14)),(15,(16,17)))),(18,19)))),((34,((29,30),(33,(32,31)))),(27,28))),((2,4),3)),((35,36),(0,1)));
Tree Score: 11635.490677331378
Score Improvement: 2.555637317089854E-4

Step Number: 8
Time Spent: 8.960285942 seconds
New Tree:
Tree: ((((((((23,24),25),((20,22),21)),26),(((5,6),((7,8),9)),((10,(((11,12),(13,14)),(15,(16,17)))),(18,19)))),((34,((29,30),(33,(32,31)))),(27,28))),((2,4),3)),((35,36),(0,1)));
Tree Score: 11637.396051944037
Score Improvement: 1.637554156930232E-4

Step Number: 9
Time Spent: 8.366858104 seconds
New Tree:
Tree: ((((((((23,24),25),((20,22),21)),26),(((5,6),((7,8),9)),((10,(((11,12),(13,14)),(15,(16,17)))),(18,19)))),((34,((29,30),(33,(32,31)))),(27,28))),((2,4),3)),((35,36),(0,1)));
Tree Score: 11637.396051944037
Score Improvement: 0.0

TOTAL STEPS: 9
TOTAL TIME: 90.132779317 seconds
Final tree: Tree: ((((((((23,24),25),((20,22),21)),26),(((5,6),((7,8),9)),((10,(((11,12),(13,14)),(15,(16,17)))),(18,19)))),((34,((29,30),(33,(32,31)))),(27,28))),((2,4),3)),((35,36),(0,1)));
Tree Score: 11637.396051944037
Total Score Improvement: 0.35906398565583864

--------------ITERATION 10--------------
Input tree: (((((0,(1,2)),(3,4)),((5,6),((7,8),9))),(10,(11,12))),((((13,14),((15,(16,(17,((18,19),20)))),21)),((((22,23),(24,(25,26))),((27,28),((29,(30,31)),32))),(33,(34,35)))),36));
Initial Score: 8785.979927808767

Step Number: 1
Time Spent: 10.914420053 seconds
New Tree:
Tree: ((((10,(11,12)),((5,6),((7,8),9))),((0,(1,2)),(3,4))),((((13,14),((15,(16,(17,((18,19),20)))),21)),((((22,23),(24,(25,26))),((27,28),((29,(30,31)),32))),(33,(34,35)))),36));
Tree Score: 9058.735502161311
Score Improvement: 0.03104441127724833

Step Number: 2
Time Spent: 10.289037804 seconds
New Tree:
Tree: ((36,((0,(1,2)),(3,4))),((((13,14),((15,(16,(17,((18,19),20)))),21)),((((22,23),(24,(25,26))),((27,28),((29,(30,31)),32))),(33,(34,35)))),((10,(11,12)),((5,6),((7,8),9)))));
Tree Score: 9544.368601191461
Score Improvement: 0.05360936953223594

Step Number: 3
Time Spent: 8.375381045 seconds
New Tree:
Tree: ((36,((0,(1,2)),(3,4))),((((13,14),((15,(16,(17,((18,19),20)))),21)),((10,(11,12)),((5,6),((7,8),9)))),((((22,23),(24,(25,26))),((27,28),((29,(30,31)),32))),(33,(34,35)))));
Tree Score: 10563.091247352408
Score Improvement: 0.10673546765930375

Step Number: 4
Time Spent: 5.557296148 seconds
New Tree:
Tree: ((36,((0,(1,2)),(3,4))),((33,(34,35)),((((22,23),(24,(25,26))),((27,28),((29,(30,31)),32))),(((13,14),((15,(16,(17,((18,19),20)))),21)),((10,(11,12)),((5,6),((7,8),9)))))));
Tree Score: 12941.094673787236
Score Improvement: 0.22512381752177557

Step Number: 5
Time Spent: 6.188104297 seconds
New Tree:
Tree: ((36,((0,(1,2)),(3,4))),((33,(34,35)),((((22,23),(24,(25,26))),((27,28),((29,(30,31)),32))),(((13,14),((10,(11,12)),((5,6),((7,8),9)))),((15,(16,(17,((18,19),20)))),21)))));
Tree Score: 13374.012679044616
Score Improvement: 0.03345296639659656

Step Number: 6
Time Spent: 5.934068502 seconds
New Tree:
Tree: ((36,((0,(1,2)),(3,4))),((33,(34,35)),((((22,23),(24,(25,26))),((27,28),((29,(30,31)),32))),((((5,6),((7,8),9)),((10,(11,12)),(13,14))),((15,(16,(17,((18,19),20)))),21)))));
Tree Score: 13701.229877899626
Score Improvement: 0.024466643385774534

Step Number: 7
Time Spent: 6.251103999 seconds
New Tree:
Tree: ((((((22,23),(24,(25,26))),((27,28),((29,(30,31)),32))),((((5,6),((7,8),9)),((10,(11,12)),(13,14))),((15,(16,(17,((18,19),20)))),21))),((0,(1,2)),(3,4))),((33,(34,35)),36));
Tree Score: 13942.25282762036
Score Improvement: 0.017591336826594528

Step Number: 8
Time Spent: 6.242978664 seconds
New Tree:
Tree: ((((((25,26),(24,(22,23))),((27,28),((29,(30,31)),32))),((((5,6),((7,8),9)),((10,(11,12)),(13,14))),((15,(16,(17,((18,19),20)))),21))),((0,(1,2)),(3,4))),((33,(34,35)),36));
Tree Score: 13986.912852736765
Score Improvement: 0.0032032144064932933

Step Number: 9
Time Spent: 5.94852411 seconds
New Tree:
Tree: ((((((25,26),(24,(22,23))),((27,28),((29,(30,31)),32))),((((5,6),((7,8),9)),((10,(11,12)),(13,14))),((15,(16,(20,((18,19),17)))),21))),((0,(1,2)),(3,4))),((33,(34,35)),36));
Tree Score: 14016.464903709122
Score Improvement: 0.002112835854737982

Step Number: 10
Time Spent: 5.948522574 seconds
New Tree:
Tree: ((((((25,26),(24,(22,23))),((27,28),((29,(30,31)),32))),((((5,6),((7,8),9)),((10,(11,12)),(13,14))),((15,(16,(20,((18,17),19)))),21))),((0,(1,2)),(3,4))),((33,(34,35)),36));
Tree Score: 14028.217553701827
Score Improvement: 8.384888824282122E-4

Step Number: 11
Time Spent: 5.654108529 seconds
New Tree:
Tree: ((((((25,26),(24,(22,23))),((27,28),((29,(30,31)),32))),((((5,6),((7,8),9)),((10,(11,12)),(13,14))),((15,(16,(20,((18,17),19)))),21))),(((3,4),(1,2)),0)),((33,(34,35)),36));
Tree Score: 14033.696353674044
Score Improvement: 3.9055567474943764E-4

Step Number: 12
Time Spent: 5.681668738 seconds
New Tree:
Tree: ((((((25,26),(24,(22,23))),((27,28),((29,(30,31)),32))),((((5,6),((7,8),9)),((10,(11,12)),(13,14))),((15,(16,(20,((18,17),19)))),21))),(((3,4),(1,2)),0)),((33,(34,35)),36));
Tree Score: 14033.696353674044
Score Improvement: 0.0

TOTAL STEPS: 12
TOTAL TIME: 82.985214463 seconds
Final tree: Tree: ((((((25,26),(24,(22,23))),((27,28),((29,(30,31)),32))),((((5,6),((7,8),9)),((10,(11,12)),(13,14))),((15,(16,(20,((18,17),19)))),21))),(((3,4),(1,2)),0)),((33,(34,35)),36));
Tree Score: 14033.696353674044
Total Score Improvement: 0.5972829973416596

===========================================================
RESULTS FROM 10 ITERATION(S):
AVERAGE TIME PER RUN: 110.989382807 seconds
AVERAGE IMPROVEMENT: 0.44004353581902966
BEST Tree: ((((26,27),(30,(28,29))),(((24,23),(21,22)),25)),(((((8,9),10),(11,((14,13),12))),(((17,16),15),((18,19),20))),((0,((1,2),((3,(6,(5,4))),7))),(((31,32),33),((34,35),36)))));
Tree Score: 14450.406953708254
BEST'S IMPROVEMENT :0.3653055218032226
