--------------ITERATION 1--------------
Input tree: (((((0,1),(2,3)),((4,5),(6,7))),((8,((9,10),(11,12))),((((13,((14,15),16)),17),18),(19,((20,21),22))))),(23,(((((24,25),(26,27)),((((28,29),30),31),(32,33))),(34,35)),36)));
Initial Score: 10432.627299165546

Step Number: 1
Time Spent: 12.943350198 seconds
New Tree:
Tree: (((((0,1),(2,3)),((4,5),(6,7))),((8,((9,10),(11,12))),((((13,((14,15),16)),17),18),(19,((20,21),22))))),(23,((36,(34,35)),(((24,25),(26,27)),((((28,29),30),31),(32,33))))));
Tree Score: 10891.871149427348
Score Improvement: 0.044019961328297

Step Number: 2
Time Spent: 12.647259893 seconds
New Tree:
Tree: (((((0,1),(2,3)),((4,5),(6,7))),(((11,12),((9,10),8)),((((13,((14,15),16)),17),18),(19,((20,21),22))))),(23,((36,(34,35)),(((24,25),(26,27)),((((28,29),30),31),(32,33))))));
Tree Score: 11121.263124971741
Score Improvement: 0.021060841833081545

Step Number: 3
Time Spent: 11.961928539 seconds
New Tree:
Tree: (((((0,1),(2,3)),((4,5),(6,7))),(((11,12),((9,10),8)),(((18,17),(13,((14,15),16))),(19,((20,21),22))))),(23,((36,(34,35)),(((24,25),(26,27)),((((28,29),30),31),(32,33))))));
Tree Score: 11212.191549463332
Score Improvement: 0.008176087866082371

Step Number: 4
Time Spent: 11.163168794 seconds
New Tree:
Tree: (((((0,1),(2,3)),((4,5),(6,7))),(((11,12),((9,10),8)),(((18,17),(13,((14,15),16))),(19,((20,21),22))))),((36,(34,35)),(23,(((24,25),(26,27)),((((28,29),30),31),(32,33))))));
Tree Score: 11275.170523317021
Score Improvement: 0.005617008376627597

Step Number: 5
Time Spent: 11.176545496 seconds
New Tree:
Tree: (((23,(((24,25),(26,27)),((((28,29),30),31),(32,33)))),(((11,12),((9,10),8)),(((18,17),(13,((14,15),16))),(19,((20,21),22))))),((36,(34,35)),(((0,1),(2,3)),((4,5),(6,7)))));
Tree Score: 12204.02637435736
Score Improvement: 0.08238064773561216

Step Number: 6
Time Spent: 10.496495888 seconds
New Tree:
Tree: (((((((28,29),30),31),(32,33)),(((24,25),(26,27)),23)),(((11,12),((9,10),8)),(((18,17),(13,((14,15),16))),(19,((20,21),22))))),((36,(34,35)),(((0,1),(2,3)),((4,5),(6,7)))));
Tree Score: 13511.88739982569
Score Improvement: 0.10716635521342033

Step Number: 7
Time Spent: 10.567837363 seconds
New Tree:
Tree: (((((((28,29),30),31),(32,33)),(((24,25),(26,27)),23)),(((11,12),((9,10),8)),(((18,17),(13,((14,15),16))),(19,((20,21),22))))),((36,(34,35)),((6,7),((4,5),((0,1),(2,3))))));
Tree Score: 13691.774400445123
Score Improvement: 0.01331324006013812

Step Number: 8
Time Spent: 10.538468614 seconds
New Tree:
Tree: (((((((28,29),30),31),(32,33)),(((24,25),23),(26,27))),(((11,12),((9,10),8)),(((18,17),(13,((14,15),16))),(19,((20,21),22))))),((36,(34,35)),((6,7),((4,5),((0,1),(2,3))))));
Tree Score: 13837.932800028895
Score Improvement: 0.010674905626477438

Step Number: 9
Time Spent: 10.527294917 seconds
New Tree:
Tree: (((((((28,29),30),31),(32,33)),(((24,25),23),(26,27))),(((11,12),((9,10),8)),(((18,17),(19,((20,21),22))),(13,((14,15),16))))),((36,(34,35)),((6,7),((4,5),((0,1),(2,3))))));
Tree Score: 13888.6611238349
Score Improvement: 0.003665888867873335

Step Number: 10
Time Spent: 11.196567315 seconds
New Tree:
Tree: (((((((28,29),30),31),(32,33)),(((24,25),23),(26,27))),(((18,17),(19,((20,21),22))),(((11,12),((9,10),8)),(13,((14,15),16))))),((36,(34,35)),((6,7),((4,5),((0,1),(2,3))))));
Tree Score: 14686.629752654932
Score Improvement: 0.05745468347921645

Step Number: 11
Time Spent: 11.26279983 seconds
New Tree:
Tree: (((((((28,29),30),31),(32,33)),(((24,25),23),(26,27))),((((20,21),22),(19,(18,17))),(((11,12),((9,10),8)),(13,((14,15),16))))),((36,(34,35)),((6,7),((4,5),((0,1),(2,3))))));
Tree Score: 14933.590852598543
Score Improvement: 0.016815369087585852

Step Number: 12
Time Spent: 10.53717676 seconds
New Tree:
Tree: ((((((32,33),31),((28,29),30)),(((24,25),23),(26,27))),((((20,21),22),(19,(18,17))),(((11,12),((9,10),8)),(13,((14,15),16))))),((36,(34,35)),((6,7),((4,5),((0,1),(2,3))))));
Tree Score: 14950.264378680731
Score Improvement: 0.0011165115106448464

Step Number: 13
Time Spent: 10.448114666 seconds
New Tree:
Tree: ((((((32,33),31),((28,29),30)),(((24,23),25),(26,27))),((((20,21),22),(19,(18,17))),(((11,12),((9,10),8)),(13,((14,15),16))))),((36,(34,35)),((6,7),((4,5),((0,1),(2,3))))));
Tree Score: 14960.163428871776
Score Improvement: 6.621321162159077E-4

Step Number: 14
Time Spent: 9.750459189 seconds
New Tree:
Tree: ((((((32,33),31),((28,29),30)),(((24,23),25),(26,27))),((((20,22),21),(19,(18,17))),(((11,12),((9,10),8)),(13,((14,15),16))))),((36,(34,35)),((6,7),((4,5),((0,1),(2,3))))));
Tree Score: 14963.21865385666
Score Improvement: 2.0422403802000666E-4

Step Number: 15
Time Spent: 9.067750166 seconds
New Tree:
Tree: ((((((32,31),33),((28,29),30)),(((24,23),25),(26,27))),((((20,22),21),(19,(18,17))),(((11,12),((9,10),8)),(13,((14,15),16))))),((36,(34,35)),((6,7),((4,5),((0,1),(2,3))))));
Tree Score: 14963.7706283991
Score Improvement: 3.688875737295483E-5

Step Number: 16
Time Spent: 8.374521998 seconds
New Tree:
Tree: ((((((32,31),33),((28,29),30)),(((24,23),25),(26,27))),((((20,22),21),(19,(18,17))),(((11,12),((9,10),8)),(13,((14,15),16))))),((36,(34,35)),((6,7),((4,5),((0,1),(2,3))))));
Tree Score: 14963.7706283991
Score Improvement: 0.0

TOTAL STEPS: 16
TOTAL TIME: 172.659739626 seconds
Final tree: Tree: ((((((32,31),33),((28,29),30)),(((24,23),25),(26,27))),((((20,22),21),(19,(18,17))),(((11,12),((9,10),8)),(13,((14,15),16))))),((36,(34,35)),((6,7),((4,5),((0,1),(2,3))))));
Tree Score: 14963.7706283991
Total Score Improvement: 0.43432427894706604

--------------ITERATION 2--------------
Input tree: ((((0,1),(2,((3,4),5))),((((6,7),8),((9,(10,11)),(((12,13),14),(15,(16,(17,18)))))),((((19,20),21),22),((23,24),((25,26),(27,28)))))),(((29,30),(((31,32),33),34)),(35,36)));
Initial Score: 11625.159876334408

Step Number: 1
Time Spent: 12.530394892 seconds
New Tree:
Tree: ((((0,1),(2,((3,4),5))),(((23,24),((25,26),(27,28))),((((19,20),21),22),(((6,7),8),((9,(10,11)),(((12,13),14),(15,(16,(17,18))))))))),(((29,30),(((31,32),33),34)),(35,36)));
Tree Score: 12299.5170740464
Score Improvement: 0.058008423530139686

Step Number: 2
Time Spent: 12.447169574 seconds
New Tree:
Tree: ((((0,1),(2,((3,4),5))),(((23,24),((25,26),(27,28))),(((9,(10,11)),(((12,13),14),(15,(16,(17,18))))),(((6,7),8),(((19,20),21),22))))),(((29,30),(((31,32),33),34)),(35,36)));
Tree Score: 14110.1417483923
Score Improvement: 0.14721103791681034

Step Number: 3
Time Spent: 12.520421417 seconds
New Tree:
Tree: (((((3,4),5),(2,(0,1))),(((23,24),((25,26),(27,28))),(((9,(10,11)),(((12,13),14),(15,(16,(17,18))))),(((6,7),8),(((19,20),21),22))))),(((29,30),(((31,32),33),34)),(35,36)));
Tree Score: 14260.166772746757
Score Improvement: 0.010632425033685555

Step Number: 4
Time Spent: 11.82997384 seconds
New Tree:
Tree: (((((3,4),5),(2,(0,1))),(((23,24),((25,26),(27,28))),(((9,(10,11)),((16,(17,18)),(15,((12,13),14)))),(((6,7),8),(((19,20),21),22))))),(((29,30),(((31,32),33),34)),(35,36)));
Tree Score: 14292.54252336685
Score Improvement: 0.0022703626918281206

Step Number: 5
Time Spent: 11.233953983 seconds
New Tree:
Tree: (((((3,4),5),(2,(0,1))),(((23,24),((25,26),(27,28))),(((9,(10,11)),((16,(17,18)),(15,((14,13),12)))),(((6,7),8),(((19,20),21),22))))),(((29,30),(((31,32),33),34)),(35,36)));
Tree Score: 14315.238073592525
Score Improvement: 0.001587929522586462

Step Number: 6
Time Spent: 10.562638098 seconds
New Tree:
Tree: (((((3,4),5),(2,(0,1))),(((23,24),((25,26),(27,28))),(((9,(10,11)),((16,(17,18)),(15,((14,13),12)))),(((6,7),8),(((19,20),21),22))))),(((29,30),(((31,32),34),33)),(35,36)));
Tree Score: 14316.24907351051
Score Improvement: 7.06240380206058E-5

Step Number: 7
Time Spent: 9.870069442 seconds
New Tree:
Tree: (((((3,4),5),(2,(0,1))),(((23,24),((25,26),(27,28))),(((9,(10,11)),((16,(17,18)),(15,((14,13),12)))),(((6,7),8),(((19,20),22),21))))),(((29,30),(((31,32),34),33)),(35,36)));
Tree Score: 14317.045948656727
Score Improvement: 5.5662285709523474E-5

Step Number: 8
Time Spent: 9.168914846 seconds
New Tree:
Tree: (((((3,4),5),(2,(0,1))),(((23,24),((25,26),(27,28))),(((9,(10,11)),((16,(17,18)),(15,((14,13),12)))),(((6,7),8),(((19,20),22),21))))),(((29,30),(((31,32),34),33)),(35,36)));
Tree Score: 14317.045948656727
Score Improvement: 0.0

TOTAL STEPS: 8
TOTAL TIME: 90.163536092 seconds
Final tree: Tree: (((((3,4),5),(2,(0,1))),(((23,24),((25,26),(27,28))),(((9,(10,11)),((16,(17,18)),(15,((14,13),12)))),(((6,7),8),(((19,20),22),21))))),(((29,30),(((31,32),34),33)),(35,36)));
Tree Score: 14317.045948656727
Total Score Improvement: 0.2315569076862547

--------------ITERATION 3--------------
Input tree: ((0,((((1,2),(3,(4,(5,6)))),7),((((8,(9,10)),(11,12)),(13,14)),(15,16)))),((((17,18),((((19,20),((21,22),(23,24))),(25,26)),(27,(28,29)))),(((30,31),(32,33)),34)),(35,36)));
Initial Score: 7578.709225566949

Step Number: 1
Time Spent: 11.429367031 seconds
New Tree:
Tree: ((0,((((1,2),(3,(4,(5,6)))),7),((((8,(9,10)),(11,12)),(13,14)),(15,16)))),(((35,36),(((30,31),(32,33)),34)),((17,18),((((19,20),((21,22),(23,24))),(25,26)),(27,(28,29))))));
Tree Score: 8045.077375795117
Score Improvement: 0.06153662006913585

Step Number: 2
Time Spent: 11.342526309 seconds
New Tree:
Tree: ((0,((((1,2),(3,(4,(5,6)))),7),((((8,(9,10)),(11,12)),(13,14)),(15,16)))),(((35,36),(((30,31),(32,33)),34)),((17,18),(((27,(28,29)),(25,26)),((19,20),((21,22),(23,24)))))));
Tree Score: 8369.104376040741
Score Improvement: 0.04027643055621932

Step Number: 3
Time Spent: 11.983244029 seconds
New Tree:
Tree: ((0,((((1,2),(3,(4,(5,6)))),7),((((8,(9,10)),(11,12)),(13,14)),(15,16)))),(((35,36),(((30,31),(32,33)),34)),(((27,(28,29)),(25,26)),((17,18),((19,20),((21,22),(23,24)))))));
Tree Score: 9034.117148944635
Score Improvement: 0.07946044678421127

Step Number: 4
Time Spent: 12.670267986 seconds
New Tree:
Tree: ((0,((((1,2),(3,(4,(5,6)))),7),((((8,(9,10)),(11,12)),(13,14)),(15,16)))),(((17,18),((19,20),((21,22),(23,24)))),(((27,(28,29)),(25,26)),((35,36),(((30,31),(32,33)),34)))));
Tree Score: 9540.670100383511
Score Improvement: 0.056071107235758255

Step Number: 5
Time Spent: 11.940240096 seconds
New Tree:
Tree: ((0,((((1,2),(3,(4,(5,6)))),7),((((8,(9,10)),(11,12)),(13,14)),(15,16)))),((((21,22),(23,24)),((19,20),(17,18))),(((27,(28,29)),(25,26)),((35,36),(((30,31),(32,33)),34)))));
Tree Score: 9867.747525108738
Score Improvement: 0.03428243732188996

Step Number: 6
Time Spent: 11.409620456 seconds
New Tree:
Tree: ((0,((((1,2),(3,(4,(5,6)))),7),((((13,14),(11,12)),(8,(9,10))),(15,16)))),((((21,22),(23,24)),((19,20),(17,18))),(((27,(28,29)),(25,26)),((35,36),(((30,31),(32,33)),34)))));
Tree Score: 9990.451049757881
Score Improvement: 0.012434805849756536

Step Number: 7
Time Spent: 9.43032232 seconds
New Tree:
Tree: ((0,((((1,2),(3,(4,(5,6)))),7),((((13,14),(11,12)),(8,(9,10))),(15,16)))),((((21,22),(23,24)),((19,20),(17,18))),(((27,(28,29)),(25,26)),(((30,31),(32,33)),((35,36),34)))));
Tree Score: 10111.481249907745
Score Improvement: 0.012114588174955143

Step Number: 8
Time Spent: 8.851652853 seconds
New Tree:
Tree: ((0,((((((13,14),(11,12)),(8,(9,10))),(15,16)),7),((1,2),(3,(4,(5,6)))))),((((21,22),(23,24)),((19,20),(17,18))),(((27,(28,29)),(25,26)),(((30,31),(32,33)),((35,36),34)))));
Tree Score: 10143.607500032194
Score Improvement: 0.0031772051325063

Step Number: 9
Time Spent: 9.447864286 seconds
New Tree:
Tree: ((0,(((7,(15,16)),(((13,14),(11,12)),(8,(9,10)))),((1,2),(3,(4,(5,6)))))),((((21,22),(23,24)),((19,20),(17,18))),(((27,(28,29)),(25,26)),(((30,31),(32,33)),((35,36),34)))));
Tree Score: 11281.102250125863
Score Improvement: 0.11213907380486265

Step Number: 10
Time Spent: 8.802613307 seconds
New Tree:
Tree: ((0,(((7,(15,16)),(((13,14),(11,12)),(8,(9,10)))),((4,(5,6)),(3,(1,2))))),((((21,22),(23,24)),((19,20),(17,18))),(((27,(28,29)),(25,26)),(((30,31),(32,33)),((35,36),34)))));
Tree Score: 11320.9430251081
Score Improvement: 0.0035316384958563596

Step Number: 11
Time Spent: 8.26315595 seconds
New Tree:
Tree: ((0,(((7,(15,16)),(((13,14),(11,12)),(8,(9,10)))),((4,(5,6)),(3,(1,2))))),((((21,22),(23,24)),((19,20),(17,18))),(((27,(25,26)),(28,29)),(((30,31),(32,33)),((35,36),34)))));
Tree Score: 11347.583549366005
Score Improvement: 0.0023532071664720267

Step Number: 12
Time Spent: 7.722753502 seconds
New Tree:
Tree: ((0,(((7,(15,16)),(((13,14),(11,12)),(8,(9,10)))),((4,(5,6)),(3,(1,2))))),((((21,22),(23,24)),((19,20),(17,18))),(((27,(25,26)),(28,29)),(((30,31),(32,33)),((35,36),34)))));
Tree Score: 11347.583549366005
Score Improvement: 0.0

TOTAL STEPS: 12
TOTAL TIME: 123.293628125 seconds
Final tree: Tree: ((0,(((7,(15,16)),(((13,14),(11,12)),(8,(9,10)))),((4,(5,6)),(3,(1,2))))),((((21,22),(23,24)),((19,20),(17,18))),(((27,(25,26)),(28,29)),(((30,31),(32,33)),((35,36),34)))));
Tree Score: 11347.583549366005
Total Score Improvement: 0.49729765473580545

--------------ITERATION 4--------------
Input tree: (((((0,(1,2)),(3,4)),((((5,6),(7,(8,9))),(10,(11,12))),(13,(14,15)))),(((((16,(17,18)),19),20),(21,22)),(23,(24,(25,26))))),((((27,28),((29,30),31)),(32,33)),((34,35),36)));
Initial Score: 10196.915149404347

Step Number: 1
Time Spent: 10.176517629 seconds
New Tree:
Tree: ((((((((16,(17,18)),19),20),(21,22)),(23,(24,(25,26)))),((((5,6),(7,(8,9))),(10,(11,12))),(13,(14,15)))),((0,(1,2)),(3,4))),((((27,28),((29,30),31)),(32,33)),((34,35),36)));
Tree Score: 11561.454824838991
Score Improvement: 0.13381887124110792

Step Number: 2
Time Spent: 10.868669333 seconds
New Tree:
Tree: ((((34,35),36),((0,(1,2)),(3,4))),((((27,28),((29,30),31)),(32,33)),((((((16,(17,18)),19),20),(21,22)),(23,(24,(25,26)))),((((5,6),(7,(8,9))),(10,(11,12))),(13,(14,15))))));
Tree Score: 12338.910551482084
Score Improvement: 0.06724549275345382

Step Number: 3
Time Spent: 10.11558488 seconds
New Tree:
Tree: ((((34,35),36),((0,(1,2)),(3,4))),((((27,28),((29,30),31)),(32,33)),((((((16,(17,18)),19),20),(21,22)),((((5,6),(7,(8,9))),(10,(11,12))),(13,(14,15)))),(23,(24,(25,26))))));
Tree Score: 12766.090129870543
Score Improvement: 0.03462052639137969

Step Number: 4
Time Spent: 9.620954802 seconds
New Tree:
Tree: ((((34,35),36),((0,(1,2)),(3,4))),((((27,28),((29,30),31)),(32,33)),((((((16,(17,18)),19),20),(21,22)),((((5,6),(7,(8,9))),(10,(11,12))),(13,(14,15)))),((25,26),(24,23)))));
Tree Score: 12943.023679577134
Score Improvement: 0.013859650676646629

Step Number: 5
Time Spent: 9.078360943 seconds
New Tree:
Tree: ((((34,35),36),((0,(1,2)),(3,4))),((((27,28),((29,30),31)),(32,33)),((((((16,(17,18)),19),20),(21,22)),(((13,(14,15)),(10,(11,12))),((5,6),(7,(8,9))))),((25,26),(24,23)))));
Tree Score: 13096.179329571169
Score Improvement: 0.011833065733758863

Step Number: 6
Time Spent: 9.041907843 seconds
New Tree:
Tree: ((((34,35),36),(((3,4),(1,2)),0)),((((27,28),((29,30),31)),(32,33)),((((((16,(17,18)),19),20),(21,22)),(((13,(14,15)),(10,(11,12))),((5,6),(7,(8,9))))),((25,26),(24,23)))));
Tree Score: 13135.992329359375
Score Improvement: 0.0030400469317266587

Step Number: 7
Time Spent: 9.068754414 seconds
New Tree:
Tree: ((((34,35),36),(((3,4),(1,2)),0)),((((27,28),((29,30),31)),(32,33)),((((((16,(17,18)),19),20),(21,22)),(((13,(14,15)),(10,(11,12))),((5,6),(7,(8,9))))),((25,26),(24,23)))));
Tree Score: 13135.992329359375
Score Improvement: 0.0

TOTAL STEPS: 7
TOTAL TIME: 67.970749844 seconds
Final tree: Tree: ((((34,35),36),(((3,4),(1,2)),0)),((((27,28),((29,30),31)),(32,33)),((((((16,(17,18)),19),20),(21,22)),(((13,(14,15)),(10,(11,12))),((5,6),(7,(8,9))))),((25,26),(24,23)))));
Tree Score: 13135.992329359375
Total Score Improvement: 0.2882319933913262

--------------ITERATION 5--------------
Input tree: ((((0,((1,2),(3,4))),5),(((((6,7),8),((9,10),(11,12))),(((13,(14,15)),16),((17,(18,((19,(20,21)),22))),23))),((24,25),26))),((27,28),((29,30),((31,32),(((33,34),35),36)))));
Initial Score: 9671.796149159403

Step Number: 1
Time Spent: 10.212665033 seconds
New Tree:
Tree: ((((0,((1,2),(3,4))),5),(((((6,7),8),((9,10),(11,12))),(((13,(14,15)),16),((17,(18,((19,(20,21)),22))),23))),((24,25),26))),(((31,32),(((33,34),35),36)),((29,30),(27,28))));
Tree Score: 9952.610973743722
Score Improvement: 0.02903440273694402

Step Number: 2
Time Spent: 10.774953296 seconds
New Tree:
Tree: ((((29,30),(27,28)),(((((6,7),8),((9,10),(11,12))),(((13,(14,15)),16),((17,(18,((19,(20,21)),22))),23))),((24,25),26))),(((31,32),(((33,34),35),36)),((0,((1,2),(3,4))),5)));
Tree Score: 10492.674150519772
Score Improvement: 0.05426346696367479

Step Number: 3
Time Spent: 11.310712067 seconds
New Tree:
Tree: ((((((6,7),8),((9,10),(11,12))),(((13,(14,15)),16),((17,(18,((19,(20,21)),22))),23))),(((29,30),(27,28)),((24,25),26))),(((31,32),(((33,34),35),36)),((0,((1,2),(3,4))),5)));
Tree Score: 14003.051050538896
Score Improvement: 0.33455502855249075

Step Number: 4
Time Spent: 11.289562172 seconds
New Tree:
Tree: ((((((6,7),8),((9,10),(11,12))),(((13,(14,15)),16),((((19,(20,21)),22),(18,17)),23))),(((29,30),(27,28)),((24,25),26))),(((31,32),(((33,34),35),36)),((0,((1,2),(3,4))),5)));
Tree Score: 14199.115625993116
Score Improvement: 0.014001561141682384

Step Number: 5
Time Spent: 10.75686573 seconds
New Tree:
Tree: ((((((6,7),8),((9,10),(11,12))),(((13,(14,15)),16),((((19,(20,21)),22),(18,17)),23))),(((29,30),(27,28)),((24,25),26))),(((31,32),((36,35),(33,34))),((0,((1,2),(3,4))),5)));
Tree Score: 14242.172551254509
Score Improvement: 0.0030323666906812985

Step Number: 6
Time Spent: 10.742446927 seconds
New Tree:
Tree: ((((((6,7),8),((9,10),(11,12))),(((15,(14,13)),16),((((19,(20,21)),22),(18,17)),23))),(((29,30),(27,28)),((24,25),26))),(((31,32),((36,35),(33,34))),((0,((1,2),(3,4))),5)));
Tree Score: 14257.396926655201
Score Improvement: 0.0010689643975245744

Step Number: 7
Time Spent: 10.17673728 seconds
New Tree:
Tree: ((((((6,7),8),((9,10),(11,12))),(((15,(14,13)),16),((((21,(20,19)),22),(18,17)),23))),(((29,30),(27,28)),((24,25),26))),(((31,32),((36,35),(33,34))),((0,((1,2),(3,4))),5)));
Tree Score: 14264.321751768468
Score Improvement: 4.8570052085183946E-4

Step Number: 8
Time Spent: 10.174468415 seconds
New Tree:
Tree: ((((((6,7),8),((9,10),(11,12))),(((15,(14,13)),16),((((22,(20,19)),21),(18,17)),23))),(((29,30),(27,28)),((24,25),26))),(((31,32),((36,35),(33,34))),((0,((1,2),(3,4))),5)));
Tree Score: 14271.246276702499
Score Improvement: 4.854436863197531E-4

Step Number: 9
Time Spent: 9.595798042 seconds
New Tree:
Tree: ((((((6,7),8),((9,10),(11,12))),(((15,(14,13)),16),((((22,(20,19)),21),(18,17)),23))),(((29,30),(27,28)),((24,25),26))),(((31,32),((36,35),(33,34))),((0,((1,2),(3,4))),5)));
Tree Score: 14271.246276702499
Score Improvement: 0.0

TOTAL STEPS: 9
TOTAL TIME: 95.034208962 seconds
Final tree: Tree: ((((((6,7),8),((9,10),(11,12))),(((15,(14,13)),16),((((22,(20,19)),21),(18,17)),23))),(((29,30),(27,28)),((24,25),26))),(((31,32),((36,35),(33,34))),((0,((1,2),(3,4))),5)));
Tree Score: 14271.246276702499
Total Score Improvement: 0.47555284009401344

--------------ITERATION 6--------------
Input tree: (((0,1),((2,(3,((4,5),6))),(7,8))),((((9,(10,(11,(12,13)))),((14,(15,(16,17))),((18,(19,20)),21))),(((((22,23),24),(25,26)),(27,28)),(29,30))),((31,(32,33)),(34,(35,36)))));
Initial Score: 12939.05927844479

Step Number: 1
Time Spent: 8.923264544 seconds
New Tree:
Tree: (((0,1),((2,(3,((4,5),6))),(7,8))),((((9,(10,(11,(12,13)))),((14,(15,(16,17))),((18,(19,20)),21))),(((29,30),(27,28)),(((22,23),24),(25,26)))),((31,(32,33)),(34,(35,36)))));
Tree Score: 13687.672952845049
Score Improvement: 0.057856885751143894

Step Number: 2
Time Spent: 8.869891626 seconds
New Tree:
Tree: (((0,1),((((4,5),6),(3,2)),(7,8))),((((9,(10,(11,(12,13)))),((14,(15,(16,17))),((18,(19,20)),21))),(((29,30),(27,28)),(((22,23),24),(25,26)))),((31,(32,33)),(34,(35,36)))));
Tree Score: 13761.726102372919
Score Improvement: 0.005410207402163136

Step Number: 3
Time Spent: 8.342689318 seconds
New Tree:
Tree: (((7,8),((((4,5),6),(3,2)),(0,1))),((((9,(10,(11,(12,13)))),((14,(15,(16,17))),((18,(19,20)),21))),(((29,30),(27,28)),(((22,23),24),(25,26)))),((31,(32,33)),(34,(35,36)))));
Tree Score: 13800.519902187258
Score Improvement: 0.0028189632263970754

Step Number: 4
Time Spent: 8.339512239 seconds
New Tree:
Tree: (((7,8),(((0,1),(3,2)),((4,5),6))),((((9,(10,(11,(12,13)))),((14,(15,(16,17))),((18,(19,20)),21))),(((29,30),(27,28)),(((22,23),24),(25,26)))),((31,(32,33)),(34,(35,36)))));
Tree Score: 13858.22252716796
Score Improvement: 0.004181192113752008

Step Number: 5
Time Spent: 8.322693689 seconds
New Tree:
Tree: (((7,8),(((0,1),(3,2)),((4,5),6))),((((9,(10,(11,(12,13)))),((14,(15,(16,17))),((20,(19,18)),21))),(((29,30),(27,28)),(((22,23),24),(25,26)))),((31,(32,33)),(34,(35,36)))));
Tree Score: 13879.752427115305
Score Improvement: 0.0015535830735244893

Step Number: 6
Time Spent: 7.781092693 seconds
New Tree:
Tree: (((7,8),(((0,1),(3,2)),((4,5),6))),((((9,(10,(11,(12,13)))),(((16,17),(15,14)),((20,(19,18)),21))),(((29,30),(27,28)),(((22,23),24),(25,26)))),((31,(32,33)),(34,(35,36)))));
Tree Score: 13880.590727076265
Score Improvement: 6.03973280763892E-5

Step Number: 7
Time Spent: 7.225329143 seconds
New Tree:
Tree: (((7,8),(((0,1),(3,2)),((4,5),6))),((((9,(10,(11,(12,13)))),(((16,17),(15,14)),((20,(19,18)),21))),(((29,30),(27,28)),(((22,23),24),(25,26)))),((31,(32,33)),(34,(35,36)))));
Tree Score: 13880.590727076265
Score Improvement: 0.0

TOTAL STEPS: 7
TOTAL TIME: 57.804473252 seconds
Final tree: Tree: (((7,8),(((0,1),(3,2)),((4,5),6))),((((9,(10,(11,(12,13)))),(((16,17),(15,14)),((20,(19,18)),21))),(((29,30),(27,28)),(((22,23),24),(25,26)))),((31,(32,33)),(34,(35,36)))));
Tree Score: 13880.590727076265
Total Score Improvement: 0.07276660755391817

--------------ITERATION 7--------------
Input tree: ((((0,1),((2,((3,4),5)),((6,7),8))),((9,10),11)),((12,(((13,(14,(15,16))),((17,((18,19),20)),(21,22))),(23,(24,25)))),((26,(27,28)),(((29,30),((31,32),33)),((34,35),36)))));
Initial Score: 9328.916350959436

Step Number: 1
Time Spent: 8.909793836 seconds
New Tree:
Tree: ((((0,1),((2,((3,4),5)),((6,7),8))),((26,(27,28)),(((29,30),((31,32),33)),((34,35),36)))),((12,(((13,(14,(15,16))),((17,((18,19),20)),(21,22))),(23,(24,25)))),((9,10),11)));
Tree Score: 10057.086827286854
Score Improvement: 0.0780552047990577

Step Number: 2
Time Spent: 10.03605682 seconds
New Tree:
Tree: ((((0,1),((2,((3,4),5)),((6,7),8))),((26,(27,28)),(((29,30),((31,32),33)),((34,35),36)))),((12,((9,10),11)),(((13,(14,(15,16))),((17,((18,19),20)),(21,22))),(23,(24,25)))));
Tree Score: 10801.365776387378
Score Improvement: 0.07400542143885525

Step Number: 3
Time Spent: 10.037068751 seconds
New Tree:
Tree: ((((0,1),((2,((3,4),5)),((6,7),8))),((26,(27,28)),(((29,30),((31,32),33)),((34,35),36)))),(((9,10),(12,11)),(((13,(14,(15,16))),((17,((18,19),20)),(21,22))),(23,(24,25)))));
Tree Score: 10962.804226828142
Score Improvement: 0.014946114573184843

Step Number: 4
Time Spent: 9.470015007 seconds
New Tree:
Tree: ((((0,1),((2,((3,4),5)),((6,7),8))),((26,(27,28)),(((29,30),((31,32),33)),((34,35),36)))),(((9,10),(12,11)),(((13,(14,(15,16))),((20,((18,19),17)),(21,22))),(23,(24,25)))));
Tree Score: 10982.094852186143
Score Improvement: 0.001759643332021943

Step Number: 5
Time Spent: 9.462940085 seconds
New Tree:
Tree: ((((0,1),((2,((3,4),5)),((6,7),8))),((26,(27,28)),(((29,30),((31,32),33)),((34,35),36)))),(((9,10),(12,11)),(((13,(16,(15,14))),((20,((18,19),17)),(21,22))),(23,(24,25)))));
Tree Score: 10995.66980226092
Score Improvement: 0.0012360984181514212

Step Number: 6
Time Spent: 8.906973925 seconds
New Tree:
Tree: ((((0,1),((2,((3,4),5)),((6,7),8))),((26,(27,28)),(((29,30),((31,32),33)),((34,35),36)))),(((9,10),(12,11)),(((13,(16,(15,14))),((20,((18,17),19)),(21,22))),(23,(24,25)))));
Tree Score: 11007.422452253624
Score Improvement: 0.001068843481484727

Step Number: 7
Time Spent: 8.35327118 seconds
New Tree:
Tree: ((((0,1),((2,((5,4),3)),((6,7),8))),((26,(27,28)),(((29,30),((31,32),33)),((34,35),36)))),(((9,10),(12,11)),(((13,(16,(15,14))),((20,((18,17),19)),(21,22))),(23,(24,25)))));
Tree Score: 11016.675427397116
Score Improvement: 8.406123398669862E-4

Step Number: 8
Time Spent: 8.346897605 seconds
New Tree:
Tree: ((((0,1),((3,((5,4),2)),((6,7),8))),((26,(27,28)),(((29,30),((31,32),33)),((34,35),36)))),(((9,10),(12,11)),(((13,(16,(15,14))),((20,((18,17),19)),(21,22))),(23,(24,25)))));
Tree Score: 11018.155401793643
Score Improvement: 1.343394753055005E-4

Step Number: 9
Time Spent: 7.812713615 seconds
New Tree:
Tree: ((((0,1),((3,((5,4),2)),((6,7),8))),((26,(27,28)),(((29,30),((31,32),33)),((34,35),36)))),(((9,10),(12,11)),(((13,(16,(15,14))),((20,((18,17),19)),(21,22))),(23,(24,25)))));
Tree Score: 11018.155401793643
Score Improvement: 0.0

TOTAL STEPS: 9
TOTAL TIME: 81.335730824 seconds
Final tree: Tree: ((((0,1),((3,((5,4),2)),((6,7),8))),((26,(27,28)),(((29,30),((31,32),33)),((34,35),36)))),(((9,10),(12,11)),(((13,(16,(15,14))),((20,((18,17),19)),(21,22))),(23,(24,25)))));
Tree Score: 11018.155401793643
Total Score Improvement: 0.18107559198560885

--------------ITERATION 8--------------
Input tree: (((((0,(1,(2,3))),4),(((5,(6,7)),(((8,(9,(10,11))),12),13)),(14,15))),((16,((17,18),((19,20),(((21,22),23),(24,(25,26)))))),(27,28))),(((29,((30,31),32)),33),((34,35),36)));
Initial Score: 8055.410700593347

Step Number: 1
Time Spent: 11.369932098 seconds
New Tree:
Tree: (((((16,((17,18),((19,20),(((21,22),23),(24,(25,26)))))),(27,28)),(((5,(6,7)),(((8,(9,(10,11))),12),13)),(14,15))),((0,(1,(2,3))),4)),(((29,((30,31),32)),33),((34,35),36)));
Tree Score: 9955.531275508132
Score Improvement: 0.2358812785020168

Step Number: 2
Time Spent: 13.497917997 seconds
New Tree:
Tree: (((((16,((((21,22),23),(24,(25,26))),((19,20),(17,18)))),(27,28)),(((5,(6,7)),(((8,(9,(10,11))),12),13)),(14,15))),((0,(1,(2,3))),4)),(((29,((30,31),32)),33),((34,35),36)));
Tree Score: 10371.917074683886
Score Improvement: 0.041824568438664445

Step Number: 3
Time Spent: 15.415861822 seconds
New Tree:
Tree: (((((16,((((21,22),23),(24,(25,26))),((19,20),(17,18)))),(27,28)),(((5,(6,7)),((13,12),(8,(9,(10,11))))),(14,15))),((0,(1,(2,3))),4)),(((29,((30,31),32)),33),((34,35),36)));
Tree Score: 10631.61632512493
Score Improvement: 0.025038693287948277

Step Number: 4
Time Spent: 11.518012032 seconds
New Tree:
Tree: ((((34,35),36),((0,(1,(2,3))),4)),(((29,((30,31),32)),33),(((16,((((21,22),23),(24,(25,26))),((19,20),(17,18)))),(27,28)),(((5,(6,7)),((13,12),(8,(9,(10,11))))),(14,15)))));
Tree Score: 10805.445651781956
Score Improvement: 0.01635022571744127

Step Number: 5
Time Spent: 10.748588421 seconds
New Tree:
Tree: ((((34,35),36),((0,(1,(2,3))),4)),(((29,((30,31),32)),33),(((16,((((21,22),23),((19,20),(17,18))),(24,(25,26)))),(27,28)),(((5,(6,7)),((13,12),(8,(9,(10,11))))),(14,15)))));
Tree Score: 10928.646202281678
Score Improvement: 0.011401709329721621

Step Number: 6
Time Spent: 10.192231708 seconds
New Tree:
Tree: ((((34,35),36),((0,(1,(2,3))),4)),(((29,((30,31),32)),33),(((16,((((21,22),23),((19,20),(17,18))),(24,(25,26)))),(27,28)),(((5,(6,7)),((13,12),((10,11),(9,8)))),(14,15)))));
Tree Score: 10970.462702401543
Score Improvement: 0.0038263202363650883

Step Number: 7
Time Spent: 10.205895037 seconds
New Tree:
Tree: ((((34,35),36),((0,(1,(2,3))),4)),(((29,((30,31),32)),33),(((16,((((21,22),23),((19,20),(17,18))),(24,(25,26)))),(27,28)),(((5,(6,7)),((9,8),((10,11),(13,12)))),(14,15)))));
Tree Score: 11017.939602662438
Score Improvement: 0.004327702627392682

Step Number: 8
Time Spent: 10.192681346 seconds
New Tree:
Tree: ((((34,35),36),((0,(1,(2,3))),4)),(((33,((30,31),32)),29),(((16,((((21,22),23),((19,20),(17,18))),(24,(25,26)))),(27,28)),(((5,(6,7)),((9,8),((10,11),(13,12)))),(14,15)))));
Tree Score: 11047.032027120214
Score Improvement: 0.0026404596056004426

Step Number: 9
Time Spent: 9.629138175 seconds
New Tree:
Tree: ((((34,35),36),((0,(1,(2,3))),4)),(((33,((30,31),32)),29),(((16,((((21,22),23),((19,20),(17,18))),(24,(25,26)))),(27,28)),(((((9,8),((10,11),(13,12))),(6,7)),5),(14,15)))));
Tree Score: 11063.98437749895
Score Improvement: 0.0015345615308361982

Step Number: 10
Time Spent: 9.16145915 seconds
New Tree:
Tree: ((((34,35),36),((0,(3,(2,1))),4)),(((33,((30,31),32)),29),(((16,((((21,22),23),((19,20),(17,18))),(24,(25,26)))),(27,28)),(((((9,8),((10,11),(13,12))),(6,7)),5),(14,15)))));
Tree Score: 11080.829527310307
Score Improvement: 0.0015225211132452454

Step Number: 11
Time Spent: 8.596388759 seconds
New Tree:
Tree: ((((34,35),36),((0,(3,(2,1))),4)),(((33,((32,31),30)),29),(((16,((((21,22),23),((19,20),(17,18))),(24,(25,26)))),(27,28)),(((((9,8),((10,11),(13,12))),(6,7)),5),(14,15)))));
Tree Score: 11089.29012739307
Score Improvement: 7.635349015984172E-4

Step Number: 12
Time Spent: 8.583122337 seconds
New Tree:
Tree: ((((34,35),36),((4,(3,(2,1))),0)),(((33,((32,31),30)),29),(((16,((((21,22),23),((19,20),(17,18))),(24,(25,26)))),(27,28)),(((((9,8),((10,11),(13,12))),(6,7)),5),(14,15)))));
Tree Score: 11095.04990286634
Score Improvement: 5.193998359771523E-4

Step Number: 13
Time Spent: 8.593930136 seconds
New Tree:
Tree: ((((34,35),36),((3,(4,(2,1))),0)),(((33,((32,31),30)),29),(((16,((((21,22),23),((19,20),(17,18))),(24,(25,26)))),(27,28)),(((((9,8),((10,11),(13,12))),(6,7)),5),(14,15)))));
Tree Score: 11102.782302300191
Score Improvement: 6.969233578528744E-4

Step Number: 14
Time Spent: 8.031832749 seconds
New Tree:
Tree: ((((34,35),36),((3,(4,(2,1))),0)),(((33,((32,31),30)),29),(((16,((((21,22),23),((19,20),(17,18))),(24,(25,26)))),(27,28)),(((((9,8),((10,11),(13,12))),(6,7)),5),(14,15)))));
Tree Score: 11102.782302300191
Score Improvement: 0.0

TOTAL STEPS: 14
TOTAL TIME: 145.736991767 seconds
Final tree: Tree: ((((34,35),36),((3,(4,(2,1))),0)),(((33,((32,31),30)),29),(((16,((((21,22),23),((19,20),(17,18))),(24,(25,26)))),(27,28)),(((((9,8),((10,11),(13,12))),(6,7)),5),(14,15)))));
Tree Score: 11102.782302300191
Total Score Improvement: 0.37830120833967906

--------------ITERATION 9--------------
Input tree: ((((0,1),((2,3),(4,5))),((6,7),((8,9),(10,11)))),(((12,13),(14,((15,16),17))),((18,((19,(((20,21),(22,23)),((24,(25,26)),27))),(28,29))),(((((30,31),32),33),34),(35,36)))));
Initial Score: 9428.85290536235

Step Number: 1
Time Spent: 10.07403679 seconds
New Tree:
Tree: ((((0,1),((2,3),(4,5))),((6,7),((8,9),(10,11)))),(((12,13),(14,((15,16),17))),(((28,29),((19,(((20,21),(22,23)),((24,(25,26)),27))),18)),(((((30,31),32),33),34),(35,36)))));
Tree Score: 9748.557079801914
Score Improvement: 0.03390700625499665

Step Number: 2
Time Spent: 9.527397583 seconds
New Tree:
Tree: ((((0,1),((2,3),(4,5))),((6,7),((8,9),(10,11)))),(((12,13),(14,((15,16),17))),(((28,29),((19,18),(((20,21),(22,23)),((24,(25,26)),27)))),(((((30,31),32),33),34),(35,36)))));
Tree Score: 10165.46065425935
Score Improvement: 0.04276566993911546

Step Number: 3
Time Spent: 9.461628466 seconds
New Tree:
Tree: ((((0,1),((2,3),(4,5))),((6,7),((8,9),(10,11)))),((((((30,31),32),33),34),(35,36)),(((28,29),((19,18),(((20,21),(22,23)),((24,(25,26)),27)))),((12,13),(14,((15,16),17))))));
Tree Score: 10384.259456645137
Score Improvement: 0.021523746913929553

Step Number: 4
Time Spent: 9.488830249 seconds
New Tree:
Tree: (((((28,29),((19,18),(((20,21),(22,23)),((24,(25,26)),27)))),((12,13),(14,((15,16),17)))),((6,7),((8,9),(10,11)))),((((((30,31),32),33),34),(35,36)),((0,1),((2,3),(4,5)))));
Tree Score: 10766.329777085739
Score Improvement: 0.03679321785398049

Step Number: 5
Time Spent: 11.280341376 seconds
New Tree:
Tree: (((((6,7),((8,9),(10,11))),((12,13),(14,((15,16),17)))),((28,29),((19,18),(((20,21),(22,23)),((24,(25,26)),27))))),((((((30,31),32),33),34),(35,36)),((0,1),((2,3),(4,5)))));
Tree Score: 13098.459478662793
Score Improvement: 0.21661325167101864

Step Number: 6
Time Spent: 11.444536837 seconds
New Tree:
Tree: (((((6,7),((8,9),(10,11))),((12,13),(14,((15,16),17)))),((28,29),(((24,(25,26)),27),(((20,21),(22,23)),(19,18))))),((((((30,31),32),33),34),(35,36)),((0,1),((2,3),(4,5)))));
Tree Score: 13257.13065424161
Score Improvement: 0.012113728017961956

Step Number: 7
Time Spent: 13.40986497 seconds
New Tree:
Tree: (((((6,7),((8,9),(10,11))),((12,13),(14,((15,16),17)))),((((20,21),(22,23)),(19,18)),(((24,(25,26)),27),(28,29)))),((((((30,31),32),33),34),(35,36)),((0,1),((2,3),(4,5)))));
Tree Score: 13626.541776138227
Score Improvement: 0.027865088723284526

Step Number: 8
Time Spent: 12.775192781 seconds
New Tree:
Tree: (((((24,(25,26)),27),(28,29)),((((20,21),(22,23)),(19,18)),(((6,7),((8,9),(10,11))),((12,13),(14,((15,16),17)))))),((((((30,31),32),33),34),(35,36)),((0,1),((2,3),(4,5)))));
Tree Score: 13886.190300611252
Score Improvement: 0.01905461625837468

Step Number: 9
Time Spent: 12.023873428 seconds
New Tree:
Tree: (((((24,(25,26)),27),(28,29)),((((20,21),(22,23)),(19,18)),(((6,7),((8,9),(10,11))),((12,13),(14,((15,16),17)))))),((((35,36),34),(((30,31),32),33)),((0,1),((2,3),(4,5)))));
Tree Score: 13955.33005021646
Score Improvement: 0.004979029388799683

Step Number: 10
Time Spent: 11.270078129 seconds
New Tree:
Tree: (((((24,(25,26)),27),(28,29)),((((20,21),(22,23)),(19,18)),(((6,7),((8,9),(10,11))),((12,13),(14,((15,16),17)))))),((((30,31),32),(((35,36),34),33)),((0,1),((2,3),(4,5)))));
Tree Score: 13970.179374943891
Score Improvement: 0.0010640611632972696

Step Number: 11
Time Spent: 11.272504486 seconds
New Tree:
Tree: (((((24,(25,26)),27),(28,29)),(((23,(22,(20,21))),(19,18)),(((6,7),((8,9),(10,11))),((12,13),(14,((15,16),17)))))),((((30,31),32),(((35,36),34),33)),((0,1),((2,3),(4,5)))));
Tree Score: 13974.0775499306
Score Improvement: 2.7903542839968765E-4

Step Number: 12
Time Spent: 11.2661879 seconds
New Tree:
Tree: (((((24,(25,26)),27),(28,29)),(((23,(21,(20,22))),(19,18)),(((6,7),((8,9),(10,11))),((12,13),(14,((15,16),17)))))),((((30,31),32),(((35,36),34),33)),((0,1),((2,3),(4,5)))));
Tree Score: 13978.336999710587
Score Improvement: 3.0481080162658714E-4

Step Number: 13
Time Spent: 10.563998537 seconds
New Tree:
Tree: (((((24,(25,26)),27),(28,29)),(((23,(21,(20,22))),(19,18)),(((6,7),((8,9),(10,11))),((12,13),(14,((17,16),15)))))),((((30,31),32),(((35,36),34),33)),((0,1),((2,3),(4,5)))));
Tree Score: 13982.017824608072
Score Improvement: 2.633235196405348E-4

Step Number: 14
Time Spent: 10.563919057 seconds
New Tree:
Tree: (((((24,(25,26)),27),(28,29)),(((23,(21,(20,22))),(19,18)),(((6,7),((8,9),(10,11))),((12,13),((17,16),(14,15)))))),((((30,31),32),(((35,36),34),33)),((0,1),((2,3),(4,5)))));
Tree Score: 14044.92462444941
Score Improvement: 0.004499121702636

Step Number: 15
Time Spent: 9.878621088 seconds
New Tree:
Tree: (((((24,(25,26)),27),(28,29)),(((23,(21,(20,22))),(19,18)),(((6,7),((8,9),(10,11))),((12,13),((17,16),(14,15)))))),((((30,31),32),(((35,36),34),33)),((0,1),((2,3),(4,5)))));
Tree Score: 14044.92462444941
Score Improvement: 0.0

TOTAL STEPS: 15
TOTAL TIME: 164.301011677 seconds
Final tree: Tree: (((((24,(25,26)),27),(28,29)),(((23,(21,(20,22))),(19,18)),(((6,7),((8,9),(10,11))),((12,13),((17,16),(14,15)))))),((((30,31),32),(((35,36),34),33)),((0,1),((2,3),(4,5)))));
Tree Score: 14044.92462444941
Total Score Improvement: 0.48956874875647083

--------------ITERATION 10--------------
Input tree: ((((0,1),(2,3)),((4,5),6)),((7,((8,(9,10)),(((11,12),((13,14),15)),(16,17)))),((18,((19,20),21)),((((22,23),((24,((25,26),27)),(28,((29,(30,31)),32)))),33),(34,(35,36))))));
Initial Score: 7849.093223859387

Step Number: 1
Time Spent: 12.047953515 seconds
New Tree:
Tree: ((((0,1),(2,3)),((4,5),6)),(((((22,23),((24,((25,26),27)),(28,((29,(30,31)),32)))),33),(34,(35,36))),((18,((19,20),21)),(7,((8,(9,10)),(((11,12),((13,14),15)),(16,17)))))));
Tree Score: 9171.833626069305
Score Improvement: 0.1685214284612011

Step Number: 2
Time Spent: 13.450891137 seconds
New Tree:
Tree: ((((0,1),(2,3)),((4,5),6)),(((((22,23),((24,((25,26),27)),(28,((29,(30,31)),32)))),33),(34,(35,36))),(((8,(9,10)),(((11,12),((13,14),15)),(16,17))),(7,(18,((19,20),21))))));
Tree Score: 10277.238299982842
Score Improvement: 0.1205216665478559

Step Number: 3
Time Spent: 12.836014552 seconds
New Tree:
Tree: ((((0,1),(2,3)),((4,5),6)),(((((22,23),((24,((25,26),27)),(28,((29,(30,31)),32)))),33),(((8,(9,10)),(((11,12),((13,14),15)),(16,17))),(7,(18,((19,20),21))))),(34,(35,36))));
Tree Score: 11381.452923598503
Score Improvement: 0.10744273815442273

Step Number: 4
Time Spent: 12.205986669 seconds
New Tree:
Tree: ((((0,1),(2,3)),((4,5),6)),(((((28,((29,(30,31)),32)),((24,((25,26),27)),(22,23))),33),(((8,(9,10)),(((11,12),((13,14),15)),(16,17))),(7,(18,((19,20),21))))),(34,(35,36))));
Tree Score: 11460.550024256263
Score Improvement: 0.0069496488004408

Step Number: 5
Time Spent: 12.236753361 seconds
New Tree:
Tree: ((((0,1),(2,3)),((4,5),6)),(((((28,((29,(30,31)),32)),((24,(22,23)),((25,26),27))),33),(((8,(9,10)),(((11,12),((13,14),15)),(16,17))),(7,(18,((19,20),21))))),(34,(35,36))));
Tree Score: 11643.578574125924
Score Improvement: 0.015970311152805117

Step Number: 6
Time Spent: 11.49996742 seconds
New Tree:
Tree: ((((0,1),(2,3)),((4,5),6)),(((((28,((29,(30,31)),32)),((24,(22,23)),((25,26),27))),(((8,(9,10)),(((11,12),((13,14),15)),(16,17))),(7,(18,((19,20),21))))),33),(34,(35,36))));
Tree Score: 11770.520400845657
Score Improvement: 0.010902303438035776

Step Number: 7
Time Spent: 11.65607938 seconds
New Tree:
Tree: ((((0,1),(2,3)),(34,(35,36))),(((((28,((29,(30,31)),32)),((24,(22,23)),((25,26),27))),(((8,(9,10)),(((11,12),((13,14),15)),(16,17))),(7,(18,((19,20),21))))),33),((4,5),6)));
Tree Score: 11947.64860112012
Score Improvement: 0.015048459561884497

Step Number: 8
Time Spent: 13.138162821 seconds
New Tree:
Tree: ((((0,1),(2,3)),(34,(35,36))),(((((28,((29,(30,31)),32)),((24,(22,23)),((25,26),27))),(((8,(9,10)),(((11,12),((13,14),15)),(16,17))),(7,(18,((19,20),21))))),((4,5),6)),33));
Tree Score: 12612.709849986728
Score Improvement: 0.05566461410693457

Step Number: 9
Time Spent: 12.380616209 seconds
New Tree:
Tree: ((((0,1),(2,3)),(34,(35,36))),(((((28,((29,(30,31)),32)),((24,(22,23)),((25,26),27))),(((8,(9,10)),(((11,12),((13,14),15)),(16,17))),(7,(21,((19,20),18))))),((4,5),6)),33));
Tree Score: 12627.858099967256
Score Improvement: 0.0012010305604979177

Step Number: 10
Time Spent: 12.368837546 seconds
New Tree:
Tree: ((((0,1),(2,3)),(34,(35,36))),(((((28,((29,(30,31)),32)),((24,(22,23)),((25,26),27))),(((8,(9,10)),(((11,12),((13,14),15)),(16,17))),(7,(21,((19,18),20))))),((4,5),6)),33));
Tree Score: 12649.387999914601
Score Improvement: 0.0017049526354275812

Step Number: 11
Time Spent: 11.655132402 seconds
New Tree:
Tree: ((((0,1),(2,3)),(34,(35,36))),(((((28,((29,(30,31)),32)),((24,(22,23)),((25,26),27))),(((8,(9,10)),(((11,12),((13,14),15)),(16,17))),(7,(21,((19,18),20))))),((4,5),6)),33));
Tree Score: 12649.387999914601
Score Improvement: 0.0

TOTAL STEPS: 11
TOTAL TIME: 135.476395012 seconds
Final tree: Tree: ((((0,1),(2,3)),(34,(35,36))),(((((28,((29,(30,31)),32)),((24,(22,23)),((25,26),27))),(((8,(9,10)),(((11,12),((13,14),15)),(16,17))),(7,(21,((19,18),20))))),((4,5),6)),33));
Tree Score: 12649.387999914601
Total Score Improvement: 0.6115731638227271

===========================================================
RESULTS FROM 10 ITERATION(S):
AVERAGE TIME PER RUN: 113.377646518 seconds
AVERAGE IMPROVEMENT: 0.36602489953128703
BEST Tree: ((((((32,31),33),((28,29),30)),(((24,23),25),(26,27))),((((20,22),21),(19,(18,17))),(((11,12),((9,10),8)),(13,((14,15),16))))),((36,(34,35)),((6,7),((4,5),((0,1),(2,3))))));
Tree Score: 14963.7706283991
BEST'S IMPROVEMENT :0.43432427894706604
