--------------ITERATION 1--------------
Input tree: (((0,(1,2)),(3,4)),(((5,((((6,(7,8)),(9,10)),(11,12)),(13,14))),(15,(((16,(17,(18,(19,20)))),(((21,22),(23,24)),((25,26),27))),((28,(29,(30,31))),(32,33))))),((34,35),36)));
Initial Score: 8518.038025670568

Step Number: 1
Time Spent: 50.822707833 seconds
New Tree:
Tree: (((0,(1,2)),(3,4)),(((((16,(17,(18,(19,20)))),(((21,22),(23,24)),((25,26),27))),((28,(29,(30,31))),(32,33))),(15,(5,((((6,(7,8)),(9,10)),(11,12)),(13,14))))),((34,35),36)));
Tree Score: 9933.05385155615
Score Improvement: 0.16611992358113303

Step Number: 2
Time Spent: 50.550100472 seconds
New Tree:
Tree: (((0,(1,2)),(3,4)),(((((16,(17,(18,(19,20)))),(((21,22),(23,24)),((25,26),27))),(15,(5,((((6,(7,8)),(9,10)),(11,12)),(13,14))))),((28,(29,(30,31))),(32,33))),((34,35),36)));
Tree Score: 11325.054177088314
Score Improvement: 0.14013820385299613

Step Number: 3
Time Spent: 50.780086421 seconds
New Tree:
Tree: (((0,(1,2)),(3,4)),((((((18,(19,20)),(17,16)),(((21,22),(23,24)),((25,26),27))),(15,(5,((((6,(7,8)),(9,10)),(11,12)),(13,14))))),((28,(29,(30,31))),(32,33))),((34,35),36)));
Tree Score: 11692.572676402633
Score Improvement: 0.03245180937481473

Step Number: 4
Time Spent: 50.918950798 seconds
New Tree:
Tree: (((0,(1,2)),(3,4)),((((((18,(19,20)),(17,16)),(15,(5,((((6,(7,8)),(9,10)),(11,12)),(13,14))))),(((21,22),(23,24)),((25,26),27))),((28,(29,(30,31))),(32,33))),((34,35),36)));
Tree Score: 12098.716030679592
Score Improvement: 0.034735157566873065

Step Number: 5
Time Spent: 51.084879859 seconds
New Tree:
Tree: (((0,(1,2)),(3,4)),((((((18,(19,20)),(17,16)),(((((6,(7,8)),(9,10)),(11,12)),(13,14)),(5,15))),(((21,22),(23,24)),((25,26),27))),((28,(29,(30,31))),(32,33))),((34,35),36)));
Tree Score: 12418.551181234252
Score Improvement: 0.026435462221249706

Step Number: 6
Time Spent: 51.604418622 seconds
New Tree:
Tree: (((0,(1,2)),(3,4)),((((((18,(19,20)),(17,16)),(((5,15),(13,14)),(((6,(7,8)),(9,10)),(11,12)))),(((21,22),(23,24)),((25,26),27))),((28,(29,(30,31))),(32,33))),((34,35),36)));
Tree Score: 12957.57700665325
Score Improvement: 0.04340488818321431

Step Number: 7
Time Spent: 50.961914153 seconds
New Tree:
Tree: (((0,(1,2)),(3,4)),((((((18,(19,20)),(17,16)),(((21,22),(23,24)),((25,26),27))),(((5,15),(13,14)),(((6,(7,8)),(9,10)),(11,12)))),((28,(29,(30,31))),(32,33))),((34,35),36)));
Tree Score: 13248.828100391547
Score Improvement: 0.02247728055860687

Step Number: 8
Time Spent: 50.76093238 seconds
New Tree:
Tree: (((0,(1,2)),(3,4)),((((((18,(19,20)),(17,16)),(((21,22),(23,24)),((25,26),27))),(((6,(7,8)),(9,10)),(((5,15),(13,14)),(11,12)))),((28,(29,(30,31))),(32,33))),((34,35),36)));
Tree Score: 13638.774376249057
Score Improvement: 0.029432510777763543

Step Number: 9
Time Spent: 51.112074309 seconds
New Tree:
Tree: (((0,(1,2)),(3,4)),((((((18,(19,20)),(17,16)),(((21,22),(23,24)),((25,26),27))),(((6,(7,8)),(9,10)),(((5,15),(13,14)),(11,12)))),((28,(32,33)),(29,(30,31)))),((34,35),36)));
Tree Score: 13835.590151301236
Score Improvement: 0.014430605685135323

Step Number: 10
Time Spent: 51.596766042 seconds
New Tree:
Tree: (((0,(1,2)),(3,4)),((((((18,(17,16)),(19,20)),(((21,22),(23,24)),((25,26),27))),(((6,(7,8)),(9,10)),(((5,15),(13,14)),(11,12)))),((28,(32,33)),(29,(30,31)))),((34,35),36)));
Tree Score: 13896.670451354468
Score Improvement: 0.0044147231441000745

Step Number: 11
Time Spent: 51.70385494 seconds
New Tree:
Tree: ((((3,4),(1,2)),0),((((((18,(17,16)),(19,20)),(((21,22),(23,24)),((25,26),27))),(((6,(7,8)),(9,10)),(((5,15),(13,14)),(11,12)))),((28,(32,33)),(29,(30,31)))),((34,35),36)));
Tree Score: 13936.483451142674
Score Improvement: 0.002864930842792379

Step Number: 12
Time Spent: 51.800164324 seconds
New Tree:
Tree: ((((3,4),(1,2)),0),((((((18,(17,16)),(19,20)),(((21,22),(23,24)),((25,26),27))),(((6,(9,10)),(7,8)),(((5,15),(13,14)),(11,12)))),((28,(32,33)),(29,(30,31)))),((34,35),36)));
Tree Score: 13972.644525713054
Score Improvement: 0.002594705809191522

Step Number: 13
Time Spent: 51.857734005 seconds
New Tree:
Tree: ((((3,4),(1,2)),0),((((((18,(17,16)),(19,20)),(((21,22),(23,24)),((25,26),27))),(((6,(9,10)),(7,8)),(((5,15),(11,12)),(13,14)))),((28,(32,33)),(29,(30,31)))),((34,35),36)));
Tree Score: 14007.182650736999
Score Improvement: 0.0024718388104976174

Step Number: 14
Time Spent: 51.937951399 seconds
New Tree:
Tree: ((((3,4),(1,2)),0),((((((18,(17,16)),(19,20)),(((21,22),((25,26),27)),(23,24))),(((6,(9,10)),(7,8)),(((5,15),(11,12)),(13,14)))),((28,(32,33)),(29,(30,31)))),((34,35),36)));
Tree Score: 14037.891925851465
Score Improvement: 0.0021923948505697677

Step Number: 15
Time Spent: 52.031763887 seconds
New Tree:
Tree: ((((3,4),(1,2)),0),((((((18,(17,16)),(19,20)),(((21,22),((25,26),27)),(23,24))),(((6,(9,10)),(7,8)),(((5,15),(11,12)),(13,14)))),((33,(32,28)),(29,(30,31)))),((34,35),36)));
Tree Score: 14059.142825958668
Score Improvement: 0.0015138241709973244

Step Number: 16
Time Spent: 45.284839225 seconds
New Tree:
Tree: ((((3,4),(1,2)),0),((((((18,(17,16)),(19,20)),(((21,22),((27,26),25)),(23,24))),(((6,(9,10)),(7,8)),(((5,15),(11,12)),(13,14)))),((33,(32,28)),(29,(30,31)))),((34,35),36)));
Tree Score: 14073.744251139346
Score Improvement: 0.0010385715090479586

Step Number: 17
Time Spent: 40.918746093 seconds
New Tree:
Tree: ((((3,4),(1,2)),0),((((((18,(17,16)),(19,20)),(((21,22),((27,26),25)),(23,24))),(((10,(9,6)),(7,8)),(((5,15),(11,12)),(13,14)))),((33,(32,28)),(29,(30,31)))),((34,35),36)));
Tree Score: 14078.510201433557
Score Improvement: 3.386412463637356E-4

Step Number: 18
Time Spent: 40.90891698 seconds
New Tree:
Tree: ((((3,4),(1,2)),0),((((((18,(17,16)),(19,20)),(((21,22),((27,26),25)),(23,24))),(((10,(9,6)),(7,8)),(((5,15),(11,12)),(13,14)))),((33,(32,28)),(30,(29,31)))),((34,35),36)));
Tree Score: 14080.882151455968
Score Improvement: 1.6848018636017592E-4

Step Number: 19
Time Spent: 40.89637153 seconds
New Tree:
Tree: ((((3,4),(1,2)),0),((((((18,(17,16)),(19,20)),(((21,22),((27,26),25)),(23,24))),(((10,(9,6)),(7,8)),(((5,15),(11,12)),(13,14)))),((33,(32,28)),(30,(29,31)))),((34,36),35)));
Tree Score: 14081.537476485013
Score Improvement: 4.654005494808544E-5

Step Number: 20
Time Spent: 40.877561805 seconds
New Tree:
Tree: ((((3,4),(1,2)),0),((((((17,(18,16)),(19,20)),(((21,22),((27,26),25)),(23,24))),(((10,(9,6)),(7,8)),(((5,15),(11,12)),(13,14)))),((33,(32,28)),(30,(29,31)))),((34,36),35)));
Tree Score: 14081.604826479801
Score Improvement: 4.7828580438391555E-6

Step Number: 21
Time Spent: 40.922660837 seconds
New Tree:
Tree: ((((3,4),(1,2)),0),((((((17,(18,16)),(19,20)),(((21,22),((27,26),25)),(23,24))),(((10,(9,6)),(7,8)),(((5,15),(11,12)),(13,14)))),((33,(32,28)),(30,(29,31)))),((34,36),35)));
Tree Score: 14081.604826479801
Score Improvement: 0.0

TOTAL STEPS: 21
TOTAL TIME: 1019.333395914 seconds
Final tree: Tree: ((((3,4),(1,2)),0),((((((17,(18,16)),(19,20)),(((21,22),((27,26),25)),(23,24))),(((10,(9,6)),(7,8)),(((5,15),(11,12)),(13,14)))),((33,(32,28)),(30,(29,31)))),((34,36),35)));
Tree Score: 14081.604826479801
Total Score Improvement: 0.6531512050125239

--------------ITERATION 2--------------
Input tree: ((((((0,(((((1,2),3),(4,5)),6),7)),((8,9),(((10,(11,12)),13),(14,15)))),((16,17),18)),19),((20,21),((22,(23,24)),(25,26)))),(((27,28),(29,30)),((31,32),((33,(34,35)),36))));
Initial Score: 8291.465074174976

Step Number: 1
Time Spent: 41.671442857 seconds
New Tree:
Tree: ((((19,((16,17),18)),((0,(((((1,2),3),(4,5)),6),7)),((8,9),(((10,(11,12)),13),(14,15))))),((20,21),((22,(23,24)),(25,26)))),(((27,28),(29,30)),((31,32),((33,(34,35)),36))));
Tree Score: 9700.860649759827
Score Improvement: 0.16998148855196016

Step Number: 2
Time Spent: 40.87275449 seconds
New Tree:
Tree: ((((19,((16,17),18)),((0,(((((1,2),3),(4,5)),6),7)),((8,9),(((10,(11,12)),13),(14,15))))),((31,32),((33,(34,35)),36))),(((27,28),(29,30)),((20,21),((22,(23,24)),(25,26)))));
Tree Score: 10542.741500862121
Score Improvement: 0.08678414024256065

Step Number: 3
Time Spent: 41.018039725 seconds
New Tree:
Tree: ((((19,((16,17),18)),((0,(((((1,2),3),(4,5)),6),7)),(((10,(11,12)),13),((8,9),(14,15))))),((31,32),((33,(34,35)),36))),(((27,28),(29,30)),((20,21),((22,(23,24)),(25,26)))));
Tree Score: 10988.89137601684
Score Improvement: 0.04231820301372613

Step Number: 4
Time Spent: 41.042962029 seconds
New Tree:
Tree: ((((((10,(11,12)),13),((8,9),(14,15))),((0,(((((1,2),3),(4,5)),6),7)),(19,((16,17),18)))),((31,32),((33,(34,35)),36))),(((27,28),(29,30)),((20,21),((22,(23,24)),(25,26)))));
Tree Score: 11491.957802969227
Score Improvement: 0.045779543153035895

Step Number: 5
Time Spent: 41.232422713 seconds
New Tree:
Tree: (((((31,32),((33,(34,35)),36)),((0,(((((1,2),3),(4,5)),6),7)),(19,((16,17),18)))),(((10,(11,12)),13),((8,9),(14,15)))),(((27,28),(29,30)),((20,21),((22,(23,24)),(25,26)))));
Tree Score: 11986.942277540864
Score Improvement: 0.04307224957297917

Step Number: 6
Time Spent: 41.189242781 seconds
New Tree:
Tree: (((((31,32),((33,(34,35)),36)),((0,((7,6),(((1,2),3),(4,5)))),(19,((16,17),18)))),(((10,(11,12)),13),((8,9),(14,15)))),(((27,28),(29,30)),((20,21),((22,(23,24)),(25,26)))));
Tree Score: 12258.210527429048
Score Improvement: 0.02263031251901837

Step Number: 7
Time Spent: 40.798695771 seconds
New Tree:
Tree: (((((31,32),((33,(34,35)),36)),((0,((7,6),(((1,2),3),(4,5)))),((16,17),(19,18)))),(((10,(11,12)),13),((8,9),(14,15)))),(((27,28),(29,30)),((20,21),((22,(23,24)),(25,26)))));
Tree Score: 12420.051326952915
Score Improvement: 0.013202644803801622

Step Number: 8
Time Spent: 40.83411061 seconds
New Tree:
Tree: (((((31,32),((33,(34,35)),36)),(((((1,2),3),(4,5)),((7,6),0)),((16,17),(19,18)))),(((10,(11,12)),13),((8,9),(14,15)))),(((27,28),(29,30)),((20,21),((22,(23,24)),(25,26)))));
Tree Score: 12547.54550241293
Score Improvement: 0.010265189096548832

Step Number: 9
Time Spent: 41.033919259 seconds
New Tree:
Tree: (((((33,(34,35)),((31,32),36)),(((((1,2),3),(4,5)),((7,6),0)),((16,17),(19,18)))),(((10,(11,12)),13),((8,9),(14,15)))),(((27,28),(29,30)),((20,21),((22,(23,24)),(25,26)))));
Tree Score: 12664.91690298529
Score Improvement: 0.009354132292231032

Step Number: 10
Time Spent: 32.158029454 seconds
New Tree:
Tree: (((((33,(34,35)),((31,32),36)),(((((1,2),3),(4,5)),((7,6),0)),((16,17),(19,18)))),(((10,13),(11,12)),((8,9),(14,15)))),(((27,28),(29,30)),((20,21),((22,(23,24)),(25,26)))));
Tree Score: 12739.356302983924
Score Improvement: 0.005877606664840274

Step Number: 11
Time Spent: 29.818972651 seconds
New Tree:
Tree: (((((33,(34,35)),((31,32),36)),(((((7,6),0),(4,5)),((1,2),3)),((16,17),(19,18)))),(((10,13),(11,12)),((8,9),(14,15)))),(((27,28),(29,30)),((20,21),((22,(23,24)),(25,26)))));
Tree Score: 12812.833352958649
Score Improvement: 0.005767720772321461

Step Number: 12
Time Spent: 26.937269467 seconds
New Tree:
Tree: (((((33,(34,35)),((31,32),36)),(((((7,6),0),(4,5)),((1,2),3)),((16,17),(19,18)))),(((10,13),(11,12)),((8,9),(14,15)))),(((27,28),(29,30)),((20,21),((22,(25,26)),(23,24)))));
Tree Score: 12857.871827766921
Score Improvement: 0.003515106578504845

Step Number: 13
Time Spent: 20.41928209 seconds
New Tree:
Tree: (((((33,(34,35)),((31,32),36)),(((((4,5),0),(7,6)),((1,2),3)),((16,17),(19,18)))),(((10,13),(11,12)),((8,9),(14,15)))),(((27,28),(29,30)),((20,21),((22,(25,26)),(23,24)))));
Tree Score: 12891.035878077771
Score Improvement: 0.002579279896011366

Step Number: 14
Time Spent: 20.426499767 seconds
New Tree:
Tree: (((((33,(34,35)),((31,32),36)),(((((4,5),0),(7,6)),((3,2),1)),((16,17),(19,18)))),(((10,13),(11,12)),((8,9),(14,15)))),(((27,28),(29,30)),((20,21),((22,(25,26)),(23,24)))));
Tree Score: 12916.336852677789
Score Improvement: 0.001962679713198412

Step Number: 15
Time Spent: 22.399235476 seconds
New Tree:
Tree: (((((33,(34,35)),((31,36),32)),(((((4,5),0),(7,6)),((3,2),1)),((16,17),(19,18)))),(((10,13),(11,12)),((8,9),(14,15)))),(((27,28),(29,30)),((20,21),((22,(25,26)),(23,24)))));
Tree Score: 12935.493102492455
Score Improvement: 0.00148310237129623

Step Number: 16
Time Spent: 29.881174834 seconds
New Tree:
Tree: (((((33,(34,35)),((31,36),32)),(((((4,5),0),(7,6)),((3,2),1)),((16,17),(19,18)))),(((10,13),(11,12)),((8,9),(14,15)))),(((22,(25,26)),(23,24)),((20,21),((27,28),(29,30)))));
Tree Score: 12950.809602614241
Score Improvement: 0.0011840677429477697

Step Number: 17
Time Spent: 29.564193883 seconds
New Tree:
Tree: (((((33,(34,35)),((31,36),32)),(((((4,5),0),(7,6)),((3,2),1)),((16,17),(19,18)))),(((10,13),(11,12)),((8,9),(14,15)))),(((22,(25,26)),(23,24)),((29,30),((27,28),(20,21)))));
Tree Score: 13067.810352063001
Score Improvement: 0.009034242108318935

Step Number: 18
Time Spent: 20.425639672 seconds
New Tree:
Tree: (((((33,(34,35)),((31,36),32)),(((((0,5),4),(7,6)),((3,2),1)),((16,17),(19,18)))),(((10,13),(11,12)),((8,9),(14,15)))),(((22,(25,26)),(23,24)),((29,30),((27,28),(20,21)))));
Tree Score: 13069.688451826767
Score Improvement: 1.4371954544545318E-4

Step Number: 19
Time Spent: 20.403099445 seconds
New Tree:
Tree: (((((33,(34,35)),((31,36),32)),(((((0,5),4),(7,6)),((3,2),1)),((16,17),(19,18)))),(((10,13),(11,12)),((8,9),(14,15)))),(((22,(25,26)),(23,24)),((29,30),((27,28),(20,21)))));
Tree Score: 13069.688451826767
Score Improvement: 0.0

TOTAL STEPS: 19
TOTAL TIME: 622.126986974 seconds
Final tree: Tree: (((((33,(34,35)),((31,36),32)),(((((0,5),4),(7,6)),((3,2),1)),((16,17),(19,18)))),(((10,13),(11,12)),((8,9),(14,15)))),(((22,(25,26)),(23,24)),((29,30),((27,28),(20,21)))));
Tree Score: 13069.688451826767
Total Score Improvement: 0.5762821570019383

--------------ITERATION 3--------------
Input tree: (((0,1),((((((2,(3,4)),5),((6,(7,8)),(9,(10,11)))),(((12,13),14),(15,(16,17)))),18),(((19,20),21),(22,(((23,24),25),((26,27),28)))))),((((29,30),(31,((32,33),34))),35),36));
Initial Score: 7572.960177955314

Step Number: 1
Time Spent: 21.174472397 seconds
New Tree:
Tree: (((0,1),(((18,(((12,13),14),(15,(16,17)))),(((2,(3,4)),5),((6,(7,8)),(9,(10,11))))),(((19,20),21),(22,(((23,24),25),((26,27),28)))))),((((29,30),(31,((32,33),34))),35),36));
Tree Score: 9530.997002602415
Score Improvement: 0.25855633446309323

Step Number: 2
Time Spent: 20.455454566 seconds
New Tree:
Tree: (((0,1),36),((((29,30),(31,((32,33),34))),35),(((18,(((12,13),14),(15,(16,17)))),(((2,(3,4)),5),((6,(7,8)),(9,(10,11))))),(((19,20),21),(22,(((23,24),25),((26,27),28)))))));
Tree Score: 10236.447452855826
Score Improvement: 0.07401643816074954

Step Number: 3
Time Spent: 21.888743255 seconds
New Tree:
Tree: (((0,1),36),((((29,30),(31,((32,33),34))),35),(((18,(((12,13),14),(15,(16,17)))),(((2,(3,4)),5),((6,(7,8)),(9,(10,11))))),((((23,24),25),((26,27),28)),(22,((19,20),21))))));
Tree Score: 10663.751053236547
Score Improvement: 0.04174334917935907

Step Number: 4
Time Spent: 21.810950471 seconds
New Tree:
Tree: (((0,1),36),((((29,30),(31,((32,33),34))),35),(((((12,13),14),(18,(15,(16,17)))),(((2,(3,4)),5),((6,(7,8)),(9,(10,11))))),((((23,24),25),((26,27),28)),(22,((19,20),21))))));
Tree Score: 11068.537729191366
Score Improvement: 0.03795912657131684

Step Number: 5
Time Spent: 20.391340966 seconds
New Tree:
Tree: (((0,1),36),((((29,30),(31,((32,33),34))),(((((12,13),14),(18,(15,(16,17)))),(((2,(3,4)),5),((6,(7,8)),(9,(10,11))))),((((23,24),25),((26,27),28)),(22,((19,20),21))))),35));
Tree Score: 11431.959179058647
Score Improvement: 0.0328337363759279

Step Number: 6
Time Spent: 20.533546131 seconds
New Tree:
Tree: (((0,1),36),((((29,30),(31,((32,33),34))),(((((12,13),14),(18,(15,(16,17)))),(((2,(3,4)),5),((6,(7,8)),(9,(10,11))))),((((23,24),25),((26,27),28)),((19,20),(22,21))))),35));
Tree Score: 11597.852054031542
Score Improvement: 0.014511324994650243

Step Number: 7
Time Spent: 20.544247492 seconds
New Tree:
Tree: (((0,1),36),((((29,30),(31,((32,33),34))),(((((12,13),14),(18,(15,(16,17)))),(((2,5),(3,4)),((6,(7,8)),(9,(10,11))))),((((23,24),25),((26,27),28)),((19,20),(22,21))))),35));
Tree Score: 11717.112279270752
Score Improvement: 0.010282957972183704

Step Number: 8
Time Spent: 20.504779764 seconds
New Tree:
Tree: (((0,1),36),((((29,30),((32,33),(31,34))),(((((12,13),14),(18,(15,(16,17)))),(((2,5),(3,4)),((6,(7,8)),(9,(10,11))))),((((23,24),25),((26,27),28)),((19,20),(22,21))))),35));
Tree Score: 11771.339679417177
Score Improvement: 0.004628051592742821

Step Number: 9
Time Spent: 20.509255402 seconds
New Tree:
Tree: ((35,36),((((29,30),((32,33),(31,34))),(((((12,13),14),(18,(15,(16,17)))),(((2,5),(3,4)),((6,(7,8)),(9,(10,11))))),((((23,24),25),((26,27),28)),((19,20),(22,21))))),(0,1)));
Tree Score: 11818.906229611463
Score Improvement: 0.004040878225395117

Step Number: 10
Time Spent: 21.122136691 seconds
New Tree:
Tree: ((35,36),((((29,30),((32,33),(31,34))),((((6,(7,8)),(9,(10,11))),(((2,5),(3,4)),(((12,13),14),(18,(15,(16,17)))))),((((23,24),25),((26,27),28)),((19,20),(22,21))))),(0,1)));
Tree Score: 11852.261652817191
Score Improvement: 0.0028222089724478927

Step Number: 11
Time Spent: 21.343502481 seconds
New Tree:
Tree: ((35,36),((((29,30),((32,33),(31,34))),((((6,(7,8)),(9,(10,11))),(((2,5),(3,4)),(((12,13),14),(18,(15,(16,17)))))),((((23,24),25),((28,27),26)),((19,20),(22,21))))),(0,1)));
Tree Score: 11884.43580273789
Score Improvement: 0.0027146000369515644

Step Number: 12
Time Spent: 20.489721005 seconds
New Tree:
Tree: ((35,36),((((29,30),((32,33),(31,34))),((((6,(7,8)),(9,(10,11))),(((2,5),(3,4)),(((12,13),14),((16,17),(15,18))))),((((23,24),25),((28,27),26)),((19,20),(22,21))))),(0,1)));
Tree Score: 11911.146352692665
Score Improvement: 0.002247523601299095

Step Number: 13
Time Spent: 20.529107508 seconds
New Tree:
Tree: ((35,36),((((31,34),((32,33),(29,30))),((((6,(7,8)),(9,(10,11))),(((2,5),(3,4)),(((12,13),14),((16,17),(15,18))))),((((23,24),25),((28,27),26)),((19,20),(22,21))))),(0,1)));
Tree Score: 11935.317428046414
Score Improvement: 0.002029282038691793

Step Number: 14
Time Spent: 20.536434207 seconds
New Tree:
Tree: ((35,36),((((31,34),((32,33),(29,30))),((((6,(7,8)),(10,(9,11))),(((2,5),(3,4)),(((12,13),14),((16,17),(15,18))))),((((23,24),25),((28,27),26)),((19,20),(22,21))))),(0,1)));
Tree Score: 11946.074727994897
Score Improvement: 9.012998618038726E-4

Step Number: 15
Time Spent: 20.521009272 seconds
New Tree:
Tree: ((35,36),((((31,34),((32,33),(29,30))),((((6,(7,8)),(10,(9,11))),(((2,5),(3,4)),(((14,13),12),((16,17),(15,18))))),((((23,24),25),((28,27),26)),((19,20),(22,21))))),(0,1)));
Tree Score: 11953.558953737416
Score Improvement: 6.265008308528053E-4

Step Number: 16
Time Spent: 20.562401686 seconds
New Tree:
Tree: ((35,36),((((31,34),((32,33),(29,30))),((((7,(6,8)),(10,(9,11))),(((2,5),(3,4)),(((14,13),12),((16,17),(15,18))))),((((23,24),25),((28,27),26)),((19,20),(22,21))))),(0,1)));
Tree Score: 11953.58250382733
Score Improvement: 1.970132075701514E-6

Step Number: 17
Time Spent: 20.528045082 seconds
New Tree:
Tree: ((35,36),((((31,34),((32,33),(29,30))),((((7,(6,8)),(10,(9,11))),(((2,5),(3,4)),(((14,13),12),((16,17),(15,18))))),((((23,24),25),((28,27),26)),((19,20),(22,21))))),(0,1)));
Tree Score: 11953.58250382733
Score Improvement: 0.0

TOTAL STEPS: 17
TOTAL TIME: 353.445148376 seconds
Final tree: Tree: ((35,36),((((31,34),((32,33),(29,30))),((((7,(6,8)),(10,(9,11))),(((2,5),(3,4)),(((14,13),12),((16,17),(15,18))))),((((23,24),25),((28,27),26)),((19,20),(22,21))))),(0,1)));
Tree Score: 11953.58250382733
Total Score Improvement: 0.5784557455648442

--------------ITERATION 4--------------
Input tree: ((((0,(1,2)),(((3,(4,5)),(6,(7,8))),(((9,10),(11,12)),(13,14)))),(((((15,16),17),18),(19,20)),(21,(((22,23),(24,25)),(26,27))))),(28,(((29,((30,31),32)),(33,34)),(35,36))));
Initial Score: 9178.485122930419

Step Number: 1
Time Spent: 20.440993649 seconds
New Tree:
Tree: ((((((((15,16),17),18),(19,20)),(21,(((22,23),(24,25)),(26,27)))),(((3,(4,5)),(6,(7,8))),(((9,10),(11,12)),(13,14)))),(0,(1,2))),(28,(((29,((30,31),32)),(33,34)),(35,36))));
Tree Score: 11012.840522364844
Score Improvement: 0.1998538293483414

Step Number: 2
Time Spent: 21.248444932 seconds
New Tree:
Tree: ((((((((15,16),17),18),(19,20)),(21,(((22,23),(24,25)),(26,27)))),(((3,(4,5)),(6,(7,8))),(((9,10),(11,12)),(13,14)))),(((29,((30,31),32)),(33,34)),(35,36))),(28,(0,(1,2))));
Tree Score: 11561.442821910241
Score Improvement: 0.049814786515004705

Step Number: 3
Time Spent: 21.118517726 seconds
New Tree:
Tree: (((35,36),(((29,((30,31),32)),(33,34)),((((((15,16),17),18),(19,20)),(21,(((22,23),(24,25)),(26,27)))),(((3,(4,5)),(6,(7,8))),(((9,10),(11,12)),(13,14)))))),(28,(0,(1,2))));
Tree Score: 12246.207772694717
Score Improvement: 0.05922833000451888

Step Number: 4
Time Spent: 20.64484946 seconds
New Tree:
Tree: (((35,36),(((29,((30,31),32)),(33,34)),((((((15,16),17),18),(19,20)),(((22,23),(24,25)),(21,(26,27)))),(((3,(4,5)),(6,(7,8))),(((9,10),(11,12)),(13,14)))))),(28,(0,(1,2))));
Tree Score: 12710.0812477476
Score Improvement: 0.03787894862335883

Step Number: 5
Time Spent: 20.643077239 seconds
New Tree:
Tree: (((35,36),(((29,((30,31),32)),(33,34)),((((((15,16),17),18),(19,20)),(((22,23),(24,25)),(26,(21,27)))),(((3,(4,5)),(6,(7,8))),(((9,10),(11,12)),(13,14)))))),(28,(0,(1,2))));
Tree Score: 12778.71182291345
Score Improvement: 0.005399696023030032

Step Number: 6
Time Spent: 20.652274916 seconds
New Tree:
Tree: (((35,36),(((29,(33,34)),((30,31),32)),((((((15,16),17),18),(19,20)),(((22,23),(24,25)),(26,(21,27)))),(((3,(4,5)),(6,(7,8))),(((9,10),(11,12)),(13,14)))))),(28,(0,(1,2))));
Tree Score: 12838.996847276067
Score Improvement: 0.004717613574673374

Step Number: 7
Time Spent: 20.610677447 seconds
New Tree:
Tree: (((35,36),(((29,(33,34)),((30,31),32)),((((((15,16),17),18),(19,20)),(((22,23),(24,25)),(26,(21,27)))),(((3,(6,(7,8))),(4,5)),(((9,10),(11,12)),(13,14)))))),(28,(0,(1,2))));
Tree Score: 12889.216547154312
Score Improvement: 0.00391149717346484

Step Number: 8
Time Spent: 20.652808923 seconds
New Tree:
Tree: (((35,36),(((29,(33,34)),((30,31),32)),((((((15,16),17),18),(19,20)),(((22,23),(24,25)),(26,(21,27)))),((((7,8),(6,3)),(4,5)),(((9,10),(11,12)),(13,14)))))),(28,(0,(1,2))));
Tree Score: 12946.232222450388
Score Improvement: 0.004423517526258358

Step Number: 9
Time Spent: 20.699587637 seconds
New Tree:
Tree: (((35,36),(((29,(33,34)),((30,31),32)),(((((19,20),18),((15,16),17)),(((22,23),(24,25)),(26,(21,27)))),((((7,8),(6,3)),(4,5)),(((9,10),(11,12)),(13,14)))))),(28,(0,(1,2))));
Tree Score: 12993.864872163118
Score Improvement: 0.003679267364764982

Step Number: 10
Time Spent: 20.615463671 seconds
New Tree:
Tree: (((35,36),(((29,(33,34)),((30,31),32)),(((((19,20),18),((17,16),15)),(((22,23),(24,25)),(26,(21,27)))),((((7,8),(6,3)),(4,5)),(((9,10),(11,12)),(13,14)))))),(28,(0,(1,2))));
Tree Score: 13020.660247036678
Score Improvement: 0.0020621558818088026

Step Number: 11
Time Spent: 20.618101925 seconds
New Tree:
Tree: (((35,36),(((29,(33,34)),((30,31),32)),(((((19,20),18),((17,16),15)),(((22,23),(24,25)),(26,(21,27)))),((((7,8),(6,3)),(4,5)),(((9,10),(11,12)),(13,14)))))),((1,2),(0,28)));
Tree Score: 13044.477347363209
Score Improvement: 0.0018291776203860355

Step Number: 12
Time Spent: 20.95547723 seconds
New Tree:
Tree: (((35,36),(((29,(33,34)),((30,31),32)),(((((19,20),18),((17,16),15)),(((22,23),(24,25)),(26,(21,27)))),((((7,8),(4,5)),(6,3)),(((9,10),(11,12)),(13,14)))))),((1,2),(0,28)));
Tree Score: 13066.822172119471
Score Improvement: 0.0017129720234272394

Step Number: 13
Time Spent: 20.905667544 seconds
New Tree:
Tree: (((35,36),(((29,(33,34)),((30,31),32)),(((((19,18),20),((17,16),15)),(((22,23),(24,25)),(26,(21,27)))),((((7,8),(4,5)),(6,3)),(((9,10),(11,12)),(13,14)))))),((1,2),(0,28)));
Tree Score: 13085.914297542724
Score Improvement: 0.0014611146590781665

Step Number: 14
Time Spent: 20.924325363 seconds
New Tree:
Tree: (((35,36),(((33,(29,34)),((30,31),32)),(((((19,18),20),((17,16),15)),(((22,23),(24,25)),(26,(21,27)))),((((7,8),(4,5)),(6,3)),(((9,10),(11,12)),(13,14)))))),((1,2),(0,28)));
Tree Score: 13094.351722653912
Score Improvement: 6.447715397901455E-4

Step Number: 15
Time Spent: 20.942079507 seconds
New Tree:
Tree: (((35,36),(((33,(29,34)),((30,32),31)),(((((19,18),20),((17,16),15)),(((22,23),(24,25)),(26,(21,27)))),((((7,8),(4,5)),(6,3)),(((9,10),(11,12)),(13,14)))))),((1,2),(0,28)));
Tree Score: 13094.37972272835
Score Improvement: 2.1383322390544635E-6

Step Number: 16
Time Spent: 20.937851734 seconds
New Tree:
Tree: (((35,36),(((33,(29,34)),((30,32),31)),(((((19,18),20),((17,16),15)),(((22,23),(24,25)),(26,(21,27)))),((((7,8),(4,5)),(6,3)),(((9,10),(11,12)),(13,14)))))),((1,2),(0,28)));
Tree Score: 13094.37972272835
Score Improvement: 0.0

TOTAL STEPS: 16
TOTAL TIME: 332.610198903 seconds
Final tree: Tree: (((35,36),(((33,(29,34)),((30,32),31)),(((((19,18),20),((17,16),15)),(((22,23),(24,25)),(26,(21,27)))),((((7,8),(4,5)),(6,3)),(((9,10),(11,12)),(13,14)))))),((1,2),(0,28)));
Tree Score: 13094.37972272835
Total Score Improvement: 0.42663844276599994

--------------ITERATION 5--------------
Input tree: (((0,(((1,2),(3,4)),5)),6),((7,((8,(9,(10,11))),(12,((13,14),15)))),(((16,17),((18,19),(20,((21,22),(23,24))))),(((25,26),(27,28)),(((29,30),(31,32)),((33,(34,35)),36))))));
Initial Score: 9197.258125355402

Step Number: 1
Time Spent: 20.061229714 seconds
New Tree:
Tree: (((0,(((1,2),(3,4)),5)),6),((((25,26),(27,28)),(((29,30),(31,32)),((33,(34,35)),36))),(((16,17),((18,19),(20,((21,22),(23,24))))),(7,((8,(9,(10,11))),(12,((13,14),15)))))));
Tree Score: 10888.21057566342
Score Improvement: 0.18385397335389841

Step Number: 2
Time Spent: 20.040215938 seconds
New Tree:
Tree: (((0,(((1,2),(3,4)),5)),6),((((25,26),(27,28)),(((29,30),(31,32)),((33,(34,35)),36))),(((16,17),((18,19),(20,((21,22),(23,24))))),((8,(9,(10,11))),(7,(12,((13,14),15)))))));
Tree Score: 12338.865300274389
Score Improvement: 0.1332316926211341

Step Number: 3
Time Spent: 20.02015431 seconds
New Tree:
Tree: (((0,(((1,2),(3,4)),5)),6),((((25,26),(27,28)),(((29,30),(31,32)),((33,(34,35)),36))),(((20,((21,22),(23,24))),((18,19),(16,17))),((8,(9,(10,11))),(7,(12,((13,14),15)))))));
Tree Score: 12879.993623848488
Score Improvement: 0.0438555985826401

Step Number: 4
Time Spent: 20.121410481 seconds
New Tree:
Tree: (((0,(((1,2),(3,4)),5)),6),(((((20,((21,22),(23,24))),((18,19),(16,17))),((8,(9,(10,11))),(7,(12,((13,14),15))))),(((29,30),(31,32)),((33,(34,35)),36))),((25,26),(27,28))));
Tree Score: 13170.55437304567
Score Improvement: 0.0225590755463716

Step Number: 5
Time Spent: 23.805337746 seconds
New Tree:
Tree: (((0,6),(((1,2),(3,4)),5)),(((((20,((21,22),(23,24))),((18,19),(16,17))),((8,(9,(10,11))),(7,(12,((13,14),15))))),(((29,30),(31,32)),((33,(34,35)),36))),((25,26),(27,28))));
Tree Score: 13329.947048228918
Score Improvement: 0.0121021993963637

Step Number: 6
Time Spent: 30.57533748 seconds
New Tree:
Tree: ((((1,2),(3,4)),((0,6),5)),(((((20,((21,22),(23,24))),((18,19),(16,17))),((8,(9,(10,11))),(7,(12,((13,14),15))))),(((29,30),(31,32)),((33,(34,35)),36))),((25,26),(27,28))));
Tree Score: 13594.615573150237
Score Improvement: 0.01985518201713221

Step Number: 7
Time Spent: 23.189276793 seconds
New Tree:
Tree: ((((1,2),(3,4)),((0,6),5)),(((((20,((21,22),(23,24))),((18,19),(16,17))),((8,(9,(10,11))),(((13,14),15),(12,7)))),(((29,30),(31,32)),((33,(34,35)),36))),((25,26),(27,28))));
Tree Score: 13702.500398316552
Score Improvement: 0.007935849644721937

Step Number: 8
Time Spent: 20.646942604 seconds
New Tree:
Tree: ((((1,2),(3,4)),((25,26),(27,28))),(((((20,((21,22),(23,24))),((18,19),(16,17))),((8,(9,(10,11))),(((13,14),15),(12,7)))),(((29,30),(31,32)),((33,(34,35)),36))),((0,6),5)));
Tree Score: 13769.629098781945
Score Improvement: 0.004899011020911281

Step Number: 9
Time Spent: 20.668491923 seconds
New Tree:
Tree: ((((1,2),(3,4)),((25,26),(27,28))),(((((20,((21,22),(23,24))),((18,19),(16,17))),((8,(9,(10,11))),(((13,14),15),(12,7)))),(((29,30),(31,32)),((33,36),(34,35)))),((0,6),5)));
Tree Score: 13825.80629929863
Score Improvement: 0.004079790393312521

Step Number: 10
Time Spent: 20.624372625 seconds
New Tree:
Tree: ((((1,2),(3,4)),((25,26),(27,28))),((((((23,24),((21,22),20)),((18,19),(16,17))),((8,(9,(10,11))),(((13,14),15),(12,7)))),(((29,30),(31,32)),((33,36),(34,35)))),((0,6),5)));
Tree Score: 13874.934199606745
Score Improvement: 0.0035533479382396926

Step Number: 11
Time Spent: 20.670877212 seconds
New Tree:
Tree: ((((1,2),(3,4)),((25,26),(27,28))),((((((23,24),((21,22),20)),((18,19),(16,17))),(((10,11),(9,8)),(((13,14),15),(12,7)))),(((29,30),(31,32)),((33,36),(34,35)))),((0,6),5)));
Tree Score: 13919.663899821906
Score Improvement: 0.003223777466017097

Step Number: 12
Time Spent: 20.713551633 seconds
New Tree:
Tree: ((((1,2),(3,4)),((25,26),(27,28))),((((((23,24),((21,22),20)),((18,19),(16,17))),(((10,11),(9,8)),(((12,7),15),(13,14)))),(((29,30),(31,32)),((33,36),(34,35)))),((0,6),5)));
Tree Score: 13951.39099989061
Score Improvement: 0.002279300728597944

Step Number: 13
Time Spent: 20.722137571 seconds
New Tree:
Tree: ((((1,2),(3,4)),((25,26),(27,28))),((((((23,24),((21,22),20)),((18,19),(16,17))),(((10,11),(9,8)),(((12,7),15),(13,14)))),(((29,30),(31,32)),((33,36),(34,35)))),((5,6),0)));
Tree Score: 13966.796324840114
Score Improvement: 0.0011042142643429287

Step Number: 14
Time Spent: 20.737059999 seconds
New Tree:
Tree: ((((1,2),(3,4)),((25,26),(27,28))),((((((23,24),((21,22),20)),((18,19),(16,17))),(((10,11),(9,8)),(((12,15),7),(13,14)))),(((29,30),(31,32)),((33,36),(34,35)))),((5,6),0)));
Tree Score: 13972.195874758363
Score Improvement: 3.865990304909861E-4

Step Number: 15
Time Spent: 20.735511898 seconds
New Tree:
Tree: ((((1,2),(3,4)),((25,26),(27,28))),((((((23,24),((20,22),21)),((18,19),(16,17))),(((10,11),(9,8)),(((12,15),7),(13,14)))),(((29,30),(31,32)),((33,36),(34,35)))),((5,6),0)));
Tree Score: 13974.17772438407
Score Improvement: 1.4184238780146075E-4

Step Number: 16
Time Spent: 20.733892558 seconds
New Tree:
Tree: ((((1,2),(3,4)),((25,26),(27,28))),((((((23,24),((20,22),21)),((18,19),(16,17))),(((10,11),(9,8)),(((12,15),7),(13,14)))),(((29,30),(31,32)),((33,36),(34,35)))),((5,6),0)));
Tree Score: 13974.17772438407
Score Improvement: 0.0

TOTAL STEPS: 16
TOTAL TIME: 344.065800485 seconds
Final tree: Tree: ((((1,2),(3,4)),((25,26),(27,28))),((((((23,24),((20,22),21)),((18,19),(16,17))),(((10,11),(9,8)),(((12,15),7),(13,14)))),(((29,30),(31,32)),((33,36),(34,35)))),((5,6),0)));
Tree Score: 13974.17772438407
Total Score Improvement: 0.5193851834884842

--------------ITERATION 6--------------
Input tree: ((0,1),(((2,3),(4,5)),((6,(7,8)),(((9,10),((11,12),(13,14))),((((15,16),17),(18,(19,20))),((((21,22),(23,24)),(25,26)),(27,(28,((29,30),(31,(((32,(33,34)),35),36)))))))))));
Initial Score: 9738.559327560406

Step Number: 1
Time Spent: 20.409736253 seconds
New Tree:
Tree: ((0,1),(((2,3),(4,5)),((6,(7,8)),(((((21,22),(23,24)),(25,26)),(27,(28,((29,30),(31,(((32,(33,34)),35),36)))))),((((15,16),17),(18,(19,20))),((9,10),((11,12),(13,14))))))));
Tree Score: 10388.75172880212
Score Improvement: 0.06676474202931137

Step Number: 2
Time Spent: 20.767586437 seconds
New Tree:
Tree: ((0,1),(((2,3),(4,5)),((6,(7,8)),(((((21,22),(23,24)),(25,26)),(((29,30),(31,(((32,(33,34)),35),36))),(28,27))),((((15,16),17),(18,(19,20))),((9,10),((11,12),(13,14))))))));
Tree Score: 10872.978203283057
Score Improvement: 0.04661065035739087

Step Number: 3
Time Spent: 21.051769014 seconds
New Tree:
Tree: ((0,1),(((2,3),(4,5)),((6,(7,8)),(((((21,22),(23,24)),(25,26)),(((29,30),(28,27)),(31,(((32,(33,34)),35),36)))),((((15,16),17),(18,(19,20))),((9,10),((11,12),(13,14))))))));
Tree Score: 11410.305628095566
Score Improvement: 0.04941860590231517

Step Number: 4
Time Spent: 20.880189723 seconds
New Tree:
Tree: ((0,1),((6,(7,8)),(((2,3),(4,5)),(((((21,22),(23,24)),(25,26)),(((29,30),(28,27)),(31,(((32,(33,34)),35),36)))),((((15,16),17),(18,(19,20))),((9,10),((11,12),(13,14))))))));
Tree Score: 11814.05330287837
Score Improvement: 0.03538447504759712

Step Number: 5
Time Spent: 28.612635937 seconds
New Tree:
Tree: ((0,1),((6,(7,8)),(((2,3),(4,5)),(((((21,22),(23,24)),(25,26)),(((29,30),(28,27)),(((32,(33,34)),35),(31,36)))),((((15,16),17),(18,(19,20))),((9,10),((11,12),(13,14))))))));
Tree Score: 12079.176828273428
Score Improvement: 0.022441368647834414

Step Number: 6
Time Spent: 31.039979596 seconds
New Tree:
Tree: ((0,1),((6,(7,8)),(((2,3),(4,5)),(((((32,(33,34)),35),(31,36)),(((29,30),(28,27)),(((21,22),(23,24)),(25,26)))),((((15,16),17),(18,(19,20))),((9,10),((11,12),(13,14))))))));
Tree Score: 12459.352303775931
Score Improvement: 0.031473624478502105

Step Number: 7
Time Spent: 31.053530342 seconds
New Tree:
Tree: ((0,1),((6,(7,8)),(((2,3),(4,5)),((((((15,16),17),(18,(19,20))),((9,10),((11,12),(13,14)))),(((29,30),(28,27)),(((21,22),(23,24)),(25,26)))),(((32,(33,34)),35),(31,36))))));
Tree Score: 13874.132230667296
Score Improvement: 0.1135516431670851

Step Number: 8
Time Spent: 29.529632993 seconds
New Tree:
Tree: ((0,1),((6,(7,8)),(((2,3),(4,5)),((((((15,16),17),(18,(19,20))),((9,10),((11,12),(13,14)))),(((29,30),(28,27)),(((21,22),(23,24)),(25,26)))),(((31,36),35),(32,(33,34)))))));
Tree Score: 13997.704005882973
Score Improvement: 0.008906630927340897

Step Number: 9
Time Spent: 21.134654904 seconds
New Tree:
Tree: ((0,1),((6,(7,8)),(((2,3),(4,5)),((((((15,16),17),(18,(19,20))),((13,14),((11,12),(9,10)))),(((29,30),(28,27)),(((21,22),(23,24)),(25,26)))),(((31,36),35),(32,(33,34)))))));
Tree Score: 14050.362231583233
Score Improvement: 0.0037619187888333627

Step Number: 10
Time Spent: 21.270420352 seconds
New Tree:
Tree: ((0,1),(((((2,3),(4,5)),((((((15,16),17),(18,(19,20))),((13,14),((11,12),(9,10)))),(((29,30),(28,27)),(((21,22),(23,24)),(25,26)))),(((31,36),35),(32,(33,34))))),(7,8)),6));
Tree Score: 14101.01858139866
Score Improvement: 0.0036053411990730755

Step Number: 11
Time Spent: 22.177426404 seconds
New Tree:
Tree: ((0,1),(((((2,3),(4,5)),((((((15,16),17),(18,(19,20))),((13,14),((11,12),(9,10)))),(((29,30),(28,27)),(((21,22),(25,26)),(23,24)))),(((31,36),35),(32,(33,34))))),(7,8)),6));
Tree Score: 14145.9186817835
Score Improvement: 0.003184174258451744

Step Number: 12
Time Spent: 22.195252204 seconds
New Tree:
Tree: ((0,1),(((((2,3),(4,5)),((((((17,16),15),(18,(19,20))),((13,14),((11,12),(9,10)))),(((29,30),(28,27)),(((21,22),(25,26)),(23,24)))),(((31,36),35),(32,(33,34))))),(7,8)),6));
Tree Score: 14172.71405665706
Score Improvement: 0.0018942124210048483

Step Number: 13
Time Spent: 22.212086258 seconds
New Tree:
Tree: ((0,1),(((((2,3),(4,5)),((((((17,16),15),(20,(19,18))),((13,14),((11,12),(9,10)))),(((29,30),(28,27)),(((21,22),(25,26)),(23,24)))),(((31,36),35),(32,(33,34))))),(7,8)),6));
Tree Score: 14191.806182080312
Score Improvement: 0.0013471043970074703

Step Number: 14
Time Spent: 22.186916367 seconds
New Tree:
Tree: ((0,6),(((((2,3),(4,5)),((((((17,16),15),(20,(19,18))),((13,14),((11,12),(9,10)))),(((29,30),(28,27)),(((21,22),(25,26)),(23,24)))),(((31,36),35),(32,(33,34))))),(7,8)),1));
Tree Score: 14205.974382286324
Score Improvement: 9.983366475156963E-4

Step Number: 15
Time Spent: 22.175901629 seconds
New Tree:
Tree: ((0,6),(((((2,3),(4,5)),((((((17,16),15),(20,(19,18))),((13,14),((11,12),(9,10)))),(((29,30),(28,27)),(((21,22),(25,26)),(23,24)))),(((31,36),35),(33,(32,34))))),(7,8)),1));
Tree Score: 14209.56250732149
Score Improvement: 2.525785939500036E-4

Step Number: 16
Time Spent: 23.510845549 seconds
New Tree:
Tree: ((0,6),(((((2,3),(4,5)),((((((17,16),15),(20,(19,18))),((13,14),((11,12),(9,10)))),(((29,30),(28,27)),(((21,22),(25,26)),(23,24)))),(((31,35),36),(33,(32,34))))),(7,8)),1));
Tree Score: 14209.914807523033
Score Improvement: 2.4793177225701513E-5

Step Number: 17
Time Spent: 32.877597704 seconds
New Tree:
Tree: ((0,6),(((((2,3),(4,5)),((((((17,16),15),(20,(19,18))),((13,14),((11,12),(9,10)))),(((29,30),(28,27)),(((21,22),(25,26)),(23,24)))),(((31,35),36),(33,(32,34))))),(7,8)),1));
Tree Score: 14209.914807523033
Score Improvement: 0.0

TOTAL STEPS: 17
TOTAL TIME: 413.086161666 seconds
Final tree: Tree: ((0,6),(((((2,3),(4,5)),((((((17,16),15),(20,(19,18))),((13,14),((11,12),(9,10)))),(((29,30),(28,27)),(((21,22),(25,26)),(23,24)))),(((31,35),36),(33,(32,34))))),(7,8)),1));
Tree Score: 14209.914807523033
Total Score Improvement: 0.4591393171789344

--------------ITERATION 7--------------
Input tree: ((((0,((((1,(2,3)),(4,5)),(6,7)),(((((8,9),10),((11,12),13)),(14,15)),(16,17)))),(18,(19,(20,21)))),(((22,23),((24,25),26)),27)),((28,(((29,30),31),((32,33),34))),(35,36)));
Initial Score: 8680.587499862782

Step Number: 1
Time Spent: 21.808856909 seconds
New Tree:
Tree: ((((0,((((1,(2,3)),(4,5)),(6,7)),(((16,17),(14,15)),(((8,9),10),((11,12),13))))),(18,(19,(20,21)))),(((22,23),((24,25),26)),27)),((28,(((29,30),31),((32,33),34))),(35,36)));
Tree Score: 9623.660373349203
Score Improvement: 0.10864159522628247

Step Number: 2
Time Spent: 21.491555735 seconds
New Tree:
Tree: ((((0,((((6,7),(4,5)),(1,(2,3))),(((16,17),(14,15)),(((8,9),10),((11,12),13))))),(18,(19,(20,21)))),(((22,23),((24,25),26)),27)),((28,(((29,30),31),((32,33),34))),(35,36)));
Tree Score: 10123.901623371517
Score Improvement: 0.051980351614197895

Step Number: 3
Time Spent: 28.094974718 seconds
New Tree:
Tree: ((((0,((((6,7),(4,5)),(1,(2,3))),(((16,17),(14,15)),(((8,9),10),((11,12),13))))),(18,(19,(20,21)))),(((22,23),27),((24,25),26))),((28,(((29,30),31),((32,33),34))),(35,36)));
Tree Score: 10522.175623713812
Score Improvement: 0.03933997140221712

Step Number: 4
Time Spent: 31.580008953 seconds
New Tree:
Tree: ((((0,((((6,7),(4,5)),(1,(2,3))),(((16,17),(14,15)),(((8,9),10),((11,12),13))))),((20,21),(19,18))),(((22,23),27),((24,25),26))),((28,(((29,30),31),((32,33),34))),(35,36)));
Tree Score: 10791.09650000353
Score Improvement: 0.025557535428666567

Step Number: 5
Time Spent: 31.653529755 seconds
New Tree:
Tree: ((((0,((((6,7),(4,5)),(1,(2,3))),(((16,17),(14,15)),(((8,9),10),((11,12),13))))),((20,21),(19,18))),(((22,23),27),((24,25),26))),((28,(35,36)),(((29,30),31),((32,33),34))));
Tree Score: 10940.910525337846
Score Improvement: 0.013883114226090676

Step Number: 6
Time Spent: 31.589331437 seconds
New Tree:
Tree: ((((0,((((6,7),(4,5)),(1,(2,3))),(((16,17),(14,15)),(((8,9),10),((11,12),13))))),((20,21),(19,18))),(((22,23),27),((24,25),26))),((36,(35,28)),(((29,30),31),((32,33),34))));
Tree Score: 11047.695475507755
Score Improvement: 0.009760152038773118

Step Number: 7
Time Spent: 31.726001262 seconds
New Tree:
Tree: ((((0,((((6,7),(4,5)),(1,(2,3))),(((16,17),(14,15)),(((8,9),10),((11,12),13))))),((20,21),(19,18))),(((22,23),27),((24,25),26))),((36,(35,28)),(((31,30),29),((32,33),34))));
Tree Score: 11086.076475610253
Score Improvement: 0.003474118216562516

Step Number: 8
Time Spent: 31.763645014 seconds
New Tree:
Tree: ((((0,((((6,7),(4,5)),(1,(2,3))),(((16,17),(14,15)),(((8,10),9),((11,12),13))))),((20,21),(19,18))),(((22,23),27),((24,25),26))),((36,(35,28)),(((31,30),29),((32,33),34))));
Tree Score: 11117.969100524899
Score Improvement: 0.0028768180505349683

Step Number: 9
Time Spent: 30.018851281 seconds
New Tree:
Tree: ((((0,((((6,7),(4,5)),(1,(2,3))),(((16,17),(14,15)),(((8,10),9),((11,12),13))))),((20,21),(19,18))),(((27,23),22),((24,25),26))),((36,(35,28)),(((31,30),29),((32,33),34))));
Tree Score: 11138.449000547693
Score Improvement: 0.0018420540512049666

Step Number: 10
Time Spent: 31.76353718 seconds
New Tree:
Tree: ((((0,((((6,7),(4,5)),(1,(2,3))),(((16,17),(14,15)),(((8,10),9),((11,12),13))))),((20,21),(19,18))),(((27,23),22),((24,26),25))),((36,(35,28)),(((31,30),29),((32,33),34))));
Tree Score: 11147.853425683506
Score Improvement: 8.443208866288909E-4

Step Number: 11
Time Spent: 31.666004665 seconds
New Tree:
Tree: ((((0,((((6,7),(4,5)),(1,(2,3))),(((16,(14,15)),17),(((8,10),9),((11,12),13))))),((20,21),(19,18))),(((27,23),22),((24,26),25))),((36,(35,28)),(((31,30),29),((32,33),34))));
Tree Score: 11151.707275830844
Score Improvement: 3.457033385869668E-4

Step Number: 12
Time Spent: 31.675289435 seconds
New Tree:
Tree: ((((0,((((6,7),(4,5)),(1,(2,3))),(((14,(16,15)),17),(((8,10),9),((11,12),13))))),((20,21),(19,18))),(((27,23),22),((24,26),25))),((36,(35,28)),(((31,30),29),((32,33),34))));
Tree Score: 11155.998800806405
Score Improvement: 3.8483120740284704E-4

Step Number: 13
Time Spent: 31.651104935 seconds
New Tree:
Tree: ((((0,((((6,7),(4,5)),(1,(2,3))),(((14,17),(16,15)),(((8,10),9),((11,12),13))))),((20,21),(19,18))),(((27,23),22),((24,26),25))),((36,(35,28)),(((31,30),29),((32,33),34))));
Tree Score: 11172.33302592857
Score Improvement: 0.0014641651916442733

Step Number: 14
Time Spent: 31.593856245 seconds
New Tree:
Tree: ((((0,((((6,7),(4,5)),(1,(2,3))),(((14,17),(16,15)),(((8,10),9),((11,12),13))))),((20,21),(19,18))),(((27,23),22),((24,26),25))),((36,(35,28)),(((31,30),29),((32,34),33))));
Tree Score: 11173.247900966539
Score Improvement: 8.18875552532905E-5

Step Number: 15
Time Spent: 31.63620304 seconds
New Tree:
Tree: ((((0,((((6,7),(4,5)),(1,(2,3))),(((14,17),(16,15)),(((8,10),9),((11,12),13))))),((20,21),(19,18))),(((27,23),22),((24,26),25))),((36,(35,28)),(((31,30),29),((32,34),33))));
Tree Score: 11173.247900966539
Score Improvement: 0.0

TOTAL STEPS: 15
TOTAL TIME: 449.712750564 seconds
Final tree: Tree: ((((0,((((6,7),(4,5)),(1,(2,3))),(((14,17),(16,15)),(((8,10),9),((11,12),13))))),((20,21),(19,18))),(((27,23),22),((24,26),25))),((36,(35,28)),(((31,30),29),((32,34),33))));
Tree Score: 11173.247900966539
Total Score Improvement: 0.28715342148710077

--------------ITERATION 8--------------
Input tree: ((((0,((1,2),3)),(((4,5),6),(7,8))),(((((9,(10,11)),(12,13)),14),((15,(16,17)),(18,(19,20)))),(((21,22),(23,24)),(((25,26),27),28)))),(((29,(30,31)),((32,(33,34)),35)),36));
Initial Score: 11803.837478086876

Step Number: 1
Time Spent: 31.004813742 seconds
New Tree:
Tree: ((((0,((1,2),3)),(((4,5),6),(7,8))),(((((9,(10,11)),(12,13)),14),((15,(16,17)),(18,(19,20)))),(((21,22),(23,24)),(((25,26),27),28)))),(((29,(30,31)),36),((32,(33,34)),35)));
Tree Score: 12350.241352888377
Score Improvement: 0.04629035903077017

Step Number: 2
Time Spent: 30.928581631 seconds
New Tree:
Tree: ((((0,((1,2),3)),(((4,5),6),(7,8))),((((14,(12,13)),(9,(10,11))),((15,(16,17)),(18,(19,20)))),(((21,22),(23,24)),(((25,26),27),28)))),(((29,(30,31)),36),((32,(33,34)),35)));
Tree Score: 12811.312027628388
Score Improvement: 0.037332928285824796

Step Number: 3
Time Spent: 30.674108349 seconds
New Tree:
Tree: ((((0,((1,2),3)),(((4,5),6),(7,8))),((((14,(12,13)),(9,(10,11))),((15,(16,17)),(18,(19,20)))),(((25,26),27),(((21,22),(23,24)),28)))),(((29,(30,31)),36),((32,(33,34)),35)));
Tree Score: 12915.47547823636
Score Improvement: 0.00813058415744905

Step Number: 4
Time Spent: 30.688739889 seconds
New Tree:
Tree: (((((1,2),(0,3)),(((4,5),6),(7,8))),((((14,(12,13)),(9,(10,11))),((15,(16,17)),(18,(19,20)))),(((25,26),27),(((21,22),(23,24)),28)))),(((29,(30,31)),36),((32,(33,34)),35)));
Tree Score: 13016.585478633438
Score Improvement: 0.00782859295946614

Step Number: 5
Time Spent: 30.706030495 seconds
New Tree:
Tree: (((((1,2),(0,3)),(((4,5),6),(7,8))),((((14,(12,13)),(9,(10,11))),((15,(16,17)),(18,(19,20)))),(((25,26),27),(((21,22),(23,24)),28)))),(((29,(30,31)),36),((32,35),(33,34))));
Tree Score: 13093.075178615545
Score Improvement: 0.005876326023261935

Step Number: 6
Time Spent: 31.245709668 seconds
New Tree:
Tree: (((((1,2),(0,3)),(((4,5),6),(7,8))),((((14,(12,13)),(9,(10,11))),((15,(16,17)),(18,(19,20)))),(((25,26),27),(((21,22),(23,24)),28)))),(((29,36),(30,31)),((32,35),(33,34))));
Tree Score: 13165.03180382165
Score Improvement: 0.005495777288717418

Step Number: 7
Time Spent: 31.284189003 seconds
New Tree:
Tree: (((((1,2),(0,3)),(((4,5),6),(7,8))),((((14,(12,13)),(9,(10,11))),((15,(16,17)),(18,(19,20)))),(((25,26),27),((28,(23,24)),(21,22))))),(((29,36),(30,31)),((32,35),(33,34))));
Tree Score: 13218.251928429905
Score Improvement: 0.004042536729216728

Step Number: 8
Time Spent: 31.142055426 seconds
New Tree:
Tree: (((((1,2),(0,3)),(((4,6),5),(7,8))),((((14,(12,13)),(9,(10,11))),((15,(16,17)),(18,(19,20)))),(((25,26),27),((28,(23,24)),(21,22))))),(((29,36),(30,31)),((32,35),(33,34))));
Tree Score: 13239.63635360259
Score Improvement: 0.001617795249210685

Step Number: 9
Time Spent: 31.057657822 seconds
New Tree:
Tree: (((((4,6),5),(((1,2),(0,3)),(7,8))),((((14,(12,13)),(9,(10,11))),((15,(16,17)),(18,(19,20)))),(((25,26),27),((28,(23,24)),(21,22))))),(((29,36),(30,31)),((32,35),(33,34))));
Tree Score: 13273.98290387704
Score Improvement: 0.0025942215750589526

Step Number: 10
Time Spent: 29.093925631 seconds
New Tree:
Tree: (((((4,6),5),(((1,2),(0,3)),(7,8))),((((14,(12,13)),(9,(10,11))),((15,(16,17)),(20,(19,18)))),(((25,26),27),((28,(23,24)),(21,22))))),(((29,36),(30,31)),((32,35),(33,34))));
Tree Score: 13293.075029300293
Score Improvement: 0.0014383117381955302

Step Number: 11
Time Spent: 31.077034169 seconds
New Tree:
Tree: (((((4,6),5),(((1,2),(0,3)),(7,8))),((((13,(12,14)),(9,(10,11))),((15,(16,17)),(20,(19,18)))),(((25,26),27),((28,(23,24)),(21,22))))),(((29,36),(30,31)),((32,35),(33,34))));
Tree Score: 13293.63615425839
Score Improvement: 4.221182509400734E-5

Step Number: 12
Time Spent: 28.251817707 seconds
New Tree:
Tree: (((((4,6),5),(((1,2),(0,3)),(7,8))),((((13,(12,14)),(9,(10,11))),((15,(16,17)),(20,(19,18)))),(((25,26),27),((28,(23,24)),(21,22))))),(((29,36),(30,31)),((32,35),(33,34))));
Tree Score: 13293.63615425839
Score Improvement: 0.0

TOTAL STEPS: 12
TOTAL TIME: 367.154663532 seconds
Final tree: Tree: (((((4,6),5),(((1,2),(0,3)),(7,8))),((((13,(12,14)),(9,(10,11))),((15,(16,17)),(20,(19,18)))),(((25,26),27),((28,(23,24)),(21,22))))),(((29,36),(30,31)),((32,35),(33,34))));
Tree Score: 13293.63615425839
Total Score Improvement: 0.12621307934281867

--------------ITERATION 9--------------
Input tree: (((((((0,1),2),((3,4),5)),(6,7)),(8,((9,10),(11,((((12,13),14),15),16))))),((17,(18,19)),((20,21),22))),(((23,24),(25,((26,27),28))),(((29,(30,31)),((32,33),(34,35))),36)));
Initial Score: 10256.897525056032

Step Number: 1
Time Spent: 21.469697439 seconds
New Tree:
Tree: (((((17,(18,19)),((20,21),22)),(8,((9,10),(11,((((12,13),14),15),16))))),((((0,1),2),((3,4),5)),(6,7))),(((23,24),(25,((26,27),28))),(((29,(30,31)),((32,33),(34,35))),36)));
Tree Score: 12123.829626911727
Score Improvement: 0.18201723253011592

Step Number: 2
Time Spent: 21.328844332 seconds
New Tree:
Tree: (((((17,(18,19)),((20,21),22)),((11,((((12,13),14),15),16)),((9,10),8))),((((0,1),2),((3,4),5)),(6,7))),(((23,24),(25,((26,27),28))),(((29,(30,31)),((32,33),(34,35))),36)));
Tree Score: 12931.66125285573
Score Improvement: 0.0666317204054756

Step Number: 3
Time Spent: 21.515677867 seconds
New Tree:
Tree: (((((29,(30,31)),((32,33),(34,35))),36),((((0,1),2),((3,4),5)),(6,7))),(((23,24),(25,((26,27),28))),(((17,(18,19)),((20,21),22)),((11,((((12,13),14),15),16)),((9,10),8)))));
Tree Score: 13568.184027276817
Score Improvement: 0.04922204208531378

Step Number: 4
Time Spent: 21.217025504 seconds
New Tree:
Tree: (((((29,(30,31)),36),((32,33),(34,35))),((((0,1),2),((3,4),5)),(6,7))),(((23,24),(25,((26,27),28))),(((17,(18,19)),((20,21),22)),((11,((((12,13),14),15),16)),((9,10),8)))));
Tree Score: 14027.235752146487
Score Improvement: 0.03383295243835249

Step Number: 5
Time Spent: 30.44655979 seconds
New Tree:
Tree: (((((29,(30,31)),36),((32,33),(34,35))),((((0,1),2),((3,4),5)),(6,7))),((((26,27),28),(25,(23,24))),(((17,(18,19)),((20,21),22)),((11,((((12,13),14),15),16)),((9,10),8)))));
Tree Score: 14129.562178052758
Score Improvement: 0.007294838962880634

Step Number: 6
Time Spent: 30.813980187 seconds
New Tree:
Tree: (((((29,(30,31)),36),((32,33),(34,35))),((((0,1),2),(6,7)),((3,4),5))),((((26,27),28),(25,(23,24))),(((17,(18,19)),((20,21),22)),((11,((((12,13),14),15),16)),((9,10),8)))));
Tree Score: 14229.35265177794
Score Improvement: 0.0070625312000243134

Step Number: 7
Time Spent: 30.783392707 seconds
New Tree:
Tree: (((((29,36),(30,31)),((32,33),(34,35))),((((0,1),2),(6,7)),((3,4),5))),((((26,27),28),(25,(23,24))),(((17,(18,19)),((20,21),22)),((11,((((12,13),14),15),16)),((9,10),8)))));
Tree Score: 14301.309276984044
Score Improvement: 0.005056914883412755

Step Number: 8
Time Spent: 30.83447986 seconds
New Tree:
Tree: (((((29,36),(30,31)),((32,33),(34,35))),((((0,1),2),(6,7)),((3,4),5))),((((26,27),28),(25,(23,24))),(((17,(18,19)),((20,21),22)),(((((12,13),14),15),(11,16)),((9,10),8)))));
Tree Score: 14352.67225199283
Score Improvement: 0.0035914876053653177

Step Number: 9
Time Spent: 30.833944737 seconds
New Tree:
Tree: (((((29,36),(30,31)),((32,33),(34,35))),((((0,1),2),(6,7)),((3,4),5))),((((26,27),28),(25,(23,24))),(((17,(18,19)),((20,21),22)),((((11,16),15),((12,13),14)),((9,10),8)))));
Tree Score: 14428.090426654526
Score Improvement: 0.005254643409781989

Step Number: 10
Time Spent: 30.580770572 seconds
New Tree:
Tree: (((((29,36),(30,31)),((32,33),(34,35))),((((0,1),2),(6,7)),((3,4),5))),((((28,27),26),(25,(23,24))),(((17,(18,19)),((20,21),22)),((((11,16),15),((12,13),14)),((9,10),8)))));
Tree Score: 14460.264576575224
Score Improvement: 0.002229965918515431

Step Number: 11
Time Spent: 30.569340697 seconds
New Tree:
Tree: (((((29,36),(30,31)),((32,33),(34,35))),((((0,1),2),(6,7)),((3,4),5))),((((28,27),26),(25,(23,24))),(((17,(18,19)),((20,21),22)),((((11,16),15),((9,10),8)),((12,13),14)))));
Tree Score: 14481.438825739984
Score Improvement: 0.0014643057914072166

Step Number: 12
Time Spent: 30.597139693 seconds
New Tree:
Tree: (((((29,36),(30,31)),((32,33),(34,35))),((((0,1),2),(6,7)),((3,4),5))),((((28,27),26),(25,(23,24))),(((19,(18,17)),((20,21),22)),((((11,16),15),((9,10),8)),((12,13),14)))));
Tree Score: 14492.624300880794
Score Improvement: 7.724008142704353E-4

Step Number: 13
Time Spent: 30.605017231 seconds
New Tree:
Tree: (((((29,36),(30,31)),((32,33),(34,35))),((((0,1),2),(6,7)),((3,4),5))),((((28,27),26),(25,(23,24))),(((19,(18,17)),((20,22),21)),((((11,16),15),((9,10),8)),((12,13),14)))));
Tree Score: 14495.679525865678
Score Improvement: 2.1081240508658006E-4

Step Number: 14
Time Spent: 30.617964827 seconds
New Tree:
Tree: (((((29,36),(30,31)),((32,33),(34,35))),((((0,1),2),(6,7)),((3,4),5))),((((28,27),26),(25,(23,24))),(((19,(18,17)),((20,22),21)),((((11,15),16),((9,10),8)),((12,13),14)))));
Tree Score: 14498.410275852744
Score Improvement: 1.8838371683038702E-4

Step Number: 15
Time Spent: 30.651451418 seconds
New Tree:
Tree: (((((29,36),(30,31)),((32,33),(34,35))),((((0,1),2),(6,7)),((3,4),5))),((((28,27),26),(25,(23,24))),(((19,(18,17)),((20,22),21)),((((11,15),16),((9,10),8)),((12,14),13)))));
Tree Score: 14499.12707613266
Score Improvement: 4.9439922465754904E-5

Step Number: 16
Time Spent: 30.656890168 seconds
New Tree:
Tree: (((((29,36),(30,31)),((32,33),(34,35))),((((0,2),1),(6,7)),((3,4),5))),((((28,27),26),(25,(23,24))),(((19,(18,17)),((20,22),21)),((((11,15),16),((9,10),8)),((12,14),13)))));
Tree Score: 14499.658601143834
Score Improvement: 3.6659104260872155E-5

Step Number: 17
Time Spent: 30.632134646 seconds
New Tree:
Tree: (((((29,36),(30,31)),((32,33),(34,35))),((((0,2),1),(6,7)),((3,4),5))),((((28,27),26),(25,(23,24))),(((19,(18,17)),((20,22),21)),((((11,15),16),((8,10),9)),((12,14),13)))));
Tree Score: 14499.748751235631
Score Improvement: 6.217394097118856E-6

Step Number: 18
Time Spent: 30.622077431 seconds
New Tree:
Tree: (((((29,36),(30,31)),((32,33),(34,35))),((((0,2),1),(6,7)),((3,4),5))),((((28,27),26),(25,(23,24))),(((19,(18,17)),((20,22),21)),((((11,15),16),((8,10),9)),((12,14),13)))));
Tree Score: 14499.748751235631
Score Improvement: 0.0

TOTAL STEPS: 18
TOTAL TIME: 514.776389106 seconds
Final tree: Tree: (((((29,36),(30,31)),((32,33),(34,35))),((((0,2),1),(6,7)),((3,4),5))),((((28,27),26),(25,(23,24))),(((19,(18,17)),((20,22),21)),((((11,15),16),((8,10),9)),((12,14),13)))));
Tree Score: 14499.748751235631
Total Score Improvement: 0.41365834218534037

--------------ITERATION 10--------------
Input tree: (((((0,1),2),((3,(4,5)),(6,7))),(8,9)),((((((10,(11,12)),13),((14,(15,16)),(17,(18,((19,(20,21)),(22,23)))))),(24,25)),(26,(((27,28),(29,(30,((31,32),33)))),(34,35)))),36));
Initial Score: 7579.037577307685

Step Number: 1
Time Spent: 31.74570195 seconds
New Tree:
Tree: (((((0,1),2),((3,(4,5)),(6,7))),(8,9)),((((26,(((27,28),(29,(30,((31,32),33)))),(34,35))),(24,25)),(((10,(11,12)),13),((14,(15,16)),(17,(18,((19,(20,21)),(22,23))))))),36));
Tree Score: 9361.357704893006
Score Improvement: 0.23516443999720305

Step Number: 2
Time Spent: 31.534279395 seconds
New Tree:
Tree: (((((0,1),2),((3,(4,5)),(6,7))),(8,9)),((((26,(((27,28),(29,(30,((31,32),33)))),(34,35))),(24,25)),((17,(18,((19,(20,21)),(22,23)))),((14,(15,16)),((10,(11,12)),13)))),36));
Tree Score: 10187.181204885175
Score Improvement: 0.08821621030040627

Step Number: 3
Time Spent: 31.745932776 seconds
New Tree:
Tree: (((((0,1),2),((3,(4,5)),(6,7))),(8,9)),((((26,(24,25)),(((27,28),(29,(30,((31,32),33)))),(34,35))),((17,(18,((19,(20,21)),(22,23)))),((14,(15,16)),((10,(11,12)),13)))),36));
Tree Score: 10874.003053595708
Score Improvement: 0.06742020534406246

Step Number: 4
Time Spent: 31.273936442 seconds
New Tree:
Tree: (((((0,1),2),((3,(4,5)),(6,7))),(8,9)),((((26,(24,25)),(((27,28),(29,(30,((31,32),33)))),(34,35))),((((19,(20,21)),(22,23)),(18,17)),((14,(15,16)),((10,(11,12)),13)))),36));
Tree Score: 11470.052603948214
Score Improvement: 0.05481417904838737

Step Number: 5
Time Spent: 31.503897599 seconds
New Tree:
Tree: (((((0,1),2),((3,(4,5)),(6,7))),(8,9)),(((((27,28),(29,(30,((31,32),33)))),((26,(24,25)),(34,35))),((((19,(20,21)),(22,23)),(18,17)),((14,(15,16)),((10,(11,12)),13)))),36));
Tree Score: 11818.288928973307
Score Improvement: 0.030360481948027207

Step Number: 6
Time Spent: 31.503649243 seconds
New Tree:
Tree: (((((0,1),2),((3,(4,5)),(6,7))),(8,9)),(((((27,28),(29,(30,((31,32),33)))),((26,(24,25)),(34,35))),((((19,(20,21)),(22,23)),(18,17)),((10,(11,12)),((14,(15,16)),13)))),36));
Tree Score: 11987.445653910567
Score Improvement: 0.0143131316177727

Step Number: 7
Time Spent: 31.527936968 seconds
New Tree:
Tree: ((36,(8,9)),(((((27,28),(29,(30,((31,32),33)))),((26,(24,25)),(34,35))),((((19,(20,21)),(22,23)),(18,17)),((10,(11,12)),((14,(15,16)),13)))),(((0,1),2),((3,(4,5)),(6,7)))));
Tree Score: 12133.726053585262
Score Improvement: 0.01220279982057515

Step Number: 8
Time Spent: 30.846375437 seconds
New Tree:
Tree: ((36,(8,9)),(((0,1),2),(((((27,28),(29,(30,((31,32),33)))),((26,(24,25)),(34,35))),((((19,(20,21)),(22,23)),(18,17)),((10,(11,12)),((14,(15,16)),13)))),((3,(4,5)),(6,7)))));
Tree Score: 12463.149228193644
Score Improvement: 0.02714938289801294

Step Number: 9
Time Spent: 32.329913672 seconds
New Tree:
Tree: ((36,(8,9)),(((0,1),2),(((((27,28),(((31,32),33),(30,29))),((26,(24,25)),(34,35))),((((19,(20,21)),(22,23)),(18,17)),((10,(11,12)),((14,(15,16)),13)))),((3,(4,5)),(6,7)))));
Tree Score: 12570.902003477175
Score Improvement: 0.008645710109911553

Step Number: 10
Time Spent: 32.501115122 seconds
New Tree:
Tree: ((36,(8,9)),(((0,1),2),(((((27,28),(((31,32),33),(30,29))),((26,(24,25)),(34,35))),((((18,17),(22,23)),(19,(20,21))),((10,(11,12)),((14,(15,16)),13)))),((3,(4,5)),(6,7)))));
Tree Score: 12671.818827636856
Score Improvement: 0.008027810902651922

Step Number: 11
Time Spent: 32.352160775 seconds
New Tree:
Tree: ((36,(8,9)),(((0,1),2),(((((27,28),(((31,32),33),(30,29))),((26,(34,35)),(24,25))),((((18,17),(22,23)),(19,(20,21))),((10,(11,12)),((14,(15,16)),13)))),((3,(4,5)),(6,7)))));
Tree Score: 12735.771853404669
Score Improvement: 0.005046870274717952

Step Number: 12
Time Spent: 32.365121431 seconds
New Tree:
Tree: ((8,(36,9)),(((0,1),2),(((((27,28),(((31,32),33),(30,29))),((26,(34,35)),(24,25))),((((18,17),(22,23)),(19,(20,21))),((10,(11,12)),((14,(15,16)),13)))),((3,(4,5)),(6,7)))));
Tree Score: 12783.807278434757
Score Improvement: 0.0037716932733249386

Step Number: 13
Time Spent: 32.370316995 seconds
New Tree:
Tree: ((8,(36,9)),(((0,1),2),(((((27,28),(((31,32),33),(30,29))),((26,(34,35)),(24,25))),((((18,17),(22,23)),(19,(20,21))),((10,(11,12)),((14,(15,16)),13)))),((3,(6,7)),(4,5)))));
Tree Score: 12812.03795345408
Score Improvement: 0.0022083151290106517

Step Number: 14
Time Spent: 32.370310289 seconds
New Tree:
Tree: ((8,(36,9)),(((0,1),2),(((((30,29),(((31,32),33),(27,28))),((26,(34,35)),(24,25))),((((18,17),(22,23)),(19,(20,21))),((10,(11,12)),((14,(15,16)),13)))),((3,(6,7)),(4,5)))));
Tree Score: 12838.566353224403
Score Improvement: 0.0020705839201147214

Step Number: 15
Time Spent: 32.399122613 seconds
New Tree:
Tree: ((8,(36,9)),(((0,1),2),(((((30,29),(((27,28),33),(31,32))),((26,(34,35)),(24,25))),((((18,17),(22,23)),(19,(20,21))),((10,(11,12)),((14,(15,16)),13)))),((3,(6,7)),(4,5)))));
Tree Score: 12856.52012857208
Score Improvement: 0.0013984252488725701

Step Number: 16
Time Spent: 30.933942858 seconds
New Tree:
Tree: ((8,(36,9)),(((0,1),2),(((((30,29),(((27,28),33),(31,32))),((26,(34,35)),(24,25))),((((18,17),(22,23)),(19,(20,21))),((10,(11,12)),((14,(15,16)),13)))),((7,(6,3)),(4,5)))));
Tree Score: 12874.399828719626
Score Improvement: 0.0013907107031094768

Step Number: 17
Time Spent: 21.921427439 seconds
New Tree:
Tree: ((8,(36,9)),(((0,1),2),(((((30,29),(((27,28),33),(31,32))),((35,(34,26)),(24,25))),((((18,17),(22,23)),(19,(20,21))),((10,(11,12)),((14,(15,16)),13)))),((7,(6,3)),(4,5)))));
Tree Score: 12890.462503466242
Score Improvement: 0.001247644547343052

Step Number: 18
Time Spent: 21.853283298 seconds
New Tree:
Tree: ((8,(36,9)),(((0,1),2),(((((30,29),(((27,28),33),(31,32))),((35,(34,26)),(24,25))),((((18,17),(22,23)),(19,(20,21))),((10,(11,12)),((16,(15,14)),13)))),((7,(6,3)),(4,5)))));
Tree Score: 12904.03745354102
Score Improvement: 0.0010531003112670412

Step Number: 19
Time Spent: 21.913324593 seconds
New Tree:
Tree: ((8,(36,9)),(((0,1),2),(((((30,29),(((27,28),33),(31,32))),((35,(34,26)),(24,25))),((((18,17),(22,23)),(19,(20,21))),((10,(11,12)),((16,13),(15,14))))),((7,(6,3)),(4,5)))));
Tree Score: 12926.126903606997
Score Improvement: 0.0017118247018041988

Step Number: 20
Time Spent: 21.852413985 seconds
New Tree:
Tree: ((8,(36,9)),(((0,1),2),(((((30,29),(((27,33),28),(31,32))),((35,(34,26)),(24,25))),((((18,17),(22,23)),(19,(20,21))),((10,(11,12)),((16,13),(15,14))))),((7,(6,3)),(4,5)))));
Tree Score: 12939.412003642366
Score Improvement: 0.0010277711285398006

Step Number: 21
Time Spent: 21.854834333 seconds
New Tree:
Tree: ((8,(36,9)),(((0,1),2),(((((30,29),(((27,33),28),(31,32))),((35,(34,26)),(24,25))),((((18,17),(22,23)),(19,(20,21))),((10,(11,12)),((16,13),(15,14))))),((7,(4,5)),(6,3)))));
Tree Score: 12951.854128619609
Score Improvement: 9.615680352197398E-4

Step Number: 22
Time Spent: 21.824421878 seconds
New Tree:
Tree: ((8,(36,9)),(((0,1),2),(((((30,29),(((27,33),28),(31,32))),((35,(34,26)),(24,25))),((((18,17),(22,23)),(19,(20,21))),((10,(11,12)),((16,13),(15,14))))),((5,(4,7)),(6,3)))));
Tree Score: 12974.061178623273
Score Improvement: 0.0017145846288211253

Step Number: 23
Time Spent: 21.800915326 seconds
New Tree:
Tree: ((8,(36,9)),(((0,1),2),(((((30,29),(((27,33),28),(31,32))),((35,(34,26)),(24,25))),((((18,17),(22,23)),(19,(20,21))),((10,(11,12)),((16,13),(15,14))))),((5,(6,3)),(4,7)))));
Tree Score: 13001.09352874233
Score Improvement: 0.002083568880004716

Step Number: 24
Time Spent: 21.766726272 seconds
New Tree:
Tree: ((8,(36,9)),(((0,1),2),((((((27,33),28),((30,29),(31,32))),((35,(34,26)),(24,25))),((((18,17),(22,23)),(19,(20,21))),((10,(11,12)),((16,13),(15,14))))),((5,(6,3)),(4,7)))));
Tree Score: 13008.33992813034
Score Improvement: 5.573684530448819E-4

Step Number: 25
Time Spent: 21.763030062 seconds
New Tree:
Tree: ((8,(36,9)),(((0,1),2),((((((28,33),27),((30,29),(31,32))),((35,(34,26)),(24,25))),((((18,17),(22,23)),(19,(20,21))),((10,(11,12)),((16,13),(15,14))))),((5,(6,3)),(4,7)))));
Tree Score: 13013.956803470104
Score Improvement: 4.317903261137346E-4

Step Number: 26
Time Spent: 21.77343767 seconds
New Tree:
Tree: ((8,(36,9)),(((0,1),2),((((((28,33),27),((30,29),(31,32))),((35,(34,26)),(24,25))),((((18,17),(22,23)),(21,(20,19))),((10,(11,12)),((16,13),(15,14))))),((5,(6,3)),(4,7)))));
Tree Score: 13017.520728471874
Score Improvement: 2.738540672595491E-4

Step Number: 27
Time Spent: 21.771714407 seconds
New Tree:
Tree: ((8,(36,9)),(((0,1),2),((((((28,33),27),((30,29),(31,32))),((35,(34,26)),(24,25))),((((18,17),(22,23)),(21,(20,19))),((10,(11,12)),((16,13),(15,14))))),((3,(6,5)),(4,7)))));
Tree Score: 13019.727278562099
Score Improvement: 1.6950617066413542E-4

Step Number: 28
Time Spent: 21.776072991 seconds
New Tree:
Tree: ((8,(36,9)),(((0,1),2),((((((28,33),27),((30,29),(31,32))),((35,(34,26)),(24,25))),((((18,17),(22,23)),(21,(20,19))),((11,(10,12)),((16,13),(15,14))))),((3,(6,5)),(4,7)))));
Tree Score: 13020.120903597981
Score Improvement: 3.023297089566057E-5

Step Number: 29
Time Spent: 21.767173186 seconds
New Tree:
Tree: ((8,(36,9)),(((0,1),2),((((((28,33),27),((30,29),(31,32))),((35,(34,26)),(24,25))),((((18,17),(22,23)),(21,(20,19))),((11,(10,12)),((16,13),(15,14))))),((3,(4,7)),(6,5)))));
Tree Score: 13020.154728534759
Score Improvement: 2.5978972875151385E-6

Step Number: 30
Time Spent: 21.782346415 seconds
New Tree:
Tree: ((8,(36,9)),(((0,1),2),((((((28,33),27),((30,29),(31,32))),((35,(34,26)),(24,25))),((((18,17),(22,23)),(21,(20,19))),((11,(10,12)),((16,13),(15,14))))),((3,(4,7)),(6,5)))));
Tree Score: 13020.154728534759
Score Improvement: 0.0

TOTAL STEPS: 30
TOTAL TIME: 814.72483542 seconds
Final tree: Tree: ((8,(36,9)),(((0,1),2),((((((28,33),27),((30,29),(31,32))),((35,(34,26)),(24,25))),((((18,17),(22,23)),(21,(20,19))),((11,(10,12)),((16,13),(15,14))))),((3,(4,7)),(6,5)))));
Tree Score: 13020.154728534759
Total Score Improvement: 0.7179166346289487

===========================================================
RESULTS FROM 10 ITERATION(S):
AVERAGE TIME PER RUN: 523.103633094 seconds
AVERAGE IMPROVEMENT: 0.4757993528656934
BEST Tree: (((((29,36),(30,31)),((32,33),(34,35))),((((0,2),1),(6,7)),((3,4),5))),((((28,27),26),(25,(23,24))),(((19,(18,17)),((20,22),21)),((((11,15),16),((8,10),9)),((12,14),13)))));
Tree Score: 14499.748751235631
BEST'S IMPROVEMENT :0.41365834218534037
