--------------ITERATION 1--------------
Input tree: ((((0,(1,2)),(((3,4),5),(6,7))),((8,(9,10)),((((11,12),((13,14),15)),(((16,17),18),(19,20))),(21,22)))),((((23,24),25),(((26,27),(28,29)),(30,31))),((32,33),(34,(35,36)))));
Initial Score: 11572.888899612008

Step Number: 1
Time Spent: 37.336199458 seconds
New Tree:
Tree: ((((0,(1,2)),(((3,4),5),(6,7))),((32,33),(34,(35,36)))),((((23,24),25),(((26,27),(28,29)),(30,31))),((8,(9,10)),((((11,12),((13,14),15)),(((16,17),18),(19,20))),(21,22)))));
Tree Score: 12990.803253305494
Score Improvement: 0.1225203461290485

Step Number: 2
Time Spent: 37.073645609 seconds
New Tree:
Tree: ((((0,(1,2)),(((3,4),5),(6,7))),((32,33),(34,(35,36)))),((((23,24),25),(((26,27),(28,29)),(30,31))),((((11,12),((13,14),15)),(((16,17),18),(19,20))),((8,(9,10)),(21,22)))));
Tree Score: 13792.979079292505
Score Improvement: 0.0617495169733171

Step Number: 3
Time Spent: 37.005491481 seconds
New Tree:
Tree: ((((0,(1,2)),(((3,4),5),(6,7))),((32,33),(34,(35,36)))),((((23,24),25),(((26,27),(28,29)),(30,31))),((((11,12),((13,14),15)),((8,(9,10)),(21,22))),(((16,17),18),(19,20)))));
Tree Score: 14569.417704427033
Score Improvement: 0.056292307895993376

Step Number: 4
Time Spent: 37.026614908 seconds
New Tree:
Tree: ((((6,7),(((3,4),5),(0,(1,2)))),((32,33),(34,(35,36)))),((((23,24),25),(((26,27),(28,29)),(30,31))),((((11,12),((13,14),15)),((8,(9,10)),(21,22))),(((16,17),18),(19,20)))));
Tree Score: 14704.221030782326
Score Improvement: 0.00925248552070368

Step Number: 5
Time Spent: 37.042264105 seconds
New Tree:
Tree: ((((6,7),(((3,4),5),(0,(1,2)))),((32,33),(34,(35,36)))),((((26,27),(28,29)),(((23,24),25),(30,31))),((((11,12),((13,14),15)),((8,(9,10)),(21,22))),(((16,17),18),(19,20)))));
Tree Score: 14762.134056278854
Score Improvement: 0.003938530669206575

Step Number: 6
Time Spent: 36.998298807 seconds
New Tree:
Tree: ((((6,7),(((3,4),5),(0,(1,2)))),((32,33),(34,(35,36)))),((((26,27),(28,29)),(((30,31),25),(23,24))),((((11,12),((13,14),15)),((8,(9,10)),(21,22))),(((16,17),18),(19,20)))));
Tree Score: 14854.9110313555
Score Improvement: 0.006284794239298064

Step Number: 7
Time Spent: 37.051378322 seconds
New Tree:
Tree: ((((6,7),(((3,4),5),(0,(1,2)))),((32,33),(34,(35,36)))),((((26,27),(28,29)),(((30,31),25),(23,24))),((((13,14),((11,12),15)),((8,(9,10)),(21,22))),(((16,17),18),(19,20)))));
Tree Score: 14893.006581721245
Score Improvement: 0.002564508820371625

Step Number: 8
Time Spent: 37.037459443 seconds
New Tree:
Tree: ((((6,7),(((3,4),5),(1,(0,2)))),((32,33),(34,(35,36)))),((((26,27),(28,29)),(((30,31),25),(23,24))),((((13,14),((11,12),15)),((8,(9,10)),(21,22))),(((16,17),18),(19,20)))));
Tree Score: 14930.307181350305
Score Improvement: 0.0025045714862463875

Step Number: 9
Time Spent: 37.011765254 seconds
New Tree:
Tree: ((((6,7),(((3,4),5),(1,(0,2)))),((35,36),(34,(32,33)))),((((26,27),(28,29)),(((30,31),25),(23,24))),((((13,14),((11,12),15)),((8,(9,10)),(21,22))),(((16,17),18),(19,20)))));
Tree Score: 14952.601806522696
Score Improvement: 0.0014932462474877006

Step Number: 10
Time Spent: 36.978052517 seconds
New Tree:
Tree: ((((6,7),(((3,4),5),(1,(0,2)))),((35,36),(34,(32,33)))),((((26,27),(28,29)),(((30,25),31),(23,24))),((((13,14),((11,12),15)),((8,(9,10)),(21,22))),(((16,17),18),(19,20)))));
Tree Score: 14972.074031441822
Score Improvement: 0.001302263323205155

Step Number: 11
Time Spent: 36.993375556 seconds
New Tree:
Tree: ((((6,7),(((3,4),5),(1,(0,2)))),((35,36),(34,(32,33)))),((((26,27),(28,29)),(((30,25),31),(23,24))),((((13,14),((11,12),15)),((8,(21,22)),(9,10))),(((16,17),18),(19,20)))));
Tree Score: 14990.104356445256
Score Improvement: 0.0012042636822107156

Step Number: 12
Time Spent: 37.014872423 seconds
New Tree:
Tree: ((((6,7),(((3,4),5),(1,(0,2)))),((35,36),(34,(32,33)))),((((26,27),(28,29)),(((30,25),31),(23,24))),((((13,14),((11,12),15)),((22,(21,8)),(9,10))),(((16,17),18),(19,20)))));
Tree Score: 15009.89918142173
Score Improvement: 0.0013205261621787034

Step Number: 13
Time Spent: 37.003697398 seconds
New Tree:
Tree: ((((6,7),(((3,4),5),(1,(0,2)))),((35,36),(34,(32,33)))),((((26,27),(28,29)),(((30,25),31),(23,24))),((((13,14),((11,12),15)),((22,(9,10)),(21,8))),(((16,17),18),(19,20)))));
Tree Score: 15039.028781151981
Score Improvement: 0.0019406925641649586

Step Number: 14
Time Spent: 37.035042516 seconds
New Tree:
Tree: ((((6,7),(((3,4),5),(1,(0,2)))),((35,36),(34,(32,33)))),((((26,27),(28,29)),(((30,25),31),(23,24))),((((13,14),((11,12),15)),((10,(9,22)),(21,8))),(((16,17),18),(19,20)))));
Tree Score: 15042.434981180704
Score Improvement: 2.264906915392384E-4

Step Number: 15
Time Spent: 37.02690433 seconds
New Tree:
Tree: ((((6,7),(((3,4),5),(1,(0,2)))),((35,36),(33,(32,34)))),((((26,27),(28,29)),(((30,25),31),(23,24))),((((13,14),((11,12),15)),((10,(9,22)),(21,8))),(((16,17),18),(19,20)))));
Tree Score: 15044.386456204928
Score Improvement: 1.2973132519200625E-4

Step Number: 16
Time Spent: 37.044120206 seconds
New Tree:
Tree: ((((6,7),(((3,4),5),(1,(0,2)))),((35,36),(33,(32,34)))),((((26,27),(28,29)),(((30,25),31),(23,24))),((((13,14),((11,12),15)),((10,(21,8)),(9,22))),(((16,17),18),(19,20)))));
Tree Score: 15044.475331226015
Score Improvement: 5.9075204792424785E-6

Step Number: 17
Time Spent: 37.046621433 seconds
New Tree:
Tree: ((((6,7),(((3,4),5),(1,(0,2)))),((35,36),(33,(32,34)))),((((26,27),(28,29)),(((30,25),31),(23,24))),((((13,14),((11,12),15)),((10,(21,8)),(9,22))),(((16,18),17),(19,20)))));
Tree Score: 15044.542681220802
Score Improvement: 4.476726060964609E-6

Step Number: 18
Time Spent: 37.067563411 seconds
New Tree:
Tree: ((((6,7),(((3,5),4),(1,(0,2)))),((35,36),(33,(32,34)))),((((26,27),(28,29)),(((30,25),31),(23,24))),((((13,14),((11,12),15)),((10,(21,8)),(9,22))),(((16,18),17),(19,20)))));
Tree Score: 15044.57048101339
Score Improvement: 1.8478323453585688E-6

Step Number: 19
Time Spent: 37.064359861 seconds
New Tree:
Tree: ((((6,7),(((3,5),4),(1,(0,2)))),((35,36),(33,(32,34)))),((((26,27),(28,29)),(((30,25),31),(23,24))),((((13,14),((11,12),15)),((10,(21,8)),(9,22))),(((16,18),17),(19,20)))));
Tree Score: 15044.57048101339
Score Improvement: 0.0

TOTAL STEPS: 19
TOTAL TIME: 703.857727038 seconds
Final tree: Tree: ((((6,7),(((3,5),4),(1,(0,2)))),((35,36),(33,(32,34)))),((((26,27),(28,29)),(((30,25),31),(23,24))),((((13,14),((11,12),15)),((10,(21,8)),(9,22))),(((16,18),17),(19,20)))));
Tree Score: 15044.57048101339
Total Score Improvement: 0.29998400671743886

--------------ITERATION 2--------------
Input tree: ((((0,(1,2)),(((3,4),((5,(6,7)),8)),(9,10))),(((11,12),(13,14)),15)),((((16,17),(18,19)),20),(((21,(22,((23,(24,25)),26))),(27,28)),(((29,(30,31)),(32,33)),(34,(35,36))))));
Initial Score: 10178.649027688416

Step Number: 1
Time Spent: 37.432201191 seconds
New Tree:
Tree: ((((0,(1,2)),(((3,4),((5,(6,7)),8)),(9,10))),(((21,(22,((23,(24,25)),26))),(27,28)),(((29,(30,31)),(32,33)),(34,(35,36))))),((((16,17),(18,19)),20),(((11,12),(13,14)),15)));
Tree Score: 11025.148704671405
Score Improvement: 0.08316424652036858

Step Number: 2
Time Spent: 37.458188643 seconds
New Tree:
Tree: ((((0,(1,2)),(((3,4),((5,(6,7)),8)),(9,10))),(((21,(22,((23,(24,25)),26))),(27,28)),(((29,(30,31)),(32,33)),(34,(35,36))))),((((16,17),(18,19)),20),(((11,12),15),(13,14))));
Tree Score: 11293.891454995714
Score Improvement: 0.024375430891960814

Step Number: 3
Time Spent: 37.796282196 seconds
New Tree:
Tree: ((((0,(1,2)),(((3,4),((5,(6,7)),8)),(9,10))),(((21,(22,((23,(24,25)),26))),(27,28)),(((29,(30,31)),(32,33)),(34,(35,36))))),((((16,17),20),(18,19)),(((11,12),15),(13,14))));
Tree Score: 11507.54755583928
Score Improvement: 0.01891784613788361

Step Number: 4
Time Spent: 37.249505542 seconds
New Tree:
Tree: (((((3,4),((5,(6,7)),8)),((0,(1,2)),(9,10))),(((21,(22,((23,(24,25)),26))),(27,28)),(((29,(30,31)),(32,33)),(34,(35,36))))),((((16,17),20),(18,19)),(((11,12),15),(13,14))));
Tree Score: 11713.938505528089
Score Improvement: 0.017935268021906037

Step Number: 5
Time Spent: 37.243071205 seconds
New Tree:
Tree: (((((3,4),((5,(6,7)),8)),((0,(1,2)),(9,10))),(((21,(27,28)),(22,((23,(24,25)),26))),(((29,(30,31)),(32,33)),(34,(35,36))))),((((16,17),20),(18,19)),(((11,12),15),(13,14))));
Tree Score: 11859.31005583436
Score Improvement: 0.012410134323111333

Step Number: 6
Time Spent: 37.242685471 seconds
New Tree:
Tree: (((((3,4),((5,(6,7)),8)),((0,(1,2)),(9,10))),((((23,(24,25)),26),(22,(21,(27,28)))),(((29,(30,31)),(32,33)),(34,(35,36))))),((((16,17),20),(18,19)),(((11,12),15),(13,14))));
Tree Score: 11966.743655789005
Score Improvement: 0.009059009288806985

Step Number: 7
Time Spent: 37.130419588 seconds
New Tree:
Tree: (((((3,4),((5,(6,7)),8)),((0,(1,2)),(9,10))),((((23,26),(24,25)),(22,(21,(27,28)))),(((29,(30,31)),(32,33)),(34,(35,36))))),((((16,17),20),(18,19)),(((11,12),15),(13,14))));
Tree Score: 12097.158481330845
Score Improvement: 0.01089810472197672

Step Number: 8
Time Spent: 37.066921291 seconds
New Tree:
Tree: (((((3,4),((5,8),(6,7))),((0,(1,2)),(9,10))),((((23,26),(24,25)),(22,(21,(27,28)))),(((29,(30,31)),(32,33)),(34,(35,36))))),((((16,17),20),(18,19)),(((11,12),15),(13,14))));
Tree Score: 12132.224281274483
Score Improvement: 0.0028986807106605728

Step Number: 9
Time Spent: 37.073848917 seconds
New Tree:
Tree: (((((3,4),((5,8),(6,7))),((0,(1,2)),(9,10))),((((23,26),(24,25)),(22,(21,(27,28)))),(((29,(30,31)),(32,33)),(34,(35,36))))),((((20,17),16),(18,19)),(((11,12),15),(13,14))));
Tree Score: 12157.468281179901
Score Improvement: 0.002080739633570916

Step Number: 10
Time Spent: 37.083052811 seconds
New Tree:
Tree: (((((3,4),((5,8),(6,7))),((0,(1,2)),(9,10))),((((23,26),(24,25)),(22,(21,(27,28)))),(((29,(30,31)),(32,33)),(36,(35,34))))),((((20,17),16),(18,19)),(((11,12),15),(13,14))));
Tree Score: 12182.68625595444
Score Improvement: 0.0020742784756904165

Step Number: 11
Time Spent: 34.737934482 seconds
New Tree:
Tree: (((((3,4),((5,8),(6,7))),((0,(9,10)),(1,2))),((((23,26),(24,25)),(22,(21,(27,28)))),(((29,(30,31)),(32,33)),(36,(35,34))))),((((20,17),16),(18,19)),(((11,12),15),(13,14))));
Tree Score: 12188.649355779637
Score Improvement: 4.894733148266273E-4

Step Number: 12
Time Spent: 19.146580233 seconds
New Tree:
Tree: (((((3,4),((5,8),(6,7))),((10,(9,0)),(1,2))),((((23,26),(24,25)),(22,(21,(27,28)))),(((29,(30,31)),(32,33)),(36,(35,34))))),((((20,17),16),(18,19)),(((11,12),15),(13,14))));
Tree Score: 12194.834080781091
Score Improvement: 5.074167630001458E-4

Step Number: 13
Time Spent: 19.188021186 seconds
New Tree:
Tree: (((((3,4),((5,8),(6,7))),((10,(1,2)),(9,0))),((((23,26),(24,25)),(22,(21,(27,28)))),(((29,(30,31)),(32,33)),(36,(35,34))))),((((20,17),16),(18,19)),(((11,12),15),(13,14))));
Tree Score: 12199.660031038717
Score Improvement: 3.957372626521849E-4

Step Number: 14
Time Spent: 19.208687432 seconds
New Tree:
Tree: (((((3,4),((5,8),(6,7))),((1,(10,2)),(9,0))),((((23,26),(24,25)),(22,(21,(27,28)))),(((29,(30,31)),(32,33)),(36,(35,34))))),((((20,17),16),(18,19)),(((11,12),15),(13,14))));
Tree Score: 12216.88245601082
Score Improvement: 0.0014117135172853068

Step Number: 15
Time Spent: 19.187760749 seconds
New Tree:
Tree: (((((3,4),((5,8),(6,7))),((1,(9,0)),(10,2))),((((23,26),(24,25)),(22,(21,(27,28)))),(((29,(30,31)),(32,33)),(36,(35,34))))),((((20,17),16),(18,19)),(((11,12),15),(13,14))));
Tree Score: 12255.943305682466
Score Improvement: 0.003197284561940572

Step Number: 16
Time Spent: 19.168784802 seconds
New Tree:
Tree: (((((3,4),((5,8),(6,7))),((0,(9,1)),(10,2))),((((23,26),(24,25)),(22,(21,(27,28)))),(((29,(30,31)),(32,33)),(36,(35,34))))),((((20,17),16),(18,19)),(((11,12),15),(13,14))));
Tree Score: 12261.662955855443
Score Improvement: 4.666837982454375E-4

Step Number: 17
Time Spent: 19.214462608 seconds
New Tree:
Tree: (((((3,4),((5,8),(6,7))),((0,(9,1)),(10,2))),((((23,26),(24,25)),(22,(28,(27,21)))),(((29,(30,31)),(32,33)),(36,(35,34))))),((((20,17),16),(18,19)),(((11,12),15),(13,14))));
Tree Score: 12263.656530809081
Score Improvement: 1.6258601796637073E-4

Step Number: 18
Time Spent: 19.230375246 seconds
New Tree:
Tree: (((((3,4),((5,8),(6,7))),((0,(9,1)),(10,2))),((((23,26),(24,25)),((27,21),(28,22))),(((29,(30,31)),(32,33)),(36,(35,34))))),((((20,17),16),(18,19)),(((11,12),15),(13,14))));
Tree Score: 12272.176080812716
Score Improvement: 6.946990061431624E-4

Step Number: 19
Time Spent: 19.267731532 seconds
New Tree:
Tree: (((((3,4),((5,8),(6,7))),((0,(9,1)),(10,2))),((((23,26),(24,25)),((27,21),(28,22))),(((29,(30,31)),(32,33)),(36,(35,34))))),((((20,17),16),(18,19)),(((11,12),15),(13,14))));
Tree Score: 12272.176080812716
Score Improvement: 0.0

TOTAL STEPS: 19
TOTAL TIME: 561.126515125 seconds
Final tree: Tree: (((((3,4),((5,8),(6,7))),((0,(9,1)),(10,2))),((((23,26),(24,25)),((27,21),(28,22))),(((29,(30,31)),(32,33)),(36,(35,34))))),((((20,17),16),(18,19)),(((11,12),15),(13,14))));
Tree Score: 12272.176080812716
Total Score Improvement: 0.20567828278874667

--------------ITERATION 3--------------
Input tree: ((((0,(((1,2),3),4)),(((5,6),7),(8,9))),(10,11)),(((((12,13),(14,15)),16),(17,18)),((((((19,(20,(21,22))),(23,24)),25),26),((27,28),(29,(30,31)))),(((32,33),34),(35,36)))));
Initial Score: 9325.810877136977

Step Number: 1
Time Spent: 20.003049829 seconds
New Tree:
Tree: ((((0,(((1,2),3),4)),(((5,6),7),(8,9))),(10,11)),((((32,33),34),(35,36)),((((((19,(20,(21,22))),(23,24)),25),26),((27,28),(29,(30,31)))),((((12,13),(14,15)),16),(17,18)))));
Tree Score: 9997.17137738867
Score Improvement: 0.07198950408672666

Step Number: 2
Time Spent: 20.089240888 seconds
New Tree:
Tree: ((((0,(((1,2),3),4)),(((5,6),7),(8,9))),(10,11)),((((32,33),34),(35,36)),((((26,25),((19,(20,(21,22))),(23,24))),((27,28),(29,(30,31)))),((((12,13),(14,15)),16),(17,18)))));
Tree Score: 10297.193103449299
Score Improvement: 0.030010661489630053

Step Number: 3
Time Spent: 19.696389604 seconds
New Tree:
Tree: ((((0,(((1,2),3),4)),(((5,6),7),(8,9))),(10,11)),((((32,33),34),(35,36)),((((26,25),((19,(20,(21,22))),(23,24))),((27,28),(29,(30,31)))),(((17,18),16),((12,13),(14,15))))));
Tree Score: 10561.371779750563
Score Improvement: 0.025655406638219747

Step Number: 4
Time Spent: 19.55429472 seconds
New Tree:
Tree: ((((0,(((1,2),3),4)),(((5,6),7),(8,9))),(10,11)),((((32,33),34),(35,36)),((((19,(20,(21,22))),((26,25),(23,24))),((27,28),(29,(30,31)))),(((17,18),16),((12,13),(14,15))))));
Tree Score: 10760.814004302109
Score Improvement: 0.018884121183380564

Step Number: 5
Time Spent: 19.542548183 seconds
New Tree:
Tree: ((((((1,2),3),(0,4)),(((5,6),7),(8,9))),(10,11)),((((32,33),34),(35,36)),((((19,(20,(21,22))),((26,25),(23,24))),((27,28),(29,(30,31)))),(((17,18),16),((12,13),(14,15))))));
Tree Score: 10953.648154088845
Score Improvement: 0.017920033717676365

Step Number: 6
Time Spent: 19.54090405 seconds
New Tree:
Tree: ((((((1,2),3),(0,4)),(((5,6),7),(8,9))),(10,11)),((((32,33),34),(35,36)),(((((21,22),(20,19)),((26,25),(23,24))),((27,28),(29,(30,31)))),(((17,18),16),((12,13),(14,15))))));
Tree Score: 11107.175729097416
Score Improvement: 0.014016113430780797

Step Number: 7
Time Spent: 19.597608607 seconds
New Tree:
Tree: ((((((0,4),3),(1,2)),(((5,6),7),(8,9))),(10,11)),((((32,33),34),(35,36)),(((((21,22),(20,19)),((26,25),(23,24))),((27,28),(29,(30,31)))),(((17,18),16),((12,13),(14,15))))));
Tree Score: 11158.209904471962
Score Improvement: 0.004594703155803348

Step Number: 8
Time Spent: 19.611660603 seconds
New Tree:
Tree: ((((10,11),(((5,6),7),(8,9))),(((0,4),3),(1,2))),((((32,33),34),(35,36)),(((((21,22),(20,19)),((26,25),(23,24))),((27,28),(29,(30,31)))),(((17,18),16),((12,13),(14,15))))));
Tree Score: 11170.551353918734
Score Improvement: 0.0011060420580388808

Step Number: 9
Time Spent: 19.357805627 seconds
New Tree:
Tree: ((((10,11),(((5,6),7),(8,9))),(((((21,22),(20,19)),((26,25),(23,24))),((27,28),(29,(30,31)))),(((17,18),16),((12,13),(14,15))))),((((32,33),34),(35,36)),(((0,4),3),(1,2))));
Tree Score: 11682.072025711674
Score Improvement: 0.04579189115974058

Step Number: 10
Time Spent: 19.476141904 seconds
New Tree:
Tree: ((((((21,22),(20,19)),((26,25),(23,24))),((27,28),(29,(30,31)))),(((10,11),(((5,6),7),(8,9))),(((17,18),16),((12,13),(14,15))))),((((32,33),34),(35,36)),(((0,4),3),(1,2))));
Tree Score: 13194.41750203578
Score Improvement: 0.12945866734903766

Step Number: 11
Time Spent: 19.417328698 seconds
New Tree:
Tree: ((((((21,22),(20,19)),((26,25),(23,24))),((27,28),(29,(30,31)))),(((8,9),(((5,6),7),(10,11))),(((17,18),16),((12,13),(14,15))))),((((32,33),34),(35,36)),(((0,4),3),(1,2))));
Tree Score: 13225.584202320708
Score Improvement: 0.0023621126343864596

Step Number: 12
Time Spent: 19.411907478 seconds
New Tree:
Tree: ((((((21,22),(20,19)),((26,25),(23,24))),((27,28),(31,(30,29)))),(((8,9),(((5,6),7),(10,11))),(((17,18),16),((12,13),(14,15))))),((((32,33),34),(35,36)),(((0,4),3),(1,2))));
Tree Score: 13233.41892734023
Score Improvement: 5.923916024932474E-4

Step Number: 13
Time Spent: 19.417240699 seconds
New Tree:
Tree: ((((((21,22),(20,19)),((26,25),(23,24))),((30,29),(31,(27,28)))),(((8,9),(((5,6),7),(10,11))),(((17,18),16),((12,13),(14,15))))),((((32,33),34),(35,36)),(((0,4),3),(1,2))));
Tree Score: 13251.969327881277
Score Improvement: 0.001401784424939656

Step Number: 14
Time Spent: 19.389459372 seconds
New Tree:
Tree: ((((((21,22),(20,19)),((26,25),(23,24))),((30,29),(31,(27,28)))),(((8,9),(((5,6),7),(10,11))),(((17,18),16),((12,13),(14,15))))),((((32,33),34),(35,36)),(((3,4),0),(1,2))));
Tree Score: 13259.560152917446
Score Improvement: 5.728073200559347E-4

Step Number: 15
Time Spent: 19.393886821 seconds
New Tree:
Tree: ((((((21,22),(20,19)),((26,25),(23,24))),((30,29),(31,(27,28)))),(((8,9),(((5,6),7),(10,11))),(((17,18),16),((12,13),(14,15))))),((((32,34),33),(35,36)),(((3,4),0),(1,2))));
Tree Score: 13261.511627941669
Score Improvement: 1.4717494409444143E-4

Step Number: 16
Time Spent: 19.396161901 seconds
New Tree:
Tree: ((((((21,22),(20,19)),((26,25),(23,24))),((30,29),(31,(27,28)))),(((8,9),(((5,6),7),(10,11))),(((16,18),17),((12,13),(14,15))))),((((32,34),33),(35,36)),(((3,4),0),(1,2))));
Tree Score: 13262.05605259414
Score Improvement: 4.105298609591301E-5

Step Number: 17
Time Spent: 19.632560258 seconds
New Tree:
Tree: ((((((21,22),(20,19)),((26,25),(23,24))),((30,29),(31,(27,28)))),(((8,9),(((5,6),7),(10,11))),(((16,18),17),((12,13),(14,15))))),((((32,34),33),(35,36)),(((3,4),0),(1,2))));
Tree Score: 13262.05605259414
Score Improvement: 0.0

TOTAL STEPS: 17
TOTAL TIME: 332.528189242 seconds
Final tree: Tree: ((((((21,22),(20,19)),((26,25),(23,24))),((30,29),(31,(27,28)))),(((8,9),(((5,6),7),(10,11))),(((16,18),17),((12,13),(14,15))))),((((32,34),33),(35,36)),(((3,4),0),(1,2))));
Tree Score: 13262.05605259414
Total Score Improvement: 0.42208074207329305

--------------ITERATION 4--------------
Input tree: (((((0,1),((2,3),(4,5))),(((6,7),8),(9,10))),((11,(12,((13,(14,(15,16))),17))),(((18,19),20),((21,22),(((23,(24,25)),(26,((27,28),29))),(30,31)))))),((32,(33,(34,35))),36));
Initial Score: 9094.806027012233

Step Number: 1
Time Spent: 27.362188866 seconds
New Tree:
Tree: (((((0,1),((2,3),(4,5))),(((6,7),8),(9,10))),(((21,22),(((23,(24,25)),(26,((27,28),29))),(30,31))),(((18,19),20),(11,(12,((13,(14,(15,16))),17)))))),((32,(33,(34,35))),36));
Tree Score: 9998.106876402468
Score Improvement: 0.09932051840439104

Step Number: 2
Time Spent: 27.54747814 seconds
New Tree:
Tree: (((((0,1),((2,3),(4,5))),(((6,7),8),(9,10))),((((23,(24,25)),(26,((27,28),29))),((21,22),(30,31))),(((18,19),20),(11,(12,((13,(14,(15,16))),17)))))),((32,(33,(34,35))),36));
Tree Score: 11019.037150941658
Score Improvement: 0.10211235858548284

Step Number: 3
Time Spent: 27.760516823 seconds
New Tree:
Tree: (((((0,1),((2,3),(4,5))),(((6,7),8),(9,10))),((((23,(24,25)),((21,22),(30,31))),(26,((27,28),29))),(((18,19),20),(11,(12,((13,(14,(15,16))),17)))))),((32,(33,(34,35))),36));
Tree Score: 11371.258477019248
Score Improvement: 0.03196480066749663

Step Number: 4
Time Spent: 27.713552961 seconds
New Tree:
Tree: (((((0,1),((2,3),(4,5))),(((6,7),8),(9,10))),((((23,(24,25)),((21,22),(30,31))),(26,((27,28),29))),(((18,19),20),(11,(12,((13,(14,(15,16))),17)))))),((32,36),(33,(34,35))));
Tree Score: 11663.779202513499
Score Improvement: 0.02572456919218058

Step Number: 5
Time Spent: 27.664358017 seconds
New Tree:
Tree: (((((0,1),((2,3),(4,5))),(((6,7),8),(9,10))),((((23,(24,25)),((21,22),(30,31))),(26,((27,28),29))),(((18,19),20),(((13,(14,(15,16))),17),(12,11))))),((32,36),(33,(34,35))));
Tree Score: 11860.078302322654
Score Improvement: 0.016829802450894604

Step Number: 6
Time Spent: 27.897799853 seconds
New Tree:
Tree: (((((0,1),((2,3),(4,5))),(((6,7),8),(9,10))),((((23,(24,25)),((21,22),(30,31))),(26,((27,28),29))),(((13,(14,(15,16))),17),(((18,19),20),(12,11))))),((32,36),(33,(34,35))));
Tree Score: 12017.392975721632
Score Improvement: 0.013264218784134751

Step Number: 7
Time Spent: 27.891247485 seconds
New Tree:
Tree: (((((0,1),((2,3),(4,5))),(((6,7),8),(9,10))),((((23,(24,25)),((21,22),(30,31))),(26,((27,28),29))),(((13,17),(14,(15,16))),(((18,19),20),(12,11))))),((32,36),(33,(34,35))));
Tree Score: 12178.42745071288
Score Improvement: 0.013400117256428201

Step Number: 8
Time Spent: 27.81051969 seconds
New Tree:
Tree: (((((0,1),((2,3),(4,5))),(((6,7),8),(9,10))),((((23,(24,25)),((21,22),(30,31))),((27,28),(26,29))),(((13,17),(14,(15,16))),(((18,19),20),(12,11))))),((32,36),(33,(34,35))));
Tree Score: 12320.07482611166
Score Improvement: 0.011631007038637842

Step Number: 9
Time Spent: 27.783301774 seconds
New Tree:
Tree: (((((4,5),((2,3),(0,1))),(((6,7),8),(9,10))),((((23,(24,25)),((21,22),(30,31))),((27,28),(26,29))),(((13,17),(14,(15,16))),(((18,19),20),(12,11))))),((32,36),(33,(34,35))));
Tree Score: 12411.34777568245
Score Improvement: 0.007408473638272239

Step Number: 10
Time Spent: 27.584816478 seconds
New Tree:
Tree: (((((4,5),((2,3),(0,1))),(((6,7),8),(9,10))),((((23,(24,25)),((21,22),(30,31))),((27,28),(26,29))),(((13,17),(14,(15,16))),(((12,11),20),(18,19))))),((32,36),(33,(34,35))));
Tree Score: 12492.17185076011
Score Improvement: 0.006512111056626635

Step Number: 11
Time Spent: 27.594602009 seconds
New Tree:
Tree: (((((4,5),((2,3),(0,1))),(((6,7),8),(9,10))),((((21,22),((23,(24,25)),(30,31))),((27,28),(26,29))),(((13,17),(14,(15,16))),(((12,11),20),(18,19))))),((32,36),(33,(34,35))));
Tree Score: 12518.729900552535
Score Improvement: 0.002125975379598133

Step Number: 12
Time Spent: 27.579635791 seconds
New Tree:
Tree: (((((4,5),((2,3),(0,1))),(((6,7),8),(9,10))),((((21,22),((23,(24,25)),(30,31))),((27,28),(26,29))),(((13,17),(14,(15,16))),(((12,20),11),(18,19))))),((32,36),(33,(34,35))));
Tree Score: 12542.135450551861
Score Improvement: 0.001869642542434935

Step Number: 13
Time Spent: 27.585581869 seconds
New Tree:
Tree: (((((4,5),((2,3),(0,1))),(((6,8),7),(9,10))),((((21,22),((23,(24,25)),(30,31))),((27,28),(26,29))),(((13,17),(14,(15,16))),(((12,20),11),(18,19))))),((32,36),(33,(34,35))));
Tree Score: 12562.29160066053
Score Improvement: 0.001607074822954635

Step Number: 14
Time Spent: 28.000140172 seconds
New Tree:
Tree: (((((4,5),((2,3),(0,1))),(((6,8),7),(9,10))),((((21,22),((25,(24,23)),(30,31))),((27,28),(26,29))),(((13,17),(14,(15,16))),(((12,20),11),(18,19))))),((32,36),(33,(34,35))));
Tree Score: 12575.455600709764
Score Improvement: 0.0010478979845158776

Step Number: 15
Time Spent: 28.748824345 seconds
New Tree:
Tree: (((((4,5),((2,3),(0,1))),(((6,8),7),(9,10))),((((21,22),((25,(24,23)),(30,31))),((27,28),(26,29))),(((13,17),(15,(14,16))),(((12,20),11),(18,19))))),((32,36),(33,(34,35))));
Tree Score: 12581.672850857714
Score Improvement: 4.943956183662834E-4

Step Number: 16
Time Spent: 28.762415459 seconds
New Tree:
Tree: (((((4,5),((2,3),(0,1))),(((6,8),7),(9,10))),((((21,22),((25,(24,23)),(30,31))),((27,28),(26,29))),(((14,16),(15,(13,17))),(((12,20),11),(18,19))))),((32,36),(33,(34,35))));
Tree Score: 12592.408000718318
Score Improvement: 8.532370844367421E-4

Step Number: 17
Time Spent: 25.922782499 seconds
New Tree:
Tree: (((((4,5),((2,3),(0,1))),(((6,8),7),(9,10))),((((21,22),((25,(24,23)),(30,31))),((27,28),(26,29))),(((14,16),(15,(13,17))),(((12,20),11),(18,19))))),((32,36),(33,(34,35))));
Tree Score: 12592.408000718318
Score Improvement: 0.0

TOTAL STEPS: 17
TOTAL TIME: 471.209762231 seconds
Final tree: Tree: (((((4,5),((2,3),(0,1))),(((6,8),7),(9,10))),((((21,22),((25,(24,23)),(30,31))),((27,28),(26,29))),(((14,16),(15,(13,17))),(((12,20),11),(18,19))))),((32,36),(33,(34,35))));
Tree Score: 12592.408000718318
Total Score Improvement: 0.38457136560339533

--------------ITERATION 5--------------
Input tree: (((((0,1),(2,3)),((4,5),((6,7),8))),(((9,(10,11)),12),(13,(14,15)))),(16,(((((17,18),19),((20,(21,(22,(23,24)))),25)),(26,((27,(28,29)),30))),((31,(32,33)),((34,35),36)))));
Initial Score: 10497.86844730188

Step Number: 1
Time Spent: 19.496707019 seconds
New Tree:
Tree: (((((((17,18),19),((20,(21,(22,(23,24)))),25)),(26,((27,(28,29)),30))),((31,(32,33)),((34,35),36))),(((9,(10,11)),12),(13,(14,15)))),(16,(((0,1),(2,3)),((4,5),((6,7),8)))));
Tree Score: 10882.884372214889
Score Improvement: 0.0366756286617369

Step Number: 2
Time Spent: 19.933015225 seconds
New Tree:
Tree: (((((((17,18),19),((20,(21,(22,(23,24)))),25)),(26,((27,(28,29)),30))),(((9,(10,11)),12),(13,(14,15)))),((31,(32,33)),((34,35),36))),(16,(((0,1),(2,3)),((4,5),((6,7),8)))));
Tree Score: 11793.439450188584
Score Improvement: 0.08366854290011894

Step Number: 3
Time Spent: 19.909890218 seconds
New Tree:
Tree: (((((((17,18),19),((20,(21,(22,(23,24)))),25)),((27,(28,29)),(26,30))),(((9,(10,11)),12),(13,(14,15)))),((31,(32,33)),((34,35),36))),(16,(((0,1),(2,3)),((4,5),((6,7),8)))));
Tree Score: 12077.717174869074
Score Improvement: 0.02410473432124549

Step Number: 4
Time Spent: 19.91942935 seconds
New Tree:
Tree: (((((((17,18),19),((20,(21,(22,(23,24)))),25)),(((9,(10,11)),12),(13,(14,15)))),((27,(28,29)),(26,30))),((31,(32,33)),((34,35),36))),(16,(((0,1),(2,3)),((4,5),((6,7),8)))));
Tree Score: 12317.022599033124
Score Improvement: 0.01981379599300337

Step Number: 5
Time Spent: 19.946963787 seconds
New Tree:
Tree: (((((((17,18),19),((20,(21,(22,(23,24)))),25)),(((9,(10,11)),12),(13,(14,15)))),((27,(28,29)),(26,30))),((31,(32,33)),((34,35),36))),(16,(((6,7),8),((4,5),((0,1),(2,3))))));
Tree Score: 12470.967625116042
Score Improvement: 0.01249855838496261

Step Number: 6
Time Spent: 19.987707725 seconds
New Tree:
Tree: (((((((17,18),19),((20,(21,(22,(23,24)))),25)),(((9,(10,11)),12),(13,(14,15)))),((27,(28,29)),(26,30))),((31,(32,33)),((34,35),36))),(((4,5),((0,1),(2,3))),(((6,7),8),16)));
Tree Score: 12586.350325255597
Score Improvement: 0.009252104857299104

Step Number: 7
Time Spent: 19.986107102 seconds
New Tree:
Tree: (((((((17,18),19),((20,(21,(22,(23,24)))),25)),(((9,(10,11)),12),(13,(14,15)))),((27,(28,29)),(26,30))),((31,(32,33)),((34,35),36))),(((4,5),((0,1),(2,3))),((16,8),(6,7))));
Tree Score: 12690.359900311509
Score Improvement: 0.008263680286032304

Step Number: 8
Time Spent: 19.914958251 seconds
New Tree:
Tree: (((((((17,18),19),((20,((23,24),(22,21))),25)),(((9,(10,11)),12),(13,(14,15)))),((27,(28,29)),(26,30))),((31,(32,33)),((34,35),36))),(((4,5),((0,1),(2,3))),((16,8),(6,7))));
Tree Score: 12768.82390002528
Score Improvement: 0.006182960950685379

Step Number: 9
Time Spent: 19.957749795 seconds
New Tree:
Tree: (((((((17,18),19),((20,((23,24),(22,21))),25)),(((9,12),(10,11)),(13,(14,15)))),((27,(28,29)),(26,30))),((31,(32,33)),((34,35),36))),(((4,5),((0,1),(2,3))),((16,8),(6,7))));
Tree Score: 12807.095325101109
Score Improvement: 0.00299725529739292

Step Number: 10
Time Spent: 19.923508011 seconds
New Tree:
Tree: (((((((17,18),19),(((23,24),(20,(22,21))),25)),(((9,12),(10,11)),(13,(14,15)))),((27,(28,29)),(26,30))),((31,(32,33)),((34,35),36))),(((4,5),((0,1),(2,3))),((16,8),(6,7))));
Tree Score: 12840.451925512461
Score Improvement: 0.0026045406522410275

Step Number: 11
Time Spent: 19.937964318 seconds
New Tree:
Tree: (((((((17,18),19),(((23,24),(20,(22,21))),25)),(((9,12),(10,11)),(13,(14,15)))),((29,(28,27)),(26,30))),((31,(32,33)),((34,35),36))),(((4,5),((0,1),(2,3))),((16,8),(6,7))));
Tree Score: 12859.402900542656
Score Improvement: 0.0014758806886339126

Step Number: 12
Time Spent: 25.573755225 seconds
New Tree:
Tree: (((((((17,18),19),(((23,24),(20,(22,21))),25)),(((9,12),(10,11)),(13,(14,15)))),((29,(26,30)),(28,27))),((31,(32,33)),((34,35),36))),(((4,5),((0,1),(2,3))),((16,8),(6,7))));
Tree Score: 12874.894226095697
Score Improvement: 0.0012046691182205915

Step Number: 13
Time Spent: 28.973446694 seconds
New Tree:
Tree: (((((((17,18),19),(((23,24),(20,(22,21))),25)),(((9,12),(10,11)),(13,(14,15)))),((30,(26,29)),(28,27))),((31,(32,33)),((34,35),36))),(((4,5),((0,1),(2,3))),((16,8),(6,7))));
Tree Score: 12879.17117610207
Score Improvement: 3.3219302087195146E-4

Step Number: 14
Time Spent: 28.972426173 seconds
New Tree:
Tree: (((((((17,18),19),(((23,24),(21,(22,20))),25)),(((9,12),(10,11)),(13,(14,15)))),((30,(26,29)),(28,27))),((31,(32,33)),((34,35),36))),(((4,5),((0,1),(2,3))),((16,8),(6,7))));
Tree Score: 12881.153025727777
Score Improvement: 1.5388021469764368E-4

Step Number: 15
Time Spent: 28.97991253 seconds
New Tree:
Tree: (((((((17,18),19),(((23,24),(21,(22,20))),25)),(((9,12),(10,11)),(13,(14,15)))),((30,(28,27)),(26,29))),((31,(32,33)),((34,35),36))),(((4,5),((0,1),(2,3))),((16,8),(6,7))));
Tree Score: 12881.677600953786
Score Improvement: 4.072424455792145E-5

Step Number: 16
Time Spent: 21.672384806 seconds
New Tree:
Tree: (((((((17,18),19),(((23,24),25),(21,(22,20)))),(((9,12),(10,11)),(13,(14,15)))),((30,(28,27)),(26,29))),((31,(32,33)),((34,35),36))),(((4,5),((0,1),(2,3))),((16,8),(6,7))));
Tree Score: 12882.145550437257
Score Improvement: 3.632675013043318E-5

Step Number: 17
Time Spent: 19.928860577 seconds
New Tree:
Tree: (((((((17,18),19),(((23,24),25),(21,(22,20)))),(((9,12),(10,11)),(13,(14,15)))),((30,(28,27)),(26,29))),((31,(32,33)),((34,35),36))),(((4,5),((0,1),(2,3))),((16,8),(6,7))));
Tree Score: 12882.145550437257
Score Improvement: 0.0

TOTAL STEPS: 17
TOTAL TIME: 373.014786806 seconds
Final tree: Tree: (((((((17,18),19),(((23,24),25),(21,(22,20)))),(((9,12),(10,11)),(13,(14,15)))),((30,(28,27)),(26,29))),((31,(32,33)),((34,35),36))),(((4,5),((0,1),(2,3))),((16,8),(6,7))));
Tree Score: 12882.145550437257
Total Score Improvement: 0.2271201163459211

--------------ITERATION 6--------------
Input tree: ((((((((0,1),(2,3)),4),(5,(6,7))),8),((9,10),((11,12),13))),((14,15),((16,((17,18),(19,20))),21))),((22,(((23,(24,25)),26),27)),(((28,(29,(30,31))),((32,33),(34,35))),36)));
Initial Score: 8895.721150045736

Step Number: 1
Time Spent: 19.966573892 seconds
New Tree:
Tree: (((((14,15),((16,((17,18),(19,20))),21)),((9,10),((11,12),13))),(((((0,1),(2,3)),4),(5,(6,7))),8)),((22,(((23,(24,25)),26),27)),(((28,(29,(30,31))),((32,33),(34,35))),36)));
Tree Score: 9647.80157560549
Score Improvement: 0.08454406482333221

Step Number: 2
Time Spent: 19.884598943 seconds
New Tree:
Tree: (((((14,15),((16,((17,18),(19,20))),21)),((9,10),((11,12),13))),((8,(5,(6,7))),(((0,1),(2,3)),4))),((22,(((23,(24,25)),26),27)),(((28,(29,(30,31))),((32,33),(34,35))),36)));
Tree Score: 10342.419601090654
Score Improvement: 0.07199754472993192

Step Number: 3
Time Spent: 19.575377847 seconds
New Tree:
Tree: (((((14,15),((16,((17,18),(19,20))),21)),((9,10),((11,12),13))),((8,(5,(6,7))),(((0,1),(2,3)),4))),((((23,(24,25)),26),(22,27)),(((28,(29,(30,31))),((32,33),(34,35))),36)));
Tree Score: 10835.84695150883
Score Improvement: 0.04770908254062167

Step Number: 4
Time Spent: 19.589559678 seconds
New Tree:
Tree: (((((14,15),((16,((17,18),(19,20))),21)),((9,10),((11,12),13))),((8,(5,(6,7))),(((0,1),(2,3)),4))),((((23,(24,25)),26),(22,27)),(((28,(29,(30,31))),36),((32,33),(34,35)))));
Tree Score: 11259.098702084326
Score Improvement: 0.039060329337390565

Step Number: 5
Time Spent: 26.684230656 seconds
New Tree:
Tree: (((((16,((17,18),(19,20))),((14,15),21)),((9,10),((11,12),13))),((8,(5,(6,7))),(((0,1),(2,3)),4))),((((23,(24,25)),26),(22,27)),(((28,(29,(30,31))),36),((32,33),(34,35)))));
Tree Score: 11622.345827485371
Score Improvement: 0.0322625402807597

Step Number: 6
Time Spent: 28.156487079 seconds
New Tree:
Tree: (((((16,((14,15),21)),((17,18),(19,20))),((9,10),((11,12),13))),((8,(5,(6,7))),(((0,1),(2,3)),4))),((((23,(24,25)),26),(22,27)),(((28,(29,(30,31))),36),((32,33),(34,35)))));
Tree Score: 12010.543377635937
Score Improvement: 0.03340096361893896

Step Number: 7
Time Spent: 28.062653709 seconds
New Tree:
Tree: (((((16,((14,15),21)),((17,18),(19,20))),((9,10),((11,12),13))),((8,(5,(6,7))),(((0,1),(2,3)),4))),((((22,27),26),(23,(24,25))),(((28,(29,(30,31))),36),((32,33),(34,35)))));
Tree Sc