--------------ITERATION 1--------------
Input tree: ((((((0,1),(2,3)),(4,(5,(6,((7,8),(9,(10,11))))))),(((12,13),(14,15)),((16,17),(18,(19,20))))),(((21,(22,23)),(((24,25),26),27)),(28,(29,30)))),((31,32),(33,(34,(35,36)))));
Initial Score: 11126.639028933017

Step Number: 1
Time Spent: 15.633148113 seconds
New Tree:
Tree: ((((((0,1),(2,3)),((6,((7,8),(9,(10,11)))),(5,4))),(((12,13),(14,15)),((16,17),(18,(19,20))))),(((21,(22,23)),(((24,25),26),27)),(28,(29,30)))),((31,32),(33,(34,(35,36)))));
Tree Score: 11386.418078935823
Score Improvement: 0.023347486094164926

Step Number: 2
Time Spent: 14.974285906 seconds
New Tree:
Tree: ((((((0,1),(2,3)),(((9,(10,11)),((7,8),6)),(5,4))),(((12,13),(14,15)),((16,17),(18,(19,20))))),(((21,(22,23)),(((24,25),26),27)),(28,(29,30)))),((31,32),(33,(34,(35,36)))));
Tree Score: 11589.40905407083
Score Improvement: 0.01782746547050884

Step Number: 3
Time Spent: 14.258409397 seconds
New Tree:
Tree: ((((((9,(10,11)),((7,8),6)),(((0,1),(2,3)),(5,4))),(((12,13),(14,15)),((16,17),(18,(19,20))))),(((21,(22,23)),(((24,25),26),27)),(28,(29,30)))),((31,32),(33,(34,(35,36)))));
Tree Score: 11847.546603942408
Score Improvement: 0.022273573110348277

Step Number: 4
Time Spent: 11.884792403 seconds
New Tree:
Tree: ((((((21,(22,23)),(((24,25),26),27)),(28,(29,30))),(((12,13),(14,15)),((16,17),(18,(19,20))))),(((9,(10,11)),((7,8),6)),(((0,1),(2,3)),(5,4)))),((31,32),(33,(34,(35,36)))));
Tree Score: 12305.324578575572
Score Improvement: 0.03863905244996735

Step Number: 5
Time Spent: 10.643823004 seconds
New Tree:
Tree: (((((0,1),(2,3)),(5,4)),(((9,(10,11)),((7,8),6)),((((21,(22,23)),(((24,25),26),27)),(28,(29,30))),(((12,13),(14,15)),((16,17),(18,(19,20))))))),((31,32),(33,(34,(35,36)))));
Tree Score: 12499.811451514644
Score Improvement: 0.015805098979484677

Step Number: 6
Time Spent: 11.139640173 seconds
New Tree:
Tree: (((((0,1),(2,3)),(5,4)),((((21,(22,23)),(((24,25),26),27)),(28,(29,30))),(((9,(10,11)),((7,8),6)),(((12,13),(14,15)),((16,17),(18,(19,20))))))),((31,32),(33,(34,(35,36)))));
Tree Score: 14887.302753582058
Score Improvement: 0.19100218521921097

Step Number: 7
Time Spent: 11.725699547 seconds
New Tree:
Tree: (((((0,1),(2,3)),(5,4)),((((21,(22,23)),(((24,25),26),27)),(28,(29,30))),(((16,17),(18,(19,20))),(((12,13),(14,15)),((9,(10,11)),((7,8),6)))))),((31,32),(33,(34,(35,36)))));
Tree Score: 15275.207979436425
Score Improvement: 0.026056111860896625

Step Number: 8
Time Spent: 11.132726166 seconds
New Tree:
Tree: (((((0,1),(2,3)),(5,4)),((((21,(22,23)),((27,26),(24,25))),(28,(29,30))),(((16,17),(18,(19,20))),(((12,13),(14,15)),((9,(10,11)),((7,8),6)))))),((31,32),(33,(34,(35,36)))));
Tree Score: 15368.231180455696
Score Improvement: 0.006089815676781463

Step Number: 9
Time Spent: 10.499053546 seconds
New Tree:
Tree: (((((0,1),(2,3)),(5,4)),((((21,(22,23)),((27,26),(24,25))),(28,(29,30))),(((16,17),(20,(19,18))),(((12,13),(14,15)),((9,(10,11)),((7,8),6)))))),((31,32),(33,(34,(35,36)))));
Tree Score: 15387.936255645167
Score Improvement: 0.0012821953911346107

Step Number: 10
Time Spent: 9.904285385 seconds
New Tree:
Tree: (((((0,1),(2,3)),(5,4)),((((21,(22,23)),((27,26),(24,25))),(28,(29,30))),(((16,17),(20,(19,18))),(((12,13),(14,15)),((9,(10,11)),((7,8),6)))))),((31,32),(33,(34,(35,36)))));
Tree Score: 15387.936255645167
Score Improvement: 0.0

TOTAL STEPS: 10
TOTAL TIME: 121.79586364 seconds
Final tree: Tree: (((((0,1),(2,3)),(5,4)),((((21,(22,23)),((27,26),(24,25))),(28,(29,30))),(((16,17),(20,(19,18))),(((12,13),(14,15)),((9,(10,11)),((7,8),6)))))),((31,32),(33,(34,(35,36)))));
Tree Score: 15387.936255645167
Total Score Improvement: 0.38298152889038084

--------------ITERATION 2--------------
Input tree: (((0,1),((2,3),(4,5))),((((6,7),8),9),(((10,(((11,12),(((13,14),(15,16)),(17,18))),(19,20))),(21,22)),(((23,24),((((25,26),27),(28,29)),(30,31))),((32,33),(34,(35,36)))))));
Initial Score: 10090.101851323081

Step Number: 1
Time Spent: 10.040618992 seconds
New Tree:
Tree: (((0,1),((2,3),(4,5))),((((6,7),8),9),(((32,33),(34,(35,36))),(((23,24),((((25,26),27),(28,29)),(30,31))),((10,(((11,12),(((13,14),(15,16)),(17,18))),(19,20))),(21,22))))));
Tree Score: 11007.812626568179
Score Improvement: 0.09095158688856664

Step Number: 2
Time Spent: 9.419785296 seconds
New Tree:
Tree: (((0,1),((2,3),(4,5))),(((9,8),(6,7)),(((32,33),(34,(35,36))),(((23,24),((((25,26),27),(28,29)),(30,31))),((10,(((11,12),(((13,14),(15,16)),(17,18))),(19,20))),(21,22))))));
Tree Score: 11106.015451529573
Score Improvement: 0.008921193364463287

Step Number: 3
Time Spent: 8.816360866 seconds
New Tree:
Tree: (((0,1),((2,3),(4,5))),(((9,8),(6,7)),(((32,33),(34,(35,36))),(((23,24),((((25,26),27),(28,29)),(30,31))),((10,(((11,12),(((13,14),(15,16)),(17,18))),(19,20))),(21,22))))));
Tree Score: 11106.015451529573
Score Improvement: 0.0

TOTAL STEPS: 3
TOTAL TIME: 28.276765154 seconds
Final tree: Tree: (((0,1),((2,3),(4,5))),(((9,8),(6,7)),(((32,33),(34,(35,36))),(((23,24),((((25,26),27),(28,29)),(30,31))),((10,(((11,12),(((13,14),(15,16)),(17,18))),(19,20))),(21,22))))));
Tree Score: 11106.015451529573
Total Score Improvement: 0.10068417694646747

--------------ITERATION 3--------------
Input tree: ((0,1),(((((2,3),4),((5,6),7)),(((8,9),10),((11,12),((13,14),(15,(16,17)))))),(((18,19),((20,(21,(22,23))),24)),((25,(26,((27,28),29))),((30,31),(32,(((33,34),35),36)))))));
Initial Score: 9876.046621718164

Step Number: 1
Time Spent: 10.94956768 seconds
New Tree:
Tree: ((0,1),(((((18,19),((20,(21,(22,23))),24)),((25,(26,((27,28),29))),((30,31),(32,(((33,34),35),36))))),(((8,9),10),((11,12),((13,14),(15,(16,17)))))),(((2,3),4),((5,6),7))));
Tree Score: 10601.287945911397
Score Improvement: 0.07343437632203687

Step Number: 2
Time Spent: 10.539783236 seconds
New Tree:
Tree: ((0,1),(((((18,19),((20,(21,(22,23))),24)),(((8,9),10),((11,12),((13,14),(15,(16,17)))))),((25,(26,((27,28),29))),((30,31),(32,(((33,34),35),36))))),(((2,3),4),((5,6),7))));
Tree Score: 11722.463300153799
Score Improvement: 0.10575840972933914

Step Number: 3
Time Spent: 11.080069051 seconds
New Tree:
Tree: ((0,1),(((((18,19),((20,(21,(22,23))),24)),(((13,14),(15,(16,17))),((11,12),((8,9),10)))),((25,(26,((27,28),29))),((30,31),(32,(((33,34),35),36))))),(((2,3),4),((5,6),7))));
Tree Score: 11909.126898906583
Score Improvement: 0.0159235814157197

Step Number: 4
Time Spent: 11.127482762 seconds
New Tree:
Tree: ((0,1),(((2,3),4),(((((18,19),((20,(21,(22,23))),24)),(((13,14),(15,(16,17))),((11,12),((8,9),10)))),((25,(26,((27,28),29))),((30,31),(32,(((33,34),35),36))))),((5,6),7))));
Tree Score: 12037.162299334053
Score Improvement: 0.010751031667924016

Step Number: 5
Time Spent: 10.780218421 seconds
New Tree:
Tree: ((0,1),(((2,3),4),(((((18,19),((20,(21,(22,23))),24)),(((13,14),(15,(16,17))),((11,12),((8,9),10)))),((25,(26,((27,28),29))),((30,31),(32,((36,35),(33,34)))))),((5,6),7))));
Tree Score: 12090.572399624605
Score Improvement: 0.004437100619097523

Step Number: 6
Time Spent: 10.758358587 seconds
New Tree:
Tree: ((0,1),(((2,3),4),(((((18,19),((20,(21,(22,23))),24)),(((13,14),(15,(16,17))),((11,12),((8,9),10)))),((25,(26,((27,28),29))),((30,31),((33,34),((36,35),32))))),((5,6),7))));
Tree Score: 12148.79692412166
Score Improvement: 0.004815696277445269

Step Number: 7
Time Spent: 10.173179355 seconds
New Tree:
Tree: ((0,1),(((2,3),4),((((30,31),((33,34),((36,35),32))),((25,(26,((27,28),29))),(((18,19),((20,(21,(22,23))),24)),(((13,14),(15,(16,17))),((11,12),((8,9),10)))))),((5,6),7))));
Tree Score: 12181.279872401425
Score Improvement: 0.002673758437369944

Step Number: 8
Time Spent: 10.118867979 seconds
New Tree:
Tree: ((0,1),(((2,3),4),((((30,31),((33,34),((36,35),32))),((25,(26,((27,28),29))),(((18,19),((20,(21,(22,23))),24)),(((13,14),(15,(16,17))),((8,9),((11,12),10)))))),((5,6),7))));
Tree Score: 12213.521471678087
Score Improvement: 0.0026468154097427643

Step Number: 9
Time Spent: 9.524088643 seconds
New Tree:
Tree: ((0,1),(((2,3),4),((((30,31),((33,34),((36,35),32))),((25,(26,((27,28),29))),(((18,19),((20,(21,(22,23))),24)),(((16,17),(15,(13,14))),((8,9),((11,12),10)))))),((5,6),7))));
Tree Score: 12241.007296806052
Score Improvement: 0.002250442281671372

Step Number: 10
Time Spent: 8.943357463 seconds
New Tree:
Tree: ((0,1),(((2,3),4),((((30,31),((33,34),((36,35),32))),((25,(26,((27,28),29))),(((18,19),(((22,23),(21,20)),24)),(((16,17),(15,(13,14))),((8,9),((11,12),10)))))),((5,6),7))));
Tree Score: 12266.45142157593
Score Improvement: 0.0020785973043671024

Step Number: 11
Time Spent: 8.95359773 seconds
New Tree:
Tree: ((0,1),(((2,4),3),((((30,31),((33,34),((36,35),32))),((25,(26,((27,28),29))),(((18,19),(((22,23),(21,20)),24)),(((16,17),(15,(13,14))),((8,9),((11,12),10)))))),((5,6),7))));
Tree Score: 12270.289246230695
Score Improvement: 3.1287163034088294E-4

Step Number: 12
Time Spent: 8.337750213 seconds
New Tree:
Tree: ((0,1),(((2,4),3),((((30,31),((33,34),((36,35),32))),((25,(26,((29,28),27))),(((18,19),(((22,23),(21,20)),24)),(((16,17),(15,(13,14))),((8,9),((11,12),10)))))),((5,6),7))));
Tree Score: 12270.96424629151
Score Improvement: 5.501093309789873E-5

Step Number: 13
Time Spent: 7.747317868 seconds
New Tree:
Tree: ((0,1),(((2,4),3),((((30,31),((33,34),((36,35),32))),((25,((29,28),(26,27))),(((18,19),(((22,23),(21,20)),24)),(((16,17),(15,(13,14))),((8,9),((11,12),10)))))),((5,6),7))));
Tree Score: 12351.798896302313
Score Improvement: 0.006587473354853213

Step Number: 14
Time Spent: 7.752788256 seconds
New Tree:
Tree: ((0,1),(((2,4),3),((((30,31),((33,34),((36,35),32))),(((29,28),(25,(26,27))),(((18,19),(((22,23),(21,20)),24)),(((16,17),(15,(13,14))),((8,9),((11,12),10)))))),((5,6),7))));
Tree Score: 12651.004246231943
Score Improvement: 0.024223625436389007

Step Number: 15
Time Spent: 7.167006224 seconds
New Tree:
Tree: ((0,1),(((2,4),3),((((30,31),((33,34),((36,35),32))),(((29,28),(25,(26,27))),(((18,19),(((22,23),24),(21,20))),(((16,17),(15,(13,14))),((8,9),((11,12),10)))))),((5,6),7))));
Tree Score: 12651.12769649089
Score Improvement: 9.758139080773276E-6

Step Number: 16
Time Spent: 6.569390703 seconds
New Tree:
Tree: ((0,1),(((2,4),3),((((30,31),((33,34),((36,35),32))),(((29,28),(25,(26,27))),(((18,19),(((22,23),24),(21,20))),(((16,17),(15,(13,14))),((8,9),((11,12),10)))))),((5,6),7))));
Tree Score: 12651.12769649089
Score Improvement: 0.0

TOTAL STEPS: 16
TOTAL TIME: 150.522824171 seconds
Final tree: Tree: ((0,1),(((2,4),3),((((30,31),((33,34),((36,35),32))),(((29,28),(25,(26,27))),(((18,19),(((22,23),24),(21,20))),(((16,17),(15,(13,14))),((8,9),((11,12),10)))))),((5,6),7))));
Tree Score: 12651.12769649089
Total Score Improvement: 0.28099108692643426

--------------ITERATION 4--------------
Input tree: (((0,1),(((2,(3,4)),(5,((6,7),(8,9)))),(10,(11,12)))),(((13,14),(((15,16),(17,18)),19)),(((20,21),(22,23)),((((24,((25,26),27)),28),(29,30)),((31,32),((33,(34,35)),36))))));
Initial Score: 9555.510624716622

Step Number: 1
Time Spent: 8.672455066 seconds
New Tree:
Tree: (((0,1),(((2,(3,4)),(5,((6,7),(8,9)))),(10,(11,12)))),(((((24,((25,26),27)),28),(29,30)),((31,32),((33,(34,35)),36))),(((20,21),(22,23)),((13,14),(((15,16),(17,18)),19)))));
Tree Score: 11164.998275298072
Score Improvement: 0.16843554612542544

Step Number: 2
Time Spent: 8.655815869 seconds
New Tree:
Tree: (((0,1),(((2,(3,4)),(5,((6,7),(8,9)))),(10,(11,12)))),(((((29,30),28),(24,((25,26),27))),((31,32),((33,(34,35)),36))),(((20,21),(22,23)),((13,14),(((15,16),(17,18)),19)))));
Tree Score: 11478.66105163371
Score Improvement: 0.028093401234964732

Step Number: 3
Time Spent: 8.622628129 seconds
New Tree:
Tree: (((0,1),(((10,(11,12)),(5,((6,7),(8,9)))),(2,(3,4)))),(((((29,30),28),(24,((25,26),27))),((31,32),((33,(34,35)),36))),(((20,21),(22,23)),((13,14),(((15,16),(17,18)),19)))));
Tree Score: 11604.119825411675
Score Improvement: 0.010929739384552217

Step Number: 4
Time Spent: 8.608229929 seconds
New Tree:
Tree: ((((10,(11,12)),(5,((6,7),(8,9)))),((0,1),(2,(3,4)))),(((((29,30),28),(24,((25,26),27))),((31,32),((33,(34,35)),36))),(((20,21),(22,23)),((13,14),(((15,16),(17,18)),19)))));
Tree Score: 12222.746976943541
Score Improvement: 0.05331099306447551

Step Number: 5
Time Spent: 8.594164314 seconds
New Tree:
Tree: ((((10,(11,12)),(5,((6,7),(8,9)))),(((20,21),(22,23)),((13,14),(((15,16),(17,18)),19)))),(((((29,30),28),(24,((25,26),27))),((31,32),((33,(34,35)),36))),((0,1),(2,(3,4)))));
Tree Score: 12381.749572699366
Score Improvement: 0.013008744765457436

Step Number: 6
Time Spent: 9.2070602 seconds
New Tree:
Tree: ((((10,(11,12)),(5,((6,7),(8,9)))),(((20,21),(22,23)),((13,14),(((15,16),(17,18)),19)))),((((0,1),(2,(3,4))),((31,32),((33,(34,35)),36))),(((29,30),28),(24,((25,26),27)))));
Tree Score: 14498.149552457147
Score Improvement: 0.17092899249264826

Step Number: 7
Time Spent: 9.175766974 seconds
New Tree:
Tree: ((((10,(11,12)),(5,((6,7),(8,9)))),(((20,21),(22,23)),((13,14),((19,(17,18)),(15,16))))),((((0,1),(2,(3,4))),((31,32),((33,(34,35)),36))),(((29,30),28),(24,((25,26),27)))));
Tree Score: 14594.73792852752
Score Improvement: 0.006662117515128241

Step Number: 8
Time Spent: 8.588556897 seconds
New Tree:
Tree: ((((10,(11,12)),(5,((6,7),(8,9)))),(((20,21),(22,23)),((13,14),((19,(17,18)),(15,16))))),((((0,1),(3,(2,4))),((31,32),((33,(34,35)),36))),(((29,30),28),(24,((25,26),27)))));
Tree Score: 14603.549528155589
Score Improvement: 6.03751822829679E-4

Step Number: 9
Time Spent: 7.449972305 seconds
New Tree:
Tree: ((((10,(11,12)),(5,((6,7),(8,9)))),(((20,21),(22,23)),((13,14),((19,(17,18)),(15,16))))),((((0,1),(3,(2,4))),((31,32),((33,(34,35)),36))),(((29,30),28),(24,((27,26),25)))));
Tree Score: 14607.536878137496
Score Improvement: 2.7303978215842406E-4

Step Number: 10
Time Spent: 7.456488706 seconds
New Tree:
Tree: ((((10,(11,12)),(5,((6,7),(8,9)))),(((20,21),(22,23)),((13,14),((19,(17,18)),(15,16))))),((((0,1),(3,(2,4))),((31,32),((33,(34,35)),36))),(((29,30),28),((27,26),(24,25)))));
Tree Score: 14676.86720386019
Score Improvement: 0.004746202340687455

Step Number: 11
Time Spent: 6.88610479 seconds
New Tree:
Tree: ((((10,(11,12)),(5,((6,7),(8,9)))),(((20,21),(22,23)),((13,14),((19,(17,18)),(15,16))))),((((0,1),(3,(2,4))),((31,32),((33,(34,35)),36))),(((29,30),28),((27,26),(24,25)))));
Tree Score: 14676.86720386019
Score Improvement: 0.0

TOTAL STEPS: 11
TOTAL TIME: 91.917243179 seconds
Final tree: Tree: ((((10,(11,12)),(5,((6,7),(8,9)))),(((20,21),(22,23)),((13,14),((19,(17,18)),(15,16))))),((((0,1),(3,(2,4))),((31,32),((33,(34,35)),36))),(((29,30),28),((27,26),(24,25)))));
Tree Score: 14676.86720386019
Total Score Improvement: 0.5359584411843452

--------------ITERATION 5--------------
Input tree: (((((0,1),2),(((3,(4,5)),(((6,(7,8)),9),10)),(11,((((12,13),14),15),(16,17))))),(18,19)),((((20,21),22),((23,24),(25,26))),((27,((28,29),30)),(31,((32,33),(34,(35,36)))))));
Initial Score: 8625.48674734174

Step Number: 1
Time Spent: 9.359781436 seconds
New Tree:
Tree: (((((0,1),2),(((3,(4,5)),(((6,(7,8)),9),10)),(11,((((12,13),14),15),(16,17))))),(18,19)),((31,((32,33),(34,(35,36)))),((27,((28,29),30)),(((20,21),22),((23,24),(25,26))))));
Tree Score: 9259.998198107394
Score Improvement: 0.07356239356129124

Step Number: 2
Time Spent: 8.776202896 seconds
New Tree:
Tree: (((((0,1),2),(((3,(4,5)),(((6,(7,8)),9),10)),(11,((((12,13),14),15),(16,17))))),(18,19)),(((34,(35,36)),((32,33),31)),((27,((28,29),30)),(((20,21),22),((23,24),(25,26))))));
Tree Score: 9896.52527426793
Score Improvement: 0.06873943844725927

Step Number: 3
Time Spent: 8.211420182 seconds
New Tree:
Tree: (((((0,1),2),(((3,(4,5)),(((6,(7,8)),9),10)),((16,17),((((12,13),14),15),11)))),(18,19)),(((34,(35,36)),((32,33),31)),((27,((28,29),30)),(((20,21),22),((23,24),(25,26))))));
Tree Score: 9983.725374439935
Score Improvement: 0.008811183496770791

Step Number: 4
Time Spent: 8.799732354 seconds
New Tree:
Tree: (((((0,1),2),(((3,(4,5)),(((6,(7,8)),9),10)),((16,17),((((14,13),12),15),11)))),(18,19)),(((34,(35,36)),((32,33),31)),((27,((28,29),30)),(((20,21),22),((23,24),(25,26))))));
Tree Score: 10006.42092466561
Score Improvement: 0.0022732546594059766

Step Number: 5
Time Spent: 8.227535429 seconds
New Tree:
Tree: (((((0,1),2),(((3,(4,5)),(((6,(7,8)),9),10)),((16,17),((((14,13),12),15),11)))),(18,19)),(((34,(35,36)),((32,33),31)),((27,((28,29),30)),(((20,22),21),((23,24),(25,26))))));
Tree Score: 10008.64447456805
Score Improvement: 2.2221230939400982E-4

Step Number: 6
Time Spent: 7.64043619 seconds
New Tree:
Tree: (((((0,1),2),(((3,(4,5)),(((9,(7,8)),6),10)),((16,17),((((14,13),12),15),11)))),(18,19)),(((34,(35,36)),((32,33),31)),((27,((28,29),30)),(((20,22),21),((23,24),(25,26))))));
Tree Score: 10010.476924240793
Score Improvement: 1.8308669844357972E-4

Step Number: 7
Time Spent: 7.059988355 seconds
New Tree:
Tree: (((((0,1),2),(((3,(4,5)),(((7,(9,8)),6),10)),((16,17),((((14,13),12),15),11)))),(18,19)),(((34,(35,36)),((32,33),31)),((27,((28,29),30)),(((20,22),21),((23,24),(25,26))))));
Tree Score: 10012.057224184478
Score Improvement: 1.5786460082223286E-4

Step Number: 8
Time Spent: 7.061255136 seconds
New Tree:
Tree: (((((0,1),2),(((3,(4,5)),(((7,6),(9,8)),10)),((16,17),((((14,13),12),15),11)))),(18,19)),(((34,(35,36)),((32,33),31)),((27,((28,29),30)),(((20,22),21),((23,24),(25,26))))));
Tree Score: 10080.936299510504
Score Improvement: 0.006879612629425047

Step Number: 9
Time Spent: 7.05262883 seconds
New Tree:
Tree: (((((0,1),2),(((3,(4,5)),((10,(9,8)),(7,6))),((16,17),((((14,13),12),15),11)))),(18,19)),(((34,(35,36)),((32,33),31)),((27,((28,29),30)),(((20,22),21),((23,24),(25,26))))));
Tree Score: 10191.604824982787
Score Improvement: 0.01097800067218535

Step Number: 10
Time Spent: 6.456428363 seconds
New Tree:
Tree: (((((0,1),2),(((3,(4,5)),((10,(9,8)),(7,6))),((16,17),((((14,13),12),15),11)))),(18,19)),(((34,(35,36)),((32,33),31)),((27,((28,29),30)),(((20,22),21),((23,24),(25,26))))));
Tree Score: 10191.604824982787
Score Improvement: 0.0

TOTAL STEPS: 10
TOTAL TIME: 78.645409171 seconds
Final tree: Tree: (((((0,1),2),(((3,(4,5)),((10,(9,8)),(7,6))),((16,17),((((14,13),12),15),11)))),(18,19)),(((34,(35,36)),((32,33),31)),((27,((28,29),30)),(((20,22),21),((23,24),(25,26))))));
Tree Score: 10191.604824982787
Total Score Improvement: 0.1815686608206435

--------------ITERATION 6--------------
Input tree: (((0,1),2),((((3,4),5),(((6,7),8),(((9,((((10,11),(12,13)),14),((15,16),17))),(18,19)),20))),((21,22),(((23,24),(25,((26,27),28))),(((((29,30),31),32),(33,(34,35))),36)))));
Initial Score: 8308.078926404161

Step Number: 1
Time Spent: 10.037154795 seconds
New Tree:
Tree: (((0,1),2),((((21,22),(((23,24),(25,((26,27),28))),(((((29,30),31),32),(33,(34,35))),36))),(((6,7),8),(((9,((((10,11),(12,13)),14),((15,16),17))),(18,19)),20))),((3,4),5)));
Tree Score: 9294.771725355977
Score Improvement: 0.11876305072355264

Step Number: 2
Time Spent: 9.586306681 seconds
New Tree:
Tree: (((0,1),2),((((21,22),(((23,24),(25,((26,27),28))),((36,(33,(34,35))),(((29,30),31),32)))),(((6,7),8),(((9,((((10,11),(12,13)),14),((15,16),17))),(18,19)),20))),((3,4),5)));
Tree Score: 9767.868748978139
Score Improvement: 0.05089926225208541

Step Number: 3
Time Spent: 10.119364341 seconds
New Tree:
Tree: (((0,1),2),((((21,22),(((23,24),(25,((26,27),28))),((36,(33,(34,35))),(((29,30),31),32)))),(((6,7),8),((20,(18,19)),(9,((((10,11),(12,13)),14),((15,16),17)))))),((3,4),5)));
Tree Score: 10200.362348864504
Score Improvement: 0.04427717151007071

Step Number: 4
Time Spent: 9.960819389 seconds
New Tree:
Tree: (((0,1),2),((((21,22),(((23,24),(25,((26,27),28))),((36,(33,(34,35))),(((29,30),31),32)))),((9,((((10,11),(12,13)),14),((15,16),17))),((20,(18,19)),((6,7),8)))),((3,4),5)));
Tree Score: 11679.823773204627
Score Improvement: 0.1450400852186211

Step Number: 5
Time Spent: 9.41127297 seconds
New Tree:
Tree: (((0,1),2),((((21,22),(((23,24),(25,((26,27),28))),((36,(33,(34,35))),(((29,30),31),32)))),((9,(((14,(12,13)),(10,11)),((15,16),17))),((20,(18,19)),((6,7),8)))),((3,4),5)));
Tree Score: 11842.629373505059
Score Improvement: 0.013939045953238915

Step Number: 6
Time Spent: 9.402993147 seconds
New Tree:
Tree: (((0,1),2),((((21,22),((((26,27),28),(25,(23,24))),((36,(33,(34,35))),(((29,30),31),32)))),((9,(((14,(12,13)),(10,11)),((15,16),17))),((20,(18,19)),((6,7),8)))),((3,4),5)));
Tree Score: 11927.351774162891
Score Improvement: 0.007154019431476755

Step Number: 7
Time Spent: 8.82448641 seconds
New Tree:
Tree: (((0,1),2),((((21,22),((((26,27),28),(25,(23,24))),((36,(33,(34,35))),((32,31),(29,30))))),((9,(((14,(12,13)),(10,11)),((15,16),17))),((20,(18,19)),((6,7),8)))),((3,4),5)));
Tree Score: 11958.1228496938
Score Improvement: 0.0025798749054728454

Step Number: 8
Time Spent: 8.227116172 seconds
New Tree:
Tree: (((0,1),2),((((21,22),((((26,27),28),(25,(23,24))),((36,(33,(34,35))),((32,31),(29,30))))),((9,(((14,(12,13)),(10,11)),((15,16),17))),((20,(18,19)),((6,7),8)))),((3,4),5)));
Tree Score: 11958.1228496938
Score Improvement: 0.0

TOTAL STEPS: 8
TOTAL TIME: 75.569513905 seconds
Final tree: Tree: (((0,1),2),((((21,22),((((26,27),28),(25,(23,24))),((36,(33,(34,35))),((32,31),(29,30))))),((9,(((14,(12,13)),(10,11)),((15,16),17))),((20,(18,19)),((6,7),8)))),((3,4),5)));
Tree Score: 11958.1228496938
Total Score Improvement: 0.43933669331057046

--------------ITERATION 7--------------
Input tree: (((((0,(1,2)),((3,4),((5,6),(7,8)))),((((9,(((10,11),12),((13,14),((15,16),17)))),18),((19,20),((21,22),((23,24),(25,26))))),(27,28))),29),((30,31),((32,33),(34,(35,36)))));
Initial Score: 7162.914498497672

Step Number: 1
Time Spent: 11.529370879 seconds
New Tree:
Tree: ((((((((9,(((10,11),12),((13,14),((15,16),17)))),18),((19,20),((21,22),((23,24),(25,26))))),(27,28)),((3,4),((5,6),(7,8)))),(0,(1,2))),29),((30,31),((32,33),(34,(35,36)))));
Tree Score: 7850.860649276043
Score Improvement: 0.09604277014930984

Step Number: 2
Time Spent: 11.896650056 seconds
New Tree:
Tree: ((((((((9,(((10,11),12),((13,14),((15,16),17)))),18),((19,20),((21,22),((23,24),(25,26))))),((3,4),((5,6),(7,8)))),(27,28)),(0,(1,2))),29),((30,31),((32,33),(34,(35,36)))));
Tree Score: 8594.879500558933
Score Improvement: 0.09476908131740935

Step Number: 3
Time Spent: 11.303124441 seconds
New Tree:
Tree: ((((((((9,(((15,16),17),((13,14),((10,11),12)))),18),((19,20),((21,22),((23,24),(25,26))))),((3,4),((5,6),(7,8)))),(27,28)),(0,(1,2))),29),((30,31),((32,33),(34,(35,36)))));
Tree Score: 8825.754626716034
Score Improvement: 0.02686193868594522

Step Number: 4
Time Spent: 11.304201812 seconds
New Tree:
Tree: (((((((((19,20),((21,22),((23,24),(25,26)))),18),(9,(((15,16),17),((13,14),((10,11),12))))),((3,4),((5,6),(7,8)))),(27,28)),(0,(1,2))),29),((30,31),((32,33),(34,(35,36)))));
Tree Score: 8912.365278921463
Score Improvement: 0.00981339906541856

Step Number: 5
Time Spent: 10.726653439 seconds
New Tree:
Tree: (((((((((19,20),18),((21,22),((23,24),(25,26)))),(9,(((15,16),17),((13,14),((10,11),12))))),((3,4),((5,6),(7,8)))),(27,28)),(0,(1,2))),29),((30,31),((32,33),(34,(35,36)))));
Tree Score: 9445.481126556066
Score Improvement: 0.059817549096138345

Step Number: 6
Time Spent: 11.236895907 seconds
New Tree:
Tree: (((((((((19,20),18),((21,22),((23,24),(25,26)))),(((15,16),17),(9,((13,14),((10,11),12))))),((3,4),((5,6),(7,8)))),(27,28)),(0,(1,2))),29),((30,31),((32,33),(34,(35,36)))));
Tree Score: 9800.33832532423
Score Improvement: 0.03756899135296354

Step Number: 7
Time Spent: 11.240638841 seconds
New Tree:
Tree: (((((((((19,18),20),((21,22),((23,24),(25,26)))),(((15,16),17),(9,((13,14),((10,11),12))))),((3,4),((5,6),(7,8)))),(27,28)),(0,(1,2))),29),((30,31),((32,33),(34,(35,36)))));
Tree Score: 9817.734226542287
Score Improvement: 0.0017750306816557426

Step Number: 8
Time Spent: 10.609711683 seconds
New Tree:
Tree: (((((((((19,18),20),((21,22),((23,24),(25,26)))),(((15,16),17),(9,((13,14),((12,11),10))))),((3,4),((5,6),(7,8)))),(27,28)),(0,(1,2))),29),((30,31),((32,33),(34,(35,36)))));
Tree Score: 9819.552876638942
Score Improvement: 1.8524132500319368E-4

Step Number: 9
Time Spent: 9.983631647 seconds
New Tree:
Tree: (((((((((19,18),20),((21,22),((23,24),(25,26)))),(((15,16),17),(9,((13,14),((12,11),10))))),((3,4),((5,6),(7,8)))),(27,28)),(0,(1,2))),29),((30,31),((32,33),(34,(35,36)))));
Tree Score: 9819.552876638942
Score Improvement: 0.0

TOTAL STEPS: 9
TOTAL TIME: 99.830878705 seconds
Final tree: Tree: (((((((((19,18),20),((21,22),((23,24),(25,26)))),(((15,16),17),(9,((13,14),((12,11),10))))),((3,4),((5,6),(7,8)))),(27,28)),(0,(1,2))),29),((30,31),((32,33),(34,(35,36)))));
Tree Score: 9819.552876638942
Total Score Improvement: 0.3708879086436765

--------------ITERATION 8--------------
Input tree: ((0,(((1,2),(3,(4,5))),6)),((((7,(8,(9,10))),((11,12),13)),(14,((15,(((16,17),18),((19,20),21))),((((22,23),(24,25)),26),(27,((28,29),(30,31))))))),((32,(33,(34,35))),36)));
Initial Score: 10079.506552100676

Step Number: 1
Time Spent: 11.607416348 seconds
New Tree:
Tree: ((0,(((1,2),(3,(4,5))),6)),((((7,(8,(9,10))),((11,12),13)),(((((22,23),(24,25)),26),(27,((28,29),(30,31)))),((15,(((16,17),18),((19,20),21))),14))),((32,(33,(34,35))),36)));
Tree Score: 10783.351378225372
Score Improvement: 0.06982929397253157

Step Number: 2
Time Spent: 11.135643506 seconds
New Tree:
Tree: ((0,(((1,2),(3,(4,5))),6)),((((((22,23),(24,25)),26),(27,((28,29),(30,31)))),(((7,(8,(9,10))),((11,12),13)),((15,(((16,17),18),((19,20),21))),14))),((32,(33,(34,35))),36)));
Tree Score: 13443.079026198015
Score Improvement: 0.2466513011292002

Step Number: 3
Time Spent: 11.118949903 seconds
New Tree:
Tree: ((0,(((1,2),(3,(4,5))),6)),((((((22,23),(24,25)),26),((30,31),((28,29),27))),(((7,(8,(9,10))),((11,12),13)),((15,(((16,17),18),((19,20),21))),14))),((32,(33,(34,35))),36)));
Tree Score: 13569.17482574936
Score Improvement: 0.009379979043908637

Step Number: 4
Time Spent: 10.547008737 seconds
New Tree:
Tree: ((0,(((1,2),(3,(4,5))),6)),((((((22,23),(24,25)),26),((30,31),((28,29),27))),(((7,(10,(9,8))),((11,12),13)),((15,(((16,17),18),((19,20),21))),14))),((32,(33,(34,35))),36)));
Tree Score: 13587.135250966065
Score Improvement: 0.0013236195603156808

Step Number: 5
Time Spent: 9.959398887 seconds
New Tree:
Tree: ((0,(((1,2),(3,(4,5))),6)),((((((22,23),(24,25)),26),((30,31),((28,29),27))),(((7,(10,(9,8))),((11,12),13)),((15,(((16,17),18),((19,20),21))),14))),((33,(32,(34,35))),36)));
Tree Score: 13593.38345091138
Score Improvement: 4.598614667408185E-4

Step Number: 6
Time Spent: 11.529937781 seconds
New Tree:
Tree: ((0,(((1,2),(3,(4,5))),6)),((((((22,23),(24,25)),26),((30,31),((28,29),27))),(((7,(10,(9,8))),((11,12),13)),((15,(((16,17),18),((19,20),21))),14))),((33,(35,(34,32))),36)));
Tree Score: 13595.050326024182
Score Improvement: 1.2262400445206545E-4

Step Number: 7
Time Spent: 12.079690721 seconds
New Tree:
Tree: ((0,(((1,2),(3,(4,5))),6)),((((((22,23),(24,25)),26),((30,31),((28,29),27))),(((7,(10,(9,8))),((11,12),13)),((15,(((16,17),18),((19,20),21))),14))),((33,(35,(34,32))),36)));
Tree Score: 13595.050326024182
Score Improvement: 0.0

TOTAL STEPS: 7
TOTAL TIME: 77.978045883 seconds
Final tree: Tree: ((0,(((1,2),(3,(4,5))),6)),((((((22,23),(24,25)),26),((30,31),((28,29),27))),(((7,(10,(9,8))),((11,12),13)),((15,(((16,17),18),((19,20),21))),14))),((33,(35,(34,32))),36)));
Tree Score: 13595.050326024182
Total Score Improvement: 0.3487813372362787

--------------ITERATION 9--------------
Input tree: (((0,1),(((2,3),4),(5,6))),(((7,((8,9),(10,(11,12)))),(((13,14),(15,16)),(17,(18,19)))),(((20,21),22),((23,(24,25)),((((26,(27,28)),29),(30,((31,32),33))),((34,35),36))))));
Initial Score: 10263.420299494446

Step Number: 1
Time Spent: 14.745440814 seconds
New Tree:
Tree: (((0,1),(((2,3),4),(5,6))),(((7,((8,9),(10,(11,12)))),(((13,14),(15,16)),(17,(18,19)))),(((20,21),22),((23,(24,25)),((((34,35),36),(30,((31,32),33))),((26,(27,28)),29))))));
Tree Score: 10393.580848598893
Score Improvement: 0.012681985664258377

Step Number: 2
Time Spent: 13.982137603 seconds
New Tree:
Tree: (((0,1),(((2,3),4),(5,6))),(((7,((8,9),(10,(11,12)))),(((13,14),(15,16)),(17,(18,19)))),(((20,21),22),((((34,35),36),(30,((31,32),33))),((23,(24,25)),((26,(27,28)),29))))));
Tree Score: 11660.437373595818
Score Improvement: 0.1218883600802223

Step Number: 3
Time Spent: 13.248855459 seconds
New Tree:
Tree: (((0,1),(((2,3),4),(5,6))),(((7,(((13,14),(15,16)),(17,(18,19)))),((8,9),(10,(11,12)))),(((20,21),22),((((34,35),36),(30,((31,32),33))),((23,(24,25)),((26,(27,28)),29))))));
Tree Score: 11753.433973770861
Score Improvement: 0.007975395535816387

Step Number: 4
Time Spent: 12.557333723 seconds
New Tree:
Tree: (((0,1),(((2,3),4),(5,6))),(((((13,14),(15,16)),(7,(17,(18,19)))),((8,9),(10,(11,12)))),(((20,21),22),((((34,35),36),(30,((31,32),33))),((23,(24,25)),((26,(27,28)),29))))));
Tree Score: 11939.99239821317
Score Improvement: 0.015872673880555688

Step Number: 5
Time Spent: 12.573384925 seconds
New Tree:
Tree: (((0,1),(((5,6),4),(2,3))),(((((13,14),(15,16)),(7,(17,(18,19)))),((8,9),(10,(11,12)))),(((20,21),22),((((34,35),36),(30,((31,32),33))),((23,(24,25)),((26,(27,28)),29))))));
Tree Score: 11962.768873109988
Score Improvement: 0.0019075786765347935

Step Number: 6
Time Spent: 11.119318526 seconds
New Tree:
Tree: ((((5,6),4),((0,1),(2,3))),(((((13,14),(15,16)),(7,(17,(18,19)))),((8,9),(10,(11,12)))),(((20,21),22),((((34,35),36),(30,((31,32),33))),((23,(24,25)),((26,(27,28)),29))))));
Tree Score: 12195.964648544355
Score Improvement: 0.01949346158133558

Step Number: 7
Time Spent: 11.100859404 seconds
New Tree:
Tree: ((((5,6),4),((0,1),(2,3))),(((((13,14),(15,16)),(7,(19,(18,17)))),((8,9),(10,(11,12)))),(((20,21),22),((((34,35),36),(30,((31,32),33))),((23,(24,25)),((26,(27,28)),29))))));
Tree Score: 12209.735848635002
Score Improvement: 0.0011291603811176554

Step Number: 8
Time Spent: 10.379611402 seconds
New Tree:
Tree: ((((5,6),4),((0,1),(2,3))),(((((13,14),(15,16)),(7,(19,(18,17)))),((8,9),(10,(11,12)))),(((20,21),22),((((34,35),36),(30,((31,32),33))),((25,(24,23)),((26,(27,28)),29))))));
Tree Score: 12212.453373774453
Score Improvement: 2.2257034657746644E-4

Step Number: 9
Time Spent: 9.420614032 seconds
New Tree:
Tree: ((((5,6),4),((0,1),(2,3))),(((((13,14),(15,16)),(7,(19,(18,17)))),((8,9),(10,(11,12)))),(((20,21),22),((((34,35),36),(30,((31,32),33))),((25,(24,23)),((28,(27,26)),29))))));
Tree Score: 12213.81177376214
Score Improvement: 1.1123072048757621E-4

Step Number: 10
Time Spent: 7.499533565 seconds
New Tree:
Tree: ((((5,6),4),((0,1),(2,3))),(((((13,14),(15,16)),(7,(19,(18,17)))),((8,9),(10,(11,12)))),(((20,21),22),((((34,35),36),(30,((31,32),33))),((25,(24,23)),((28,29),(27,26)))))));
Tree Score: 12269.382673474061
Score Improvement: 0.004549840847498654

Step Number: 11
Time Spent: 7.488343805 seconds
New Tree:
Tree: ((((5,6),4),((0,1),(2,3))),(((((13,14),(15,16)),(7,(19,(18,17)))),((8,9),(10,(11,12)))),(((20,21),22),((((34,35),36),(30,((31,32),33))),((25,(24,23)),((28,29),(27,26)))))));
Tree Score: 12269.382673474061
Score Improvement: 0.0

TOTAL STEPS: 11
TOTAL TIME: 124.115433258 seconds
Final tree: Tree: ((((5,6),4),((0,1),(2,3))),(((((13,14),(15,16)),(7,(19,(18,17)))),((8,9),(10,(11,12)))),(((20,21),22),((((34,35),36),(30,((31,32),33))),((25,(24,23)),((28,29),(27,26)))))));
Tree Score: 12269.382673474061
Total Score Improvement: 0.1954477469931173

--------------ITERATION 10--------------
Input tree: (((0,(1,2)),(3,((4,5),6))),((((((((7,8),9),(10,(11,(12,13)))),((14,15),16)),(((17,(18,(19,20))),(21,(22,23))),24)),(25,(26,(27,28)))),((29,30),31)),(32,(((33,34),35),36))));
Initial Score: 9846.400075527032

Step Number: 1
Time Spent: 11.37999092 seconds
New Tree:
Tree: (((0,(1,2)),(3,((4,5),6))),(((((29,30),31),(25,(26,(27,28)))),(((((7,8),9),(10,(11,(12,13)))),((14,15),16)),(((17,(18,(19,20))),(21,(22,23))),24))),(32,(((33,34),35),36))));
Tree Score: 12458.042974987075
Score Improvement: 0.2652383489831185

Step Number: 2
Time Spent: 10.478341135 seconds
New Tree:
Tree: (((0,(1,2)),(3,((4,5),6))),(((((29,30),31),(25,(26,(27,28)))),(((((7,8),9),(10,(11,(12,13)))),((14,15),16)),((((19,20),(18,17)),(21,(22,23))),24))),(32,(((33,34),35),36))));
Tree Score: 12583.927350225866
Score Improvement: 0.010104666960255138

Step Number: 3
Time Spent: 9.916636886 seconds
New Tree:
Tree: (((0,(1,2)),(3,((4,5),6))),(((((29,30),31),(25,(26,(27,28)))),(((((14,15),16),(10,(11,(12,13)))),((7,8),9)),((((19,20),(18,17)),(21,(22,23))),24))),(32,(((33,34),35),36))));
Tree Score: 12670.914476615268
Score Improvement: 0.006912557897740923

Step Number: 4
Time Spent: 9.334655615 seconds
New Tree:
Tree: (((0,(1,2)),(3,((4,5),6))),(((((29,30),31),(25,(26,(27,28)))),(((((14,15),16),(10,(11,(12,13)))),((7,8),9)),((((19,20),(18,17)),(21,(22,23))),24))),(32,((36,35),(33,34)))));
Tree Score: 12724.32457690582
Score Improvement: 0.00421517329227683

Step Number: 5
Time Spent: 9.323555111 seconds
New Tree:
Tree: (((0,(1,2)),(3,((4,5),6))),(((((29,30),31),(25,(26,(27,28)))),(((((14,15),16),(10,(11,(12,13)))),((7,8),9)),((((19,20),(18,17)),(21,(22,23))),24))),((33,34),((36,35),32))));
Tree Score: 12840.649302023354
Score Improvement: 0.00914191746795412

Step Number: 6
Time Spent: 8.749796745 seconds
New Tree:
Tree: (((0,(1,2)),(3,((4,5),6))),(((((29,30),31),(25,(28,(27,26)))),(((((14,15),16),(10,(11,(12,13)))),((7,8),9)),((((19,20),(18,17)),(21,(22,23))),24))),((33,34),((36,35),32))));
Tree Score: 12850.7672269916
Score Improvement: 7.879605408001034E-4

Step Number: 7
Time Spent: 8.754416187 seconds
New Tree:
Tree: ((((4,5),6),(3,(0,(1,2)))),(((((29,30),31),(25,(28,(27,26)))),(((((14,15),16),(10,(11,(12,13)))),((7,8),9)),((((19,20),(18,17)),(21,(22,23))),24))),((33,34),((36,35),32))));
Tree Score: 12857.27452737082
Score Improvement: 5.063744649853597E-4

Step Number: 8
Time Spent: 9.62107891 seconds
New Tree:
Tree: ((((4,5),6),(3,(0,(1,2)))),(((((29,30),31),(25,(28,(27,26)))),(((((14,15),16),(10,(11,(12,13)))),((7,8),9)),((((19,20),(18,17)),(21,(22,23))),24))),((33,34),((36,35),32))));
Tree Score: 12857.27452737082
Score Improvement: 0.0

TOTAL STEPS: 8
TOTAL TIME: 77.558471509 seconds
Final tree: Tree: ((((4,5),6),(3,(0,(1,2)))),(((((29,30),31),(25,(28,(27,26)))),(((((14,15),16),(10,(11,(12,13)))),((7,8),9)),((((19,20),(18,17)),(21,(22,23))),24))),((33,34),((36,35),32))));
Tree Score: 12857.27452737082
Total Score Improvement: 0.30578428956256176

--------------ITERATION 11--------------
Input tree: (((((0,1),((2,3),(4,5))),((6,7),8)),(((9,10),(11,(((12,13),14),(15,16)))),(((17,(18,19)),(20,(21,22))),((23,(24,25)),(((26,27),28),((29,30),31)))))),(((32,33),34),(35,36)));
Initial Score: 11950.852255025951

Step Number: 1
Time Spent: 14.827067954 seconds
New Tree:
Tree: (((((0,1),((2,3),(4,5))),((6,7),8)),(((23,(24,25)),(((26,27),28),((29,30),31))),(((17,(18,19)),(20,(21,22))),((9,10),(11,(((12,13),14),(15,16))))))),(((32,33),34),(35,36)));
Tree Score: 14466.917279269852
Score Improvement: 0.210534359437484

Step Number: 2
Time Spent: 14.130734292 seconds
New Tree:
Tree: (((((0,1),((2,3),(4,5))),((6,7),8)),(((23,(24,25)),(((26,27),28),((29,30),31))),(((17,(18,19)),(20,(21,22))),((((12,13),14),(15,16)),(11,(9,10)))))),(((32,33),34),(35,36)));
Tree Score: 14688.806728922136
Score Improvement: 0.015337714688549164

Step Number: 3
Time Spent: 13.434061273 seconds
New Tree:
Tree: (((((0,1),((2,3),(4,5))),((6,7),8)),(((23,(24,25)),((((29,30),31),28),(26,27))),(((17,(18,19)),(20,(21,22))),((((12,13),14),(15,16)),(11,(9,10)))))),(((32,33),34),(35,36)));
Tree Score: 14714.790153558672
Score Improvement: 0.001768926851312802

Step Number: 4
Time Spent: 12.725829731 seconds
New Tree:
Tree: (((((0,1),((2,3),(4,5))),((6,7),8)),(((((29,30),31),28),((23,(24,25)),(26,27))),(((17,(18,19)),(20,(21,22))),((((12,13),14),(15,16)),(11,(9,10)))))),(((32,33),34),(35,36)));
Tree Score: 14833.456852691554
Score Improvement: 0.008064450657774724

Step Number: 5
Time Spent: 11.98012785 seconds
New Tree:
Tree: (((((0,1),((2,3),(4,5))),((6,7),8)),(((((29,30),31),28),((23,(24,25)),(26,27))),(((17,(18,19)),(21,(20,22))),((((12,13),14),(15,16)),(11,(9,10)))))),(((32,33),34),(35,36)));
Tree Score: 14855.228052897684
Score Improvement: 0.0014677091403803022

Step Number: 6
Time Spent: 11.216070424 seconds
New Tree:
Tree: (((((0,1),((2,3),(4,5))),((6,7),8)),(((((29,30),31),28),((23,(24,25)),(26,27))),(((17,(18,19)),(21,(20,22))),((((14,13),12),(15,16)),(11,(9,10)))))),(((32,33),34),(35,36)));
Tree Score: 14872.482428407602
Score Improvement: 0.0011615018933723853

Step Number: 7
Time Spent: 10.490694452 seconds
New Tree:
Tree: (((((0,1),((2,3),(4,5))),((6,7),8)),(((((29,30),31),28),((23,(24,25)),(26,27))),(((19,(18,17)),(21,(20,22))),((((14,13),12),(15,16)),(11,(9,10)))))),(((32,33),34),(35,36)));
Tree Score: 14883.667903548412
Score Improvement: 7.520920058001757E-4

Step Number: 8
Time Spent: 9.744974973 seconds
New Tree:
Tree: (((((0,1),((2,3),(4,5))),((6,7),8)),(((((29,30),31),28),((25,(24,23)),(26,27))),(((19,(18,17)),(21,(20,22))),((((14,13),12),(15,16)),(11,(9,10)))))),(((32,33),34),(35,36)));
Tree Score: 14893.566953739457
Score Improvement: 6.650948042643545E-4

Step Number: 9
Time Spent: 9.014215704 seconds
New Tree:
Tree: (((((0,1),((2,3),(4,5))),((6,7),8)),(((((29,30),31),28),((25,(24,23)),(26,27))),(((19,(18,17)),(21,(20,22))),((((14,13),12),(15,16)),(11,(9,10)))))),(((32,34),33),(35,36)));
Tree Score: 14895.51842876368
Score Improvement: 1.3102804924325362E-4

Step Number: 10
Time Spent: 8.264426433 seconds
New Tree:
Tree: (((((0,1),((2,3),(4,5))),((6,7),8)),(((((29,30),31),28),((25,(24,23)),(26,27))),(((19,(18,17)),(21,(20,22))),((((14,13),12),(15,16)),(11,(9,10)))))),(((32,34),33),(35,36)));
Tree Score: 14895.51842876368
Score Improvement: 0.0

TOTAL STEPS: 10
TOTAL TIME: 115.828203086 seconds
Final tree: Tree: (((((0,1),((2,3),(4,5))),((6,7),8)),(((((29,30),31),28),((25,(24,23)),(26,27))),(((19,(18,17)),(21,(20,22))),((((14,13),12),(15,16)),(11,(9,10)))))),(((32,34),33),(35,36)));
Tree Score: 14895.51842876368
Total Score Improvement: 0.24639800667766965

--------------ITERATION 12--------------
Input tree: ((((0,1),((2,(3,((4,5),6))),((((((7,8),(9,(10,11))),12),13),14),(15,16)))),(((17,((18,19),((20,21),((22,23),(24,25))))),(((26,27),(28,(29,30))),((31,32),33))),34)),(35,36));
Initial Score: 6938.486350363251

Step Number: 1
Time Spent: 15.466926137 seconds
New Tree:
Tree: ((((0,1),((2,(3,((4,5),6))),((((((7,8),(9,(10,11))),12),13),14),(15,16)))),(((((20,21),((22,23),(24,25))),((18,19),17)),(((26,27),(28,(29,30))),((31,32),33))),34)),(35,36));
Tree Score: 7904.550951673875
Score Improvement: 0.13923275949949043

Step Number: 2
Time Spent: 15.565156645 seconds
New Tree:
Tree: ((34,(((((20,21),((22,23),(24,25))),((18,19),17)),(((26,27),(28,(29,30))),((31,32),33))),((0,1),((2,(3,((4,5),6))),((((((7,8),(9,(10,11))),12),13),14),(15,16)))))),(35,36));
Tree Score: 8793.222777327981
Score Improvement: 0.11242533966662838

Step Number: 3
Time Spent: 14.525291799 seconds
New Tree:
Tree: ((34,((0,1),(((((20,21),((22,23),(24,25))),((18,19),17)),(((26,27),(28,(29,30))),((31,32),33))),((2,(3,((4,5),6))),((((((7,8),(9,(10,11))),12),13),14),(15,16)))))),(35,36));
Tree Score: 9715.420250887364
Score Improvement: 0.10487593649249205

Step Number: 4
Time Spent: 14.522013519 seconds
New Tree:
Tree: ((34,((0,1),((2,(3,((4,5),6))),(((((20,21),((22,23),(24,25))),((18,19),17)),(((26,27),(28,(29,30))),((31,32),33))),((((((7,8),(9,(10,11))),12),13),14),(15,16)))))),(35,36));
Tree Score: 10884.484677494176
Score Improvement: 0.12033081394497946

Step Number: 5
Time Spent: 11.476374824 seconds
New Tree:
Tree: ((34,((0,1),((2,(3,((4,5),6))),(((((20,21),((22,23),(24,25))),((18,19),17)),((((((7,8),(9,(10,11))),12),13),14),(15,16))),(((26,27),(28,(29,30))),((31,32),33)))))),(35,36));
Tree Score: 12248.845926921022
Score Improvement: 0.1253491818724255

Step Number: 6
Time Spent: 8.694607953 seconds
New Tree:
Tree: ((34,((0,1),((2,(3,((4,5),6))),(((((20,21),((22,23),(24,25))),((18,19),17)),(((14,13),(((7,8),(9,(10,11))),12)),(15,16))),(((26,27),(28,(29,30))),((31,32),33)))))),(35,36));
Tree Score: 12589.277927662268
Score Improvement: 0.027792985785953128

Step Number: 7
Time Spent: 8.070733716 seconds
New Tree:
Tree: ((34,((0,1),((2,(3,((4,5),6))),(((((20,21),((22,23),(24,25))),((18,19),17)),((((7,8),(9,(10,11))),((14,13),12)),(15,16))),(((26,27),(28,(29,30))),((31,32),33)))))),(35,36));
Tree Score: 12739.950852962233
Score Improvement: 0.011968353241999186

Step Number: 8
Time Spent: 7.609976869 seconds
New Tree:
Tree: ((34,((0,1),((((4,5),6),(3,2)),(((((20,21),((22,23),(24,25))),((18,19),17)),((((7,8),(9,(10,11))),((14,13),12)),(15,16))),(((26,27),(28,(29,30))),((31,32),33)))))),(35,36));
Tree Score: 12838.713452774122
Score Improvement: 0.007752196295869096

Step Number: 9
Time Spent: 7.151300455 seconds
New Tree:
Tree: ((34,((0,1),((((4,5),6),(3,2)),(((((20,21),((22,23),(24,25))),((18,17),19)),((((7,8),(9,(10,11))),((14,13),12)),(15,16))),(((26,27),(28,(29,30))),((31,32),33)))))),(35,36));
Tree Score: 12850.129002439811
Score Improvement: 8.891505918937614E-4

Step Number: 10
Time Spent: 6.684371456 seconds
New Tree:
Tree: ((34,((0,1),((((4,5),6),(3,2)),(((((20,21),((22,23),(24,25))),((18,17),19)),((((7,8),(9,(10,11))),((14,13),12)),(15,16))),(((26,27),(30,(29,28))),((31,32),33)))))),(35,36));
Tree Score: 12856.583752485945
Score Improvement: 5.023101359455939E-4

Step Number: 11
Time Spent: 6.206899285 seconds
New Tree:
Tree: ((34,((0,1),((((4,5),6),(3,2)),(((((20,21),((22,23),(24,25))),((18,17),19)),((((7,8),(9,(10,11))),((14,13),12)),(15,16))),(((26,27),(30,(29,28))),((31,32),33)))))),(35,36));
Tree Score: 12856.583752485945
Score Improvement: 0.0

TOTAL STEPS: 11
TOTAL TIME: 115.973652658 seconds
Final tree: Tree: ((34,((0,1),((((4,5),6),(3,2)),(((((20,21),((22,23),(24,25))),((18,17),19)),((((7,8),(9,(10,11))),((14,13),12)),(15,16))),(((26,27),(30,(29,28))),((31,32),33)))))),(35,36));
Tree Score: 12856.583752485945
Total Score Improvement: 0.8529378171671207

--------------ITERATION 13--------------
Input tree: (((0,1),(((2,3),4),(5,(6,7)))),(((8,(((9,(10,11)),(12,13)),(14,(15,(16,17))))),(18,(19,((20,21),(22,23))))),((((((24,25),(26,27)),28),29),(30,31)),((32,33),(34,(35,36))))));
Initial Score: 10596.642875234942

Step Number: 1
Time Spent: 8.471219769 seconds
New Tree:
Tree: (((0,1),(((2,3),4),(5,(6,7)))),(((32,33),(34,(35,36))),((((((24,25),(26,27)),28),29),(30,31)),((8,(((9,(10,11)),(12,13)),(14,(15,(16,17))))),(18,(19,((20,21),(22,23))))))));
Tree Score: 11691.206724607437
Score Improvement: 0.10329345456480032

Step Number: 2
Time Spent: 8.133130617 seconds
New Tree:
Tree: (((0,1),(((2,3),4),(5,(6,7)))),(((32,33),(34,(35,36))),((((((24,25),(26,27)),28),29),(30,31)),(((14,(15,(16,17))),(((9,(10,11)),(12,13)),8)),(18,(19,((20,21),(22,23))))))));
Tree Score: 12163.723824269466
Score Improvement: 0.04041645236393632

Step Number: 3
Time Spent: 8.650982503 seconds
New Tree:
Tree: (((0,1),(((2,3),4),(5,(6,7)))),(((32,33),(34,(35,36))),((((((24,25),(26,27)),28),29),(30,31)),(((14,(15,(16,17))),(((9,(10,11)),(12,13)),8)),(((20,21),(22,23)),(19,18))))));
Tree Score: 12631.538124144641
Score Improvement: 0.03845979295762847

Step Number: 4
Time Spent: 8.261117702 seconds
New Tree:
Tree: (((0,1),(((2,3),4),(5,(6,7)))),(((32,33),(34,(35,36))),((((29,28),((24,25),(26,27))),(30,31)),(((14,(15,(16,17))),(((9,(10,11)),(12,13)),8)),(((20,21),(22,23)),(19,18))))));
Tree Score: 12840.703874415845
Score Improvement: 0.016559008745846482

Step Number: 5
Time Spent: 7.712828915 seconds
New Tree:
Tree: (((0,1),(((2,3),4),(5,(6,7)))),(((32,33),(34,(35,36))),((((29,28),((24,25),(26,27))),(30,31)),(((14,(15,(16,17))),(((9,(10,11)),8),(12,13))),(((20,21),(22,23)),(19,18))))));
Tree Score: 13013.112224746856
Score Improvement: 0.01342670557760628

Step Number: 6
Time Spent: 7.251634234 seconds
New Tree:
Tree: (((0,1),(((2,3),4),(5,(6,7)))),(((32,33),(34,(35,36))),((((29,28),((24,25),(26,27))),(30,31)),(((14,(15,(16,17))),(((20,21),(22,23)),(19,18))),(((9,(10,11)),8),(12,13))))));
Tree Score: 13352.090376892764
Score Improvement: 0.02604896863190631

Step Number: 7
Time Spent: 6.822171311 seconds
New Tree:
Tree: (((5,(6,7)),(((2,3),4),(0,1))),(((32,33),(34,(35,36))),((((29,28),((24,25),(26,27))),(30,31)),(((14,(15,(16,17))),(((20,21),(22,23)),(19,18))),(((9,(10,11)),8),(12,13))))));
Tree Score: 13448.93037713668
Score Improvement: 0.0072527969411821935

Step Number: 8
Time Spent: 6.363649247 seconds
New Tree:
Tree: (((5,(6,7)),(((2,3),4),(0,1))),(((32,33),(34,(35,36))),((((29,28),((24,25),(26,27))),(30,31)),(((14,(15,(16,17))),(((20,21),(22,23)),(19,18))),(((9,8),(10,11)),(12,13))))));
Tree Score: 13490.746877256544
Score Improvement: 0.0031092807343959805

Step Number: 9
Time Spent: 6.356878553 seconds
New Tree:
Tree: (((5,(6,7)),(((2,3),4),(0,1))),(((32,33),(34,(35,36))),((((29,28),((24,25),(26,27))),(30,31)),((((16,17),(15,14)),(((20,21),(22,23)),(19,18))),(((9,8),(10,11)),(12,13))))));
Tree Score: 13505.900677155438
Score Improvement: 0.0011232736064776816

Step Number: 10
Time Spent: 5.92588429 seconds
New Tree:
Tree: (((5,(6,7)),(((2,3),4),(0,1))),(((32,33),(34,(35,36))),((((29,28),((24,25),(26,27))),(30,31)),((((16,17),(15,14)),((23,(22,(20,21))),(19,18))),(((9,8),(10,11)),(12,13))))));
Tree Score: 13509.798852142147
Score Improvement: 2.8862754731373563E-4

Step Number: 11
Time Spent: 5.918764321 seconds
New Tree:
Tree: (((5,(6,7)),(((2,3),4),(0,1))),(((32,33),(34,(35,36))),((((29,28),((24,25),(26,27))),(30,31)),((((16,17),(15,14)),((23,(21,(20,22))),(19,18))),(((9,8),(10,11)),(12,13))))));
Tree Score: 13514.058301922134
Score Improvement: 3.152859510793249E-4

Step Number: 12
Time Spent: 5.469996848 seconds
New Tree:
Tree: (((5,(6,7)),(((2,4),3),(0,1))),(((32,33),(34,(35,36))),((((29,28),((24,25),(26,27))),(30,31)),((((16,17),(15,14)),((23,(21,(20,22))),(19,18))),(((9,8),(10,11)),(12,13))))));
Tree Score: 13517.8961265769
Score Improvement: 2.839875756803778E-4

Step Number: 13
Time Spent: 5.027765891 seconds
New Tree:
Tree: (((5,(6,7)),(((2,4),3),(0,1))),(((32,33),(34,(35,36))),((((29,28),((24,25),(26,27))),(30,31)),((((16,17),(15,14)),((23,(21,(20,22))),(19,18))),(((9,8),(10,11)),(12,13))))));
Tree Score: 13517.8961265769
Score Improvement: 0.0

TOTAL STEPS: 13
TOTAL TIME: 90.366024201 seconds
Final tree: Tree: (((5,(6,7)),(((2,4),3),(0,1))),(((32,33),(34,(35,36))),((((29,28),((24,25),(26,27))),(30,31)),((((16,17),(15,14)),((23,(21,(20,22))),(19,18))),(((9,8),(10,11)),(12,13))))));
Tree Score: 13517.8961265769
Total Score Improvement: 0.27567723907815367

--------------ITERATION 14--------------
Input tree: ((((((0,(1,2)),3),(4,5)),((6,(7,8)),9)),((((((10,11),(12,13)),(14,15)),(16,17)),(18,(19,((20,21),22)))),(((23,(24,25)),26),(((((27,28),29),30),(31,32)),((33,34),35))))),36);
Initial Score: 11274.156003255004

Step Number: 1
Time Spent: 5.675404253 seconds
New Tree:
Tree: ((((((0,(1,2)),3),(4,5)),((6,(7,8)),9)),((((18,(19,((20,21),22))),(16,17)),(((10,11),(12,13)),(14,15))),(((23,(24,25)),26),(((((27,28),29),30),(31,32)),((33,34),35))))),36);
Tree Score: 12043.84625516113
Score Improvement: 0.06827032122705279

Step Number: 2
Time Spent: 5.983804366 seconds
New Tree:
Tree: ((((((0,(1,2)),3),(4,5)),((6,(7,8)),9)),((((18,(16,17)),(19,((20,21),22))),(((10,11),(12,13)),(14,15))),(((23,(24,25)),26),(((((27,28),29),30),(31,32)),((33,34),35))))),36);
Tree Score: 12404.51683053738
Score Improvement: 0.02994646126619993

Step Number: 3
Time Spent: 5.66879203 seconds
New Tree:
Tree: ((((((0,(1,2)),3),(4,5)),((6,(7,8)),9)),(((((20,21),22),(19,(18,(16,17)))),(((10,11),(12,13)),(14,15))),(((23,(24,25)),26),(((((27,28),29),30),(31,32)),((33,34),35))))),36);
Tree Score: 12472.749004676385
Score Improvement: 0.005500591040437097

Step Number: 4
Time Spent: 5.677492019 seconds
New Tree:
Tree: ((((((0,(1,2)),3),(4,5)),((6,(7,8)),9)),(((((20,21),22),(19,(18,(16,17)))),(((10,11),(12,13)),(14,15))),(((23,(24,25)),26),((((33,34),35),(31,32)),(((27,28),29),30))))),36);
Tree Score: 12535.621829006035
Score Improvement: 0.005040815325160208

Step Number: 5
Time Spent: 5.650237436 seconds
New Tree:
Tree: ((((((0,(1,2)),3),(4,5)),((6,(7,8)),9)),(((((20,21),22),(19,(18,(16,17)))),(((10,11),(12,13)),(14,15))),((((33,34),35),(31,32)),(((23,(24,25)),26),(((27,28),29),30))))),36);
Tree Score: 12959.20457847914
Score Improvement: 0.03379032610037602

Step Number: 6
Time Spent: 6.003804395 seconds
New Tree:
Tree: ((((((0,(1,2)),3),(4,5)),((6,(7,8)),9)),((((33,34),35),(31,32)),(((((20,21),22),(19,(18,(16,17)))),(((10,11),(12,13)),(14,15))),(((23,(24,25)),26),(((27,28),29),30))))),36);
Tree Score: 14243.068051962968
Score Improvement: 0.0990696200302208

Step Number: 7
Time Spent: 5.729999045 seconds
New Tree:
Tree: ((((((0,(1,2)),3),(4,5)),((6,(7,8)),9)),((((33,34),35),(31,32)),(((((20,21),22),((16,17),(18,19))),(((10,11),(12,13)),(14,15))),(((23,(24,25)),26),(((27,28),29),30))))),36);
Tree Score: 14275.63792674357
Score Improvement: 0.0022867176272540757

Step Number: 8
Time Spent: 5.512151371 seconds
New Tree:
Tree: ((((((0,(1,2)),3),(4,5)),((6,(7,8)),9)),((((33,34),35),(31,32)),(((((20,21),22),((16,17),(18,19))),(((10,11),(12,13)),(14,15))),(((25,(24,23)),26),(((27,28),29),30))))),36);
Tree Score: 14290.539176763239
Score Improvement: 0.001043823757378659

Step Number: 9
Time Spent: 5.072256605 seconds
New Tree:
Tree: ((((((4,5),3),(0,(1,2))),((6,(7,8)),9)),((((33,34),35),(31,32)),(((((20,21),22),((16,17),(18,19))),(((10,11),(12,13)),(14,15))),(((25,(24,23)),26),(((27,28),29),30))))),36);
Tree Score: 14304.235027332063
Score Improvement: 9.583858523052324E-4

Step Number: 10
Time Spent: 4.75890761 seconds
New Tree:
Tree: ((((((4,5),3),(0,(1,2))),((6,(7,8)),9)),((((33,34),35),(31,32)),(((((20,21),22),((16,17),(18,19))),(((10,11),(12,13)),(14,15))),(((25,(24,23)),26),(((29,28),27),30))))),36);
Tree Score: 14313.880552167742
Score Improvement: 6.743125247348214E-4

Step Number: 11
Time Spent: 4.786505602 seconds
New Tree:
Tree: ((((((4,5),3),(0,(1,2))),((6,(7,8)),9)),((((35,34),33),(31,32)),(((((20,21),22),((16,17),(18,19))),(((10,11),(12,13)),(14,15))),(((25,(24,23)),26),(((29,28),27),30))))),36);
Tree Score: 14315.776577240526
Score Improvement: 1.3246059067451021E-4

Step Number: 12
Time Spent: 4.474834265 seconds
New Tree:
Tree: ((((((4,5),3),(0,(1,2))),((6,(7,8)),9)),((((35,34),33),(31,32)),(((((20,22),21),((16,17),(18,19))),(((10,11),(12,13)),(14,15))),(((25,(24,23)),26),(((29,28),27),30))))),36);
Tree Score: 14316.840727048664
Score Improvement: 7.433406091506001E-5

Step Number: 13
Time Spent: 4.185721173 seconds
New Tree:
Tree: ((((((4,5),3),(0,(1,2))),((8,(7,6)),9)),((((35,34),33),(31,32)),(((((20,22),21),((16,17),(18,19))),(((10,11),(12,13)),(14,15))),(((25,(24,23)),26),(((29,28),27),30))))),36);
Tree Score: 14317.18755192004
Score Improvement: 2.4224958424134968E-5

Step Number: 14
Time Spent: 3.911991323 seconds
New Tree:
Tree: ((((((4,5),3),(0,(1,2))),((8,9),(7,6))),((((35,34),33),(31,32)),(((((20,22),21),((16,17),(18,19))),(((10,11),(12,13)),(14,15))),(((25,(24,23)),26),(((29,28),27),30))))),36);
Tree Score: 14415.390376881434
Score Improvement: 0.006859086297868799

Step Number: 15
Time Spent: 3.594517431 seconds
New Tree:
Tree: ((((((4,5),3),(0,(1,2))),((8,9),(7,6))),((((35,34),33),(31,32)),(((((20,22),21),((16,17),(18,19))),(((10,11),(12,13)),(14,15))),(((25,(24,23)),26),(((29,28),27),30))))),36);
Tree Score: 14415.390376881434
Score Improvement: 0.0

TOTAL STEPS: 15
TOTAL TIME: 76.686418924 seconds
Final tree: Tree: ((((((4,5),3),(0,(1,2))),((8,9),(7,6))),((((35,34),33),(31,32)),(((((20,22),21),((16,17),(18,19))),(((10,11),(12,13)),(14,15))),(((25,(24,23)),26),(((29,28),27),30))))),36);
Tree Score: 14415.390376881434
Total Score Improvement: 0.27862257473814567

--------------ITERATION 15--------------
Input tree: ((((((((0,1),2),3),((4,5),(6,7))),(8,9)),(((10,11),(12,((13,14),(15,16)))),17)),((((((18,19),(20,21)),(22,23)),(24,(25,26))),27),(28,((29,(30,31)),32)))),(((33,34),35),36));
Initial Score: 7760.8816034110805

Step Number: 1
Time Spent: 6.233043183 seconds
New Tree:
Tree: (((((((((18,19),(20,21)),(22,23)),(24,(25,26))),27),(28,((29,(30,31)),32))),(((10,11),(12,((13,14),(15,16)))),17)),(((((0,1),2),3),((4,5),(6,7))),(8,9))),(((33,34),35),36));
Tree Score: 8975.780679192341
Score Improvement: 0.1565413747901121

Step Number: 2
Time Spent: 6.041947024 seconds
New Tree:
Tree: ((((((27,(24,(25,26))),(((18,19),(20,21)),(22,23))),(28,((29,(30,31)),32))),(((10,11),(12,((13,14),(15,16)))),17)),(((((0,1),2),3),((4,5),(6,7))),(8,9))),(((33,34),35),36));
Tree Score: 9571.018879168663
Score Improvement: 0.06631603659347474

Step Number: 3
Time Spent: 6.200931208 seconds
New Tree:
Tree: ((((((27,(24,(25,26))),(28,((29,(30,31)),32))),(((18,19),(20,21)),(22,23))),(((10,11),(12,((13,14),(15,16)))),17)),(((((0,1),2),3),((4,5),(6,7))),(8,9))),(((33,34),35),36));
Tree Score: 9759.817353505445
Score Improvement: 0.019726058084338582

Step Number: 4
Time Spent: 5.708300895 seconds
New Tree:
Tree: (((((((10,11),(12,((13,14),(15,16)))),17),(((18,19),(20,21)),(22,23))),((27,(24,(25,26))),(28,((29,(30,31)),32)))),(((((0,1),2),3),((4,5),(6,7))),(8,9))),(((33,34),35),36));
Tree Score: 11688.825002102505
Score Improvement: 0.19764792503050432

Step Number: 5
Time Spent: 6.055538418 seconds
New Tree:
Tree: ((((((((18,19),(20,21)),(22,23)),17),((10,11),(12,((13,14),(15,16))))),((27,(24,(25,26))),(28,((29,(30,31)),32)))),(((((0,1),2),3),((4,5),(6,7))),(8,9))),(((33,34),35),36));
Tree Score: 12407.426454256147
Score Improvement: 0.061477646557663856

Step Number: 6
Time Spent: 5.823314682 seconds
New Tree:
Tree: ((((((((18,19),(20,21)),(22,23)),17),(((13,14),(15,16)),(12,(10,11)))),((27,(24,(25,26))),(28,((29,(30,31)),32)))),(((((0,1),2),3),((4,5),(6,7))),(8,9))),(((33,34),35),36));
Tree Score: 12546.056853654653
Score Improvement: 0.011173179217270457

Step Number: 7
Time Spent: 5.614870369 seconds
New Tree:
Tree: ((((((((18,19),(20,21)),(22,23)),17),(((13,14),(15,16)),(12,(10,11)))),((27,(24,(25,26))),(28,((29,(30,31)),32)))),(((((0,1),2),3),((4,5),(6,7))),(8,9))),((36,35),(33,34)));
Tree Score: 12658.959104378566
Score Improvement: 0.008999022724101913

Step Number: 8
Time Spent: 5.220303504 seconds
New Tree:
Tree: ((((((((18,19),(20,21)),17),(22,23)),(((13,14),(15,16)),(12,(10,11)))),((27,(24,(25,26))),(28,((29,(30,31)),32)))),(((((0,1),2),3),((4,5),(6,7))),(8,9))),((36,35),(33,34)));
Tree Score: 12705.708503254311
Score Improvement: 0.0036929891699843953

Step Number: 9
Time Spent: 5.334157856 seconds
New Tree:
Tree: ((((((((18,19),17),(20,21)),(22,23)),(((13,14),(15,16)),(12,(10,11)))),((27,(24,(25,26))),(28,((29,(30,31)),32)))),(((((0,1),2),3),((4,5),(6,7))),(8,9))),((36,35),(33,34)));
Tree Score: 12834.617678541312
Score Improvement: 0.010145768357111562

Step Number: 10
Time Spent: 5.234695698 seconds
New Tree:
Tree: ((((((((18,19),17),(20,21)),(22,23)),(((13,14),(15,16)),(12,(10,11)))),((27,(24,(25,26))),(28,((29,(30,31)),32)))),(((6,7),((4,5),(((0,1),2),3))),(8,9))),((36,35),(33,34)));
Tree Score: 12876.712228282908
Score Improvement: 0.0032797665498034423

Step Number: 11
Time Spent: 5.512921161 seconds
New Tree:
Tree: ((((((((18,19),17),(20,21)),(22,23)),(((13,14),(15,16)),(12,(10,11)))),((27,(24,(25,26))),(28,((29,(30,31)),32)))),(((6,7),(8,9)),((4,5),(((0,1),2),3)))),((36,35),(33,34)));
Tree Score: 13025.60857822941
Score Improvement: 0.01156322726693082

Step Number: 12
Time Spent: 5.148536906 seconds
New Tree:
Tree: ((((((((18,19),17),(20,21)),(22,23)),(((13,14),(15,16)),(12,(10,11)))),((27,(24,(25,26))),(28,((29,(30,31)),32)))),(((6,7),(8,9)),(((0,1),2),((4,5),3)))),((36,35),(33,34)));
Tree Score: 13082.099578636786
Score Improvement: 0.004336918315033023

Step Number: 13
Time Spent: 4.841891416 seconds
New Tree:
Tree: ((((((((18,17),19),(20,21)),(22,23)),(((13,14),(15,16)),(12,(10,11)))),((27,(24,(25,26))),(28,((29,(30,31)),32)))),(((6,7),(8,9)),(((0,1),2),((4,5),3)))),((36,35),(33,34)));
Tree Score: 13093.647953736683
Score Improvement: 8.827615957576196E-4

Step Number: 14
Time Spent: 4.533892893 seconds
New Tree:
Tree: ((((((((18,17),19),(20,21)),(22,23)),(((13,14),(15,16)),(10,(12,11)))),((27,(24,(25,26))),(28,((29,(30,31)),32)))),(((6,7),(8,9)),(((0,1),2),((4,5),3)))),((36,35),(33,34)));
Tree Score: 13094.057078945538
Score Improvement: 3.1246082856428714E-5

Step Number: 15
Time Spent: 4.233824217 seconds
New Tree:
Tree: ((((((((18,17),19),(20,21)),(22,23)),(((13,14),(15,16)),(10,(12,11)))),((27,(24,(25,26))),(28,((29,(30,31)),32)))),(((6,7),(8,9)),(((0,1),2),((4,5),3)))),((36,35),(33,34)));
Tree Score: 13094.057078945538
Score Improvement: 0.0

TOTAL STEPS: 15
TOTAL TIME: 81.73816943 seconds
Final tree: Tree: ((((((((18,17),19),(20,21)),(22,23)),(((13,14),(15,16)),(10,(12,11)))),((27,(24,(25,26))),(28,((29,(30,31)),32)))),(((6,7),(8,9)),(((0,1),2),((4,5),3)))),((36,35),(33,34)));
Tree Score: 13094.057078945538
Total Score Improvement: 0.6871868104765839

--------------ITERATION 16--------------
Input tree: ((((((0,1),(2,(3,4))),((5,6),7)),(((8,9),10),((11,((12,13),14)),15))),((16,17),(((18,19),(20,21)),((22,23),24)))),((25,26),((27,(28,(29,30))),(((31,32),33),(34,(35,36))))));
Initial Score: 10340.679502519997

Step Number: 1
Time Spent: 5.28556718 seconds
New Tree:
Tree: (((((16,17),(((18,19),(20,21)),((22,23),24))),(((8,9),10),((11,((12,13),14)),15))),(((0,1),(2,(3,4))),((5,6),7))),((25,26),((27,(28,(29,30))),(((31,32),33),(34,(35,36))))));
Tree Score: 12286.777078667757
Score Improvement: 0.1881982296882425

Step Number: 2
Time Spent: 5.303096853 seconds
New Tree:
Tree: (((((16,17),(((18,19),(20,21)),((22,23),24))),(((8,9),10),((11,((12,13),14)),15))),(((0,1),(2,(3,4))),((5,6),7))),((((31,32),33),(34,(35,36))),((27,(28,(29,30))),(25,26))));
Tree Score: 12950.550103990114
Score Improvement: 0.05402336357797166

Step Number: 3
Time Spent: 5.591047298 seconds
New Tree:
Tree: (((((16,17),(((18,19),(20,21)),((22,23),24))),(((8,9),10),((11,((12,13),14)),15))),((27,(28,(29,30))),(25,26))),((((31,32),33),(34,(35,36))),(((0,1),(2,(3,4))),((5,6),7))));
Tree Score: 13774.092179526619
Score Improvement: 0.06359128136825398

Step Number: 4
Time Spent: 5.293589708 seconds
New Tree:
Tree: (((((16,17),(((18,19),(20,21)),((22,23),24))),(((8,9),10),((11,((12,13),14)),15))),((27,(25,26)),(28,(29,30)))),((((31,32),33),(34,(35,36))),(((0,1),(2,(3,4))),((5,6),7))));
Tree Score: 13979.591554611034
Score Improvement: 0.014919268174338418

Step Number: 5
Time Spent: 4.986322214 seconds
New Tree:
Tree: (((((16,17),(((18,19),(20,21)),((22,23),24))),(((8,9),10),((11,((12,13),14)),15))),((27,(25,26)),(28,(29,30)))),((((31,32),33),(34,(35,36))),(((3,4),(2,(0,1))),((5,6),7))));
Tree Score: 14001.977404749996
Score Improvement: 0.0016013236188991975

Step Number: 6
Time Spent: 4.407592334 seconds
New Tree:
Tree: (((((16,17),(((18,19),(20,21)),((22,23),24))),(((8,9),10),((11,((14,13),12)),15))),((27,(25,26)),(28,(29,30)))),((((31,32),33),(34,(35,36))),(((3,4),(2,(0,1))),((5,6),7))));
Tree Score: 14015.678729980296
Score Improvement: 9.78527877473434E-4

Step Number: 7
Time Spent: 4.117036042 seconds
New Tree:
Tree: (((((16,17),(((18,19),(20,21)),((22,23),24))),(((8,9),10),((11,((14,13),12)),15))),((27,(25,26)),(28,(29,30)))),((((31,32),33),(34,(35,36))),(((3,4),(2,(0,1))),((5,6),7))));
Tree Score: 14015.678729980296
Score Improvement: 0.0

TOTAL STEPS: 7
TOTAL TIME: 34.984251629 seconds
Final tree: Tree: (((((16,17),(((18,19),(20,21)),((22,23),24))),(((8,9),10),((11,((14,13),12)),15))),((27,(25,26)),(28,(29,30)))),((((31,32),33),(34,(35,36))),(((3,4),(2,(0,1))),((5,6),7))));
Tree Score: 14015.678729980296
Total Score Improvement: 0.3553924310839256

--------------ITERATION 17--------------
Input tree: ((0,1),((((((2,3),((((4,5),6),7),8)),(9,10)),((11,12),(13,14))),((15,16),(17,18))),(((19,((20,21),(22,23))),(24,(25,((26,27),(((28,29),30),31))))),(32,((33,(34,35)),36)))));
Initial Score: 8196.735151404257

Step Number: 1
Time Spent: 5.407027388 seconds
New Tree:
Tree: ((0,1),((32,((33,(34,35)),36)),(((19,((20,21),(22,23))),(24,(25,((26,27),(((28,29),30),31))))),(((((2,3),((((4,5),6),7),8)),(9,10)),((11,12),(13,14))),((15,16),(17,18))))));
Tree Score: 9707.632153047594
Score Improvement: 0.18432912296604975

Step Number: 2
Time Spent: 5.142004162 seconds
New Tree:
Tree: ((0,1),((32,((33,(34,35)),36)),(((19,((20,21),(22,23))),(((26,27),(((28,29),30),31)),(25,24))),(((((2,3),((((4,5),6),7),8)),(9,10)),((11,12),(13,14))),((15,16),(17,18))))));
Tree Score: 10229.144979447472
Score Improvement: 0.053721939416107256

Step Number: 3
Time Spent: 4.897214792 seconds
New Tree:
Tree: ((0,1),((32,((33,(34,35)),36)),(((19,((20,21),(22,23))),(((26,27),(((28,29),30),31)),(25,24))),((((15,16),(17,18)),((11,12),(13,14))),(((2,3),((((4,5),6),7),8)),(9,10))))));
Tree Score: 10636.850754649287
Score Improvement: 0.03985726822925906

Step Number: 4
Time Spent: 4.796251325 seconds
New Tree:
Tree: ((0,1),((32,((33,(34,35)),36)),(((19,((20,21),(22,23))),(((26,27),(25,24)),(((28,29),30),31))),((((15,16),(17,18)),((11,12),(13,14))),(((2,3),((((4,5),6),7),8)),(9,10))))));
Tree Score: 10876.503903048022
Score Improvement: 0.022530460746944758

Step Number: 5
Time Spent: 4.47804878 seconds
New Tree:
Tree: ((0,1),((32,((33,(34,35)),36)),((((2,3),((((4,5),6),7),8)),(9,10)),((((15,16),(17,18)),((11,12),(13,14))),((19,((20,21),(22,23))),(((26,27),(25,24)),(((28,29),30),31)))))));
Tree Score: 11053.385751606707
Score Improvement: 0.016262748594161325

Step Number: 6
Time Spent: 4.176104587 seconds
New Tree:
Tree: ((0,1),((32,((33,(34,35)),36)),((((2,3),((((4,5),6),7),8)),(9,10)),((((26,27),(25,24)),(((28,29),30),31)),((19,((20,21),(22,23))),(((15,16),(17,18)),((11,12),(13,14))))))));
Tree Score: 12068.78770032703
Score Improvement: 0.09186343185143286

Step Number: 7
Time Spent: 4.48072866 seconds
New Tree:
Tree: ((0,1),((32,((33,(34,35)),36)),((((2,3),((((4,5),6),7),8)),(9,10)),((((26,27),(25,24)),(((28,29),30),31)),(((22,23),((20,21),19)),(((15,16),(17,18)),((11,12),(13,14))))))));
Tree Score: 12151.882425289303
Score Improvement: 0.006885092937712445

Step Number: 8
Time Spent: 4.7882802 seconds
New Tree:
Tree: ((0,1),((32,((33,(34,35)),36)),((((2,3),(((7,6),(4,5)),8)),(9,10)),((((26,27),(25,24)),(((28,29),30),31)),(((22,23),((20,21),19)),(((15,16),(17,18)),((11,12),(13,14))))))));
Tree Score: 12225.196250406727
Score Improvement: 0.006033124955591385

Step Number: 9
Time Spent: 4.773402819 seconds
New Tree:
Tree: ((0,1),((32,((33,(34,35)),36)),((((2,3),(((7,6),(4,5)),8)),(9,10)),((((26,27),(25,24)),(((28,29),30),31)),(((11,12),(13,14)),(((15,16),(17,18)),((22,23),((20,21),19))))))));
Tree Score: 12283.602626447995
Score Improvement: 0.004777540977252137

Step Number: 10
Time Spent: 4.755596295 seconds
New Tree:
Tree: ((0,1),((32,((33,(34,35)),36)),((((2,3),(((7,6),8),(4,5))),(9,10)),((((26,27),(25,24)),(((28,29),30),31)),(((11,12),(13,14)),(((15,16),(17,18)),((22,23),((20,21),19))))))));
Tree Score: 12294.78262648821
Score Improvement: 9.101564402729245E-4

Step Number: 11
Time Spent: 4.457555741 seconds
New Tree:
Tree: ((0,1),((32,((33,(34,35)),36)),(((((7,6),8),((2,3),(4,5))),(9,10)),((((26,27),(25,24)),(((28,29),30),31)),(((11,12),(13,14)),(((15,16),(17,18)),((22,23),((20,21),19))))))));
Tree Score: 12364.122351676422
Score Improvement: 0.0056397682899107515

Step Number: 12
Time Spent: 4.459526313 seconds
New Tree:
Tree: ((0,1),((32,((33,(34,35)),36)),(((((7,6),8),((2,3),(4,5))),(9,10)),((((26,27),(25,24)),(((28,29),30),31)),(((11,12),(13,14)),(((15,16),(17,18)),((22,23),((20,19),21))))))));
Tree Score: 12369.819951631325
Score Improvement: 4.6081717673485123E-4

Step Number: 13
Time Spent: 4.16952023 seconds
New Tree:
Tree: ((0,1),((32,((33,(34,35)),36)),(((((7,6),8),((2,3),(4,5))),(9,10)),((((26,27),(25,24)),(((28,29),30),31)),(((11,12),(13,14)),(((15,16),(17,18)),((22,23),((20,19),21))))))));
Tree Score: 12369.819951631325
Score Improvement: 0.0

TOTAL STEPS: 13
TOTAL TIME: 60.781261292 seconds
Final tree: Tree: ((0,1),((32,((33,(34,35)),36)),(((((7,6),8),((2,3),(4,5))),(9,10)),((((26,27),(25,24)),(((28,29),30),31)),(((11,12),(13,14)),(((15,16),(17,18)),((22,23),((20,19),21))))))));
Tree Score: 12369.819951631325
Total Score Improvement: 0.509115486000806

--------------ITERATION 18--------------
Input tree: ((((0,(1,2)),(3,(4,(5,6)))),7),((((8,((9,(10,11)),(12,(13,14)))),((15,16),17)),((18,(19,20)),((21,(22,(23,24))),(((25,26),((27,28),29)),(30,31))))),((32,33),((34,35),36))));
Initial Score: 10704.02957881756

Step Number: 1
Time Spent: 5.493269989 seconds
New Tree:
Tree: ((((0,(1,2)),(3,(4,(5,6)))),7),((((21,(22,(23,24))),(((25,26),((27,28),29)),(30,31))),((18,(19,20)),((8,((9,(10,11)),(12,(13,14)))),((15,16),17)))),((32,33),((34,35),36))));
Tree Score: 11546.985001148474
Score Improvement: 0.07875122318412275

Step Number: 2
Time Spent: 5.52332018 seconds
New Tree:
Tree: ((((0,(1,2)),(3,(4,(5,6)))),7),((((21,(22,(23,24))),(((25,26),((27,28),29)),(30,31))),((8,((9,(10,11)),(12,(13,14)))),((18,(19,20)),((15,16),17)))),((32,33),((34,35),36))));
Tree Score: 12871.391079495494
Score Improvement: 0.11469713333959408

Step Number: 3
Time Spent: 5.557359843 seconds
New Tree:
Tree: ((((0,(1,2)),(3,(4,(5,6)))),7),((((21,(22,(23,24))),(((25,26),((27,28),29)),(30,31))),(((12,(13,14)),((9,(10,11)),8)),((18,(19,20)),((15,16),17)))),((32,33),((34,35),36))));
Tree Score: 13533.704955450092
Score Improvement: 0.05145627786958351

Step Number: 4
Time Spent: 5.232861106 seconds
New Tree:
Tree: ((((4,(5,6)),(3,(0,(1,2)))),7),((((21,(22,(23,24))),(((25,26),((27,28),29)),(30,31))),(((12,(13,14)),((9,(10,11)),8)),((18,(19,20)),((15,16),17)))),((32,33),((34,35),36))));
Tree Score: 13579.491755390372
Score Improvement: 0.0033831681783369483

Step Number: 5
Time Spent: 4.950217413 seconds
New Tree:
Tree: ((((4,(5,6)),(3,(0,(1,2)))),7),((((21,(22,(23,24))),(((25,26),((27,28),29)),(30,31))),(((12,(13,14)),((9,(10,11)),8)),((18,(19,20)),((17,16),15)))),((32,33),((34,35),36))));
Tree Score: 13606.287130263932
Score Improvement: 0.001973223693215509

Step Number: 6
Time Spent: 4.661592022 seconds
New Tree:
Tree: ((((4,(5,6)),(3,(0,(1,2)))),7),((((21,(22,(23,24))),(((25,26),((27,28),29)),(30,31))),(((12,(13,14)),((9,8),(10,11))),((18,(19,20)),((17,16),15)))),((32,33),((34,35),36))));
Tree Score: 13631.886155163236
Score Improvement: 0.0018814114867797826

Step Number: 7
Time Spent: 4.656612479 seconds
New Tree:
Tree: ((((4,(5,6)),(3,(0,(1,2)))),7),((((21,(22,(23,24))),(((25,26),((27,28),29)),(30,31))),(((12,(13,14)),((9,8),(10,11))),((20,(19,18)),((17,16),15)))),((32,33),((34,35),36))));
Tree Score: 13650.978280586489
Score Improvement: 0.0014005490660602415

Step Number: 8
Time Spent: 4.363024306 seconds
New Tree:
Tree: ((((4,(5,6)),(3,(0,(1,2)))),7),((((21,(22,(23,24))),(((25,26),((27,28),29)),(30,31))),(((12,(13,14)),((9,8),(10,11))),((20,(19,18)),((17,16),15)))),((32,33),((34,35),36))));
Tree Score: 13650.978280586489
Score Improvement: 0.0

TOTAL STEPS: 8
TOTAL TIME: 40.438257338 seconds
Final tree: Tree: ((((4,(5,6)),(3,(0,(1,2)))),7),((((21,(22,(23,24))),(((25,26),((27,28),29)),(30,31))),(((12,(13,14)),((9,8),(10,11))),((20,(19,18)),((17,16),15)))),((32,33),((34,35),36))));
Tree Score: 13650.978280586489
Total Score Improvement: 0.2753120850488595

--------------ITERATION 19--------------
Input tree: ((((0,1),2),((3,4),5)),(((6,((7,((((8,9),10),((11,12),(13,14))),15)),(((((16,17),18),(19,20)),((21,(22,((23,24),25))),(26,(27,28)))),(29,(30,31))))),32),((33,(34,35)),36)));
Initial Score: 7388.975674766058

Step Number: 1
Time Spent: 5.848525291 seconds
New Tree:
Tree: ((((0,1),2),((3,4),5)),(((6,((29,(30,31)),(((((16,17),18),(19,20)),((21,(22,((23,24),25))),(26,(27,28)))),(7,((((8,9),10),((11,12),(13,14))),15))))),32),((33,(34,35)),36)));
Tree Score: 9082.832173917326
Score Improvement: 0.22924104418639835

Step Number: 2
Time Spent: 6.094572083 seconds
New Tree:
Tree: ((((0,1),2),((3,4),5)),(((6,((29,(30,31)),(((((16,17),18),(19,20)),(7,((((8,9),10),((11,12),(13,14))),15))),((21,(22,((23,24),25))),(26,(27,28)))))),32),((33,(34,35)),36)));
Tree Score: 10176.639752243413
Score Improvement: 0.12042582725101036

Step Number: 3
Time Spent: 5.79729615 seconds
New Tree:
Tree: ((((0,1),2),((33,(34,35)),36)),(((6,((29,(30,31)),(((((16,17),18),(19,20)),(7,((((8,9),10),((11,12),(13,14))),15))),((21,(22,((23,24),25))),(26,(27,28)))))),32),((3,4),5)));
Tree Score: 10334.627377589
Score Improvement: 0.01552453748898408

Step Number: 4
Time Spent: 6.410254475 seconds
New Tree:
Tree: ((((0,1),2),((33,(34,35)),36)),((((3,4),5),32),(6,((29,(30,31)),(((((16,17),18),(19,20)),(7,((((8,9),10),((11,12),(13,14))),15))),((21,(22,((23,24),25))),(26,(27,28))))))));
Tree Score: 10690.934602767928
Score Improvement: 0.03447702681100928

Step Number: 5
Time Spent: 5.862651668 seconds
New Tree:
Tree: ((((0,1),2),((33,(34,35)),36)),((((3,4),5),32),(6,((29,(30,31)),(((((16,17),18),(19,20)),(7,((((8,9),10),((11,12),(13,14))),15))),((((23,24),25),(22,21)),(26,(27,28))))))));
Tree Score: 10783.015427420149
Score Improvement: 0.00861298175263192

Step Number: 6
Time Spent: 5.592539945 seconds
New Tree:
Tree: ((((0,1),2),((33,(34,35)),36)),((((5,4),3),32),(6,((29,(30,31)),(((((16,17),18),(19,20)),(7,((((8,9),10),((11,12),(13,14))),15))),((((23,24),25),(22,21)),(26,(27,28))))))));
Tree Score: 10791.375852452824
Score Improvement: 7.753327526005549E-4

Step Number: 7
Time Spent: 5.593250232 seconds
New Tree:
Tree: ((((0,1),2),((36,(34,35)),33)),((((5,4),3),32),(6,((29,(30,31)),(((((16,17),18),(19,20)),(7,((((8,9),10),((11,12),(13,14))),15))),((((23,24),25),(22,21)),(26,(27,28))))))));
Tree Score: 10795.86732731224
Score Improvement: 4.162096586040054E-4

Step Number: 8
Time Spent: 5.586385322 seconds
New Tree:
Tree: ((((0,1),2),((34,(36,35)),33)),((((5,4),3),32),(6,((29,(30,31)),(((((16,17),18),(19,20)),(7,((((8,9),10),((11,12),(13,14))),15))),((((23,24),25),(22,21)),(26,(27,28))))))));
Tree Score: 10809.508152285824
Score Improvement: 0.0012635228425856848

Step Number: 9
Time Spent: 5.297457449 seconds
New Tree:
Tree: ((((0,1),2),((34,(36,35)),33)),((((5,4),3),32),(6,((29,(30,31)),(((((16,17),18),(19,20)),(7,((((8,9),10),((11,12),(13,14))),15))),((((23,24),25),(22,21)),(26,(27,28))))))));
Tree Score: 10809.508152285824
Score Improvement: 0.0

TOTAL STEPS: 9
TOTAL TIME: 52.082932615 seconds
Final tree: Tree: ((((0,1),2),((34,(36,35)),33)),((((5,4),3),32),(6,((29,(30,31)),(((((16,17),18),(19,20)),(7,((((8,9),10),((11,12),(13,14))),15))),((((23,24),25),(22,21)),(26,(27,28))))))));
Tree Score: 10809.508152285824
Total Score Improvement: 0.46292377023261255

--------------ITERATION 20--------------
Input tree: ((((0,((1,2),3)),(((4,5),6),(((7,(8,((9,10),(11,12)))),((((13,14),15),16),(17,18))),19))),(20,((21,(22,23)),24))),((((25,(26,27)),28),(29,30)),(31,((32,33),((34,35),36)))));
Initial Score: 7645.985298838259

Step Number: 1
Time Spent: 5.977750523 seconds
New Tree:
Tree: ((((0,((1,2),3)),(((4,5),6),((19,((((13,14),15),16),(17,18))),(7,(8,((9,10),(11,12))))))),(20,((21,(22,23)),24))),((((25,(26,27)),28),(29,30)),(31,((32,33),((34,35),36)))));
Tree Score: 8680.909599754941
Score Improvement: 0.13535525644731883

Step Number: 2
Time Spent: 5.588974757 seconds
New Tree:
Tree: (((((19,((((13,14),15),16),(17,18))),(7,(8,((9,10),(11,12))))),(((4,5),6),(0,((1,2),3)))),(20,((21,(22,23)),24))),((((25,(26,27)),28),(29,30)),(31,((32,33),((34,35),36)))));
Tree Score: 10719.389197038621
Score Improvement: 0.2348232721305179

Step Number: 3
Time Spent: 5.354848616 seconds
New Tree:
Tree: (((((19,((((13,14),15),16),(17,18))),(7,(8,((9,10),(11,12))))),(((4,5),6),(0,((1,2),3)))),(20,((21,(22,23)),24))),((((25,(26,27)),28),(29,30)),(((34,35),36),((32,33),31))));
Tree Score: 11194.952072814242
Score Improvement: 0.04436473637014693

Step Number: 4
Time Spent: 5.080577775 seconds
New Tree:
Tree: ((((((((13,14),15),16),(19,(17,18))),(7,(8,((9,10),(11,12))))),(((4,5),6),(0,((1,2),3)))),(20,((21,(22,23)),24))),((((25,(26,27)),28),(29,30)),(((34,35),36),((32,33),31))));
Tree Score: 11387.668272648069
Score Improvement: 0.017214562293823343

Step Number: 5
Time Spent: 5.084217134 seconds
New Tree:
Tree: ((((((((13,14),15),16),(19,(17,18))),(7,(8,((9,10),(11,12))))),(((4,5),6),(0,((1,2),3)))),(20,((21,(22,23)),24))),((((29,30),28),(25,(26,27))),(((34,35),36),((32,33),31))));
Tree Score: 11530.55894830084
Score Improvement: 0.012547843178394968

Step Number: 6
Time Spent: 5.062668793 seconds
New Tree:
Tree: ((((((((13,14),15),16),(19,(17,18))),(7,((11,12),((9,10),8)))),(((4,5),6),(0,((1,2),3)))),(20,((21,(22,23)),24))),((((29,30),28),(25,(26,27))),(((34,35),36),((32,33),31))));
Tree Score: 11603.149348780575
Score Improvement: 0.0062954797599323875

Step Number: 7
Time Spent: 4.782563412 seconds
New Tree:
Tree: ((((((11,12),((9,10),8)),(7,((((13,14),15),16),(19,(17,18))))),(((4,5),6),(0,((1,2),3)))),(20,((21,(22,23)),24))),((((29,30),28),(25,(26,27))),(((34,35),36),((32,33),31))));
Tree Score: 11725.95622456988
Score Improvement: 0.01058392614779291

Step Number: 8
Time Spent: 4.458968141 seconds
New Tree:
Tree: ((((((11,12),((9,10),8)),((((13,14),15),16),(7,(19,(17,18))))),(((4,5),6),(0,((1,2),3)))),(20,((21,(22,23)),24))),((((29,30),28),(25,(26,27))),(((34,35),36),((32,33),31))));
Tree Score: 11897.578874052564
Score Improvement: 0.014636132541845592

Step Number: 9
Time Spent: 4.500526079 seconds
New Tree:
Tree: ((((((11,12),((9,10),8)),((((13,14),15),16),(7,(19,(17,18))))),(((4,5),6),(0,((1,2),3)))),(20,((21,(22,23)),24))),((((29,30),28),(25,(26,27))),(((34,35),36),((32,33),31))));
Tree Score: 11897.578874052564
Score Improvement: 0.0

TOTAL STEPS: 9
TOTAL TIME: 45.89109523 seconds
Final tree: Tree: ((((((11,12),((9,10),8)),((((13,14),15),16),(7,(19,(17,18))))),(((4,5),6),(0,((1,2),3)))),(20,((21,(22,23)),24))),((((29,30),28),(25,(26,27))),(((34,35),36),((32,33),31))));
Tree Score: 11897.578874052564
Total Score Improvement: 0.5560556826940666

===========================================================
RESULTS FROM 20 ITERATION(S):
AVERAGE TIME PER RUN: 82.049035748 seconds
AVERAGE IMPROVEMENT: 0.38210218868562096
BEST Tree: (((((0,1),(2,3)),(5,4)),((((21,(22,23)),((27,26),(24,25))),(28,(29,30))),(((16,17),(20,(19,18))),(((12,13),(14,15)),((9,(10,11)),((7,8),6)))))),((31,32),(33,(34,(35,36)))));
Tree Score: 15387.936255645167
BEST'S IMPROVEMENT :0.38298152889038084
