--------------ITERATION 1--------------
Input tree: (((0,(1,2)),((3,((4,5),(6,7))),((8,9),10))),(((11,12),((((13,14),15),(16,(((17,18),19),(20,21)))),(22,23))),(((24,25),(26,(27,(28,(29,30))))),((31,(32,33)),((34,35),36)))));
Initial Score: 10314.276529239407

Step Number: 1
Time Spent: 36.564609858 seconds
New Tree:
Tree: (((0,(1,2)),((3,((4,5),(6,7))),((8,9),10))),(((((13,14),15),(16,(((17,18),19),(20,21)))),((11,12),(22,23))),(((24,25),(26,(27,(28,(29,30))))),((31,(32,33)),((34,35),36)))));
Tree Score: 11223.888704541521
Score Improvement: 0.08818962461627833

Step Number: 2
Time Spent: 36.458771469 seconds
New Tree:
Tree: (((0,(1,2)),((3,((4,5),(6,7))),((8,9),10))),(((((13,14),15),((11,12),(22,23))),(16,(((17,18),19),(20,21)))),(((24,25),(26,(27,(28,(29,30))))),((31,(32,33)),((34,35),36)))));
Tree Score: 11966.438905929364
Score Improvement: 0.06615801536658017

Step Number: 3
Time Spent: 36.400685661 seconds
New Tree:
Tree: (((0,(1,2)),((3,((4,5),(6,7))),((8,9),10))),(((((13,14),15),((11,12),(22,23))),(((17,18),19),(16,(20,21)))),(((24,25),(26,(27,(28,(29,30))))),((31,(32,33)),((34,35),36)))));
Tree Score: 12573.645180811323
Score Improvement: 0.050742437215894665

Step Number: 4
Time Spent: 36.435575223 seconds
New Tree:
Tree: (((0,(1,2)),((3,((4,5),(6,7))),((8,9),10))),(((((13,14),15),((11,12),(22,23))),(((17,18),19),(16,(20,21)))),(((27,(28,(29,30))),(26,(24,25))),((31,(32,33)),((34,35),36)))));
Tree Score: 12719.975155980708
Score Improvement: 0.011637832391890646

Step Number: 5
Time Spent: 36.539702431 seconds
New Tree:
Tree: (((0,(1,2)),((3,((4,5),(6,7))),((8,9),10))),(((31,(32,33)),((34,35),36)),(((27,(28,(29,30))),(26,(24,25))),((((13,14),15),((11,12),(22,23))),(((17,18),19),(16,(20,21)))))));
Tree Score: 12925.307351668685
Score Improvement: 0.016142499743125205

Step Number: 6
Time Spent: 36.636206882 seconds
New Tree:
Tree: (((((27,(28,(29,30))),(26,(24,25))),((((13,14),15),((11,12),(22,23))),(((17,18),19),(16,(20,21))))),((3,((4,5),(6,7))),((8,9),10))),(((31,(32,33)),((34,35),36)),(0,(1,2))));
Tree Score: 13197.196850285225
Score Improvement: 0.02103543778256367

Step Number: 7
Time Spent: 37.320123251 seconds
New Tree:
Tree: (((((27,(28,(29,30))),(26,(24,25))),((((13,14),15),((11,12),(22,23))),(((17,18),19),(16,(20,21))))),((3,((4,5),(6,7))),((8,9),10))),(((0,(1,2)),((34,35),36)),(31,(32,33))));
Tree Score: 13337.713676930696
Score Improvement: 0.010647475235806114

Step Number: 8
Time Spent: 37.254307829 seconds
New Tree:
Tree: (((((3,((4,5),(6,7))),((8,9),10)),((((13,14),15),((11,12),(22,23))),(((17,18),19),(16,(20,21))))),((27,(28,(29,30))),(26,(24,25)))),(((0,(1,2)),((34,35),36)),(31,(32,33))));
Tree Score: 13448.350881773105
Score Improvement: 0.008295065220493614

Step Number: 9
Time Spent: 37.305786791 seconds
New Tree:
Tree: (((((3,((4,5),(6,7))),((8,9),10)),((((13,14),15),((11,12),(22,23))),(((17,18),19),(16,(20,21))))),(((29,30),(28,27)),(26,(24,25)))),(((0,(1,2)),((34,35),36)),(31,(32,33))));
Tree Score: 13546.766932080092
Score Improvement: 0.007318075738220964

Step Number: 10
Time Spent: 37.339173789 seconds
New Tree:
Tree: (((((3,((4,5),(6,7))),((8,9),10)),((((15,14),13),((11,12),(22,23))),(((17,18),19),(16,(20,21))))),(((29,30),(28,27)),(26,(24,25)))),(((0,(1,2)),((34,35),36)),(31,(32,33))));
Tree Score: 13586.917406885477
Score Improvement: 0.0029638418529445154

Step Number: 11
Time Spent: 37.372449318 seconds
New Tree:
Tree: (((((3,((4,5),(6,7))),((8,9),10)),((((15,14),13),((11,12),(22,23))),(((17,18),19),(16,(20,21))))),(((29,30),(28,27)),(24,(26,25)))),(((0,(1,2)),((34,35),36)),(31,(32,33))));
Tree Score: 13626.828581856622
Score Improvement: 0.002937470934423869

Step Number: 12
Time Spent: 39.292102789 seconds
New Tree:
Tree: ((((((4,5),(3,(6,7))),((8,9),10)),((((15,14),13),((11,12),(22,23))),(((17,18),19),(16,(20,21))))),(((29,30),(28,27)),(24,(26,25)))),(((0,(1,2)),((34,35),36)),(31,(32,33))));
Tree Score: 13660.913607291004
Score Improvement: 0.002501317546458548

Step Number: 13
Time Spent: 40.251275111 seconds
New Tree:
Tree: ((((((4,5),((8,9),10)),(3,(6,7))),((((15,14),13),((11,12),(22,23))),(((17,18),19),(16,(20,21))))),(((29,30),(28,27)),(24,(26,25)))),(((0,(1,2)),((34,35),36)),(31,(32,33))));
Tree Score: 13688.527507904975
Score Improvement: 0.0020213802244699597

Step Number: 14
Time Spent: 50.392736675 seconds
New Tree:
Tree: ((((((4,5),((8,9),10)),(6,(3,7))),((((15,14),13),((11,12),(22,23))),(((17,18),19),(16,(20,21))))),(((29,30),(28,27)),(24,(26,25)))),(((0,(1,2)),((34,35),36)),(31,(32,33))));
Tree Score: 13761.274607986736
Score Improvement: 0.005314457675579032

Step Number: 15
Time Spent: 47.271829122 seconds
New Tree:
Tree: ((((((4,5),((8,9),10)),(6,(3,7))),((((15,14),13),((11,12),(22,23))),(((17,18),19),(16,(20,21))))),(((29,30),(28,27)),(24,(26,25)))),(((1,(0,2)),((34,35),36)),(31,(32,33))));
Tree Score: 13766.523408109846
Score Improvement: 3.814181660224403E-4

Step Number: 16
Time Spent: 48.616580433 seconds
New Tree:
Tree: ((((((4,5),((8,9),10)),(6,(3,7))),((((15,14),13),((11,12),(22,23))),(((17,18),19),(16,(20,21))))),(((29,30),(28,27)),(24,(26,25)))),(((1,(0,2)),((36,35),34)),(31,(32,33))));
Tree Score: 13770.703007976117
Score Improvement: 3.0360605523749307E-4

Step Number: 17
Time Spent: 40.081427814 seconds
New Tree:
Tree: ((((((4,5),((8,9),10)),(6,(3,7))),((((15,14),13),((11,12),(22,23))),(((17,18),19),(16,(20,21))))),(((29,30),(28,27)),(24,(26,25)))),(((1,(0,2)),((36,35),34)),(31,(32,33))));
Tree Score: 13770.703007976117
Score Improvement: 0.0

TOTAL STEPS: 17
TOTAL TIME: 671.533344446 seconds
Final tree: Tree: ((((((4,5),((8,9),10)),(6,(3,7))),((((15,14),13),((11,12),(22,23))),(((17,18),19),(16,(20,21))))),(((29,30),(28,27)),(24,(26,25)))),(((1,(0,2)),((36,35),34)),(31,(32,33))));
Tree Score: 13770.703007976117
Total Score Improvement: 0.33511089885347434

--------------ITERATION 2--------------
Input tree: ((((0,1),(2,3)),((4,5),(6,(7,(((8,9),10),(11,(12,(13,14)))))))),(((((((15,16),17),18),(19,(20,21))),22),((((23,24),25),26),(27,28))),(((29,30),31),((32,33),(34,(35,36))))));
Initial Score: 8843.51790226197

Step Number: 1
Time Spent: 36.46137187 seconds
New Tree:
Tree: ((((0,1),(2,3)),((4,5),(6,(7,(((8,9),10),(11,(12,(13,14)))))))),(((((29,30),31),((32,33),(34,(35,36)))),((((23,24),25),26),(27,28))),(((((15,16),17),18),(19,(20,21))),22)));
Tree Score: 9841.81762660887
Score Improvement: 0.1128849102110776

Step Number: 2
Time Spent: 36.480075435 seconds
New Tree:
Tree: ((((0,1),(2,3)),((4,5),(6,(7,(((8,9),10),(11,(12,(13,14)))))))),(((((29,30),31),((32,33),(34,(35,36)))),((((23,24),25),26),(27,28))),((22,(19,(20,21))),(((15,16),17),18))));
Tree Score: 11288.896101123988
Score Improvement: 0.14703366079480262

Step Number: 3
Time Spent: 36.226969506 seconds
New Tree:
Tree: ((((0,1),(2,3)),((4,5),((((8,9),10),(11,(12,(13,14)))),(7,6)))),(((((29,30),31),((32,33),(34,(35,36)))),((((23,24),25),26),(27,28))),((22,(19,(20,21))),(((15,16),17),18))));
Tree Score: 11856.470801371484
Score Improvement: 0.05027725431815999

Step Number: 4
Time Spent: 36.467431927 seconds
New Tree:
Tree: ((((0,1),(2,3)),((((8,9),10),(11,(12,(13,14)))),((4,5),(7,6)))),(((((29,30),31),((32,33),(34,(35,36)))),((((23,24),25),26),(27,28))),((22,(19,(20,21))),(((15,16),17),18))));
Tree Score: 12335.309300563633
Score Improvement: 0.0403862588804047

Step Number: 5
Time Spent: 36.443125276 seconds
New Tree:
Tree: (((((8,9),10),(11,(12,(13,14)))),(((0,1),(2,3)),((4,5),(7,6)))),(((((29,30),31),((32,33),(34,(35,36)))),((((23,24),25),26),(27,28))),((22,(19,(20,21))),(((15,16),17),18))));
Tree Score: 12604.880424342336
Score Improvement: 0.021853616898474204

Step Number: 6
Time Spent: 36.424613075 seconds
New Tree:
Tree: (((((8,9),10),(11,(12,(13,14)))),((22,(19,(20,21))),(((15,16),17),18))),(((((29,30),31),((32,33),(34,(35,36)))),((((23,24),25),26),(27,28))),(((0,1),(2,3)),((4,5),(7,6)))));
Tree Score: 13829.636452583669
Score Improvement: 0.09716522386647197

Step Number: 7
Time Spent: 36.387755106 seconds
New Tree:
Tree: (((((8,9),10),(11,(12,(13,14)))),((22,(19,(20,21))),(((15,16),17),18))),(((((29,30),31),((32,33),(34,(35,36)))),(((0,1),(2,3)),((4,5),(7,6)))),((((23,24),25),26),(27,28))));
Tree Score: 14223.96695167014
Score Improvement: 0.028513439267798146

Step Number: 8
Time Spent: 37.115435071 seconds
New Tree:
Tree: (((((8,9),10),(11,(12,(13,14)))),((22,(19,(20,21))),(((15,16),17),18))),(((((29,30),31),((32,33),(34,(35,36)))),(((0,1),(2,3)),((4,5),(7,6)))),(((27,28),26),((23,24),25))));
Tree Score: 14462.057727621883
Score Improvement: 0.01673870424198265

Step Number: 9
Time Spent: 46.020008342 seconds
New Tree:
Tree: (((((8,9),10),((13,14),(12,11))),((22,(19,(20,21))),(((15,16),17),18))),(((((29,30),31),((32,33),(34,(35,36)))),(((0,1),(2,3)),((4,5),(7,6)))),(((27,28),26),((23,24),25))));
Tree Score: 14544.456803010791
Score Improvement: 0.005697603822416575

Step Number: 10
Time Spent: 45.065573703 seconds
New Tree:
Tree: (((((8,9),10),((13,14),(12,11))),((22,(19,(20,21))),(((15,16),17),18))),(((((29,31),30),((32,33),(34,(35,36)))),(((0,1),(2,3)),((4,5),(7,6)))),(((27,28),26),((23,24),25))));
Tree Score: 14613.930203027106
Score Improvement: 0.004776623902649657

Step Number: 11
Time Spent: 45.725480315 seconds
New Tree:
Tree: (((((8,10),9),((13,14),(12,11))),((22,(19,(20,21))),(((15,16),17),18))),(((((29,31),30),((32,33),(34,(35,36)))),(((0,1),(2,3)),((4,5),(7,6)))),(((27,28),26),((23,24),25))));
Tree Score: 14665.094528160073
Score Improvement: 0.003501065382286228

Step Number: 12
Time Spent: 45.703706248 seconds
New Tree:
Tree: (((((8,10),9),((13,14),(12,11))),(((20,21),(19,22)),(((15,16),17),18))),(((((29,31),30),((32,33),(34,(35,36)))),(((0,1),(2,3)),((4,5),(7,6)))),(((27,28),26),((23,24),25))));
Tree Score: 14710.349053664613
Score Improvement: 0.0030858666077904218

Step Number: 13
Time Spent: 45.742417106 seconds
New Tree:
Tree: (((((8,10),9),((13,14),(12,11))),(((20,21),(19,22)),(((15,16),17),18))),(((((29,31),30),((35,36),(34,(32,33)))),(((0,1),(2,3)),((4,5),(7,6)))),(((27,28),26),((23,24),25))));
Tree Score: 14747.290553467828
Score Improvement: 0.0025112592276668178

Step Number: 14
Time Spent: 40.442356043 seconds
New Tree:
Tree: (((((8,10),9),((13,14),(12,11))),(((20,21),(19,22)),(((17,16),15),18))),(((((29,31),30),((35,36),(34,(32,33)))),(((0,1),(2,3)),((4,5),(7,6)))),(((27,28),26),((23,24),25))));
Tree Score: 14768.725078350879
Score Improvement: 0.0014534551147098451

Step Number: 15
Time Spent: 27.915146613 seconds
New Tree:
Tree: (((((8,10),9),((13,14),(12,11))),(((20,21),(19,22)),((18,15),(17,16)))),(((((29,31),30),((35,36),(34,(32,33)))),(((0,1),(2,3)),((4,5),(7,6)))),(((27,28),26),((23,24),25))));
Tree Score: 14778.49892837592
Score Improvement: 6.617937549240338E-4

Step Number: 16
Time Spent: 27.808257322 seconds
New Tree:
Tree: (((((8,10),9),((13,14),(12,11))),(((20,21),(19,22)),((18,15),(17,16)))),(((((29,31),30),((35,36),(33,(32,34)))),(((0,1),(2,3)),((4,5),(7,6)))),(((27,28),26),((23,24),25))));
Tree Score: 14780.450403400144
Score Improvement: 1.320482569766579E-4

Step Number: 17
Time Spent: 27.754934968 seconds
New Tree:
Tree: (((((8,10),9),((13,14),(12,11))),(((20,21),(19,22)),((18,15),(17,16)))),(((((29,31),30),((35,36),(33,(32,34)))),(((0,1),(2,3)),((4,5),(7,6)))),(((27,28),26),((23,24),25))));
Tree Score: 14780.450403400144
Score Improvement: 0.0

TOTAL STEPS: 17
TOTAL TIME: 644.184657926 seconds
Final tree: Tree: (((((8,10),9),((13,14),(12,11))),(((20,21),(19,22)),((18,15),(17,16)))),(((((29,31),30),((35,36),(33,(32,34)))),(((0,1),(2,3)),((4,5),(7,6)))),(((27,28),26),((23,24),25))));
Tree Score: 14780.450403400144
Total Score Improvement: 0.6713315409945222

--------------ITERATION 3--------------
Input tree: ((((0,1),2),(3,((4,(5,6)),7))),(((8,(((9,10),(((11,12),13),((14,(15,16)),17))),18)),(19,(((20,(21,22)),23),24))),((25,((26,27),((28,((29,30),31)),(32,33)))),(34,(35,36)))));
Initial Score: 9669.128726096109

Step Number: 1
Time Spent: 19.373495121 seconds
New Tree:
Tree: ((((0,1),2),(3,((4,(5,6)),7))),((34,(35,36)),((25,((26,27),((28,((29,30),31)),(32,33)))),((8,(((9,10),(((11,12),13),((14,(15,16)),17))),18)),(19,(((20,(21,22)),23),24))))));
Tree Score: 10084.724028083538
Score Improvement: 0.04298167019596866

Step Number: 2
Time Spent: 19.59729062 seconds
New Tree:
Tree: ((((0,1),2),(3,((4,(5,6)),7))),((34,(35,36)),((((28,((29,30),31)),(32,33)),((26,27),25)),((8,(((9,10),(((11,12),13),((14,(15,16)),17))),18)),(19,(((20,(21,22)),23),24))))));
Tree Score: 10796.106228134637
Score Improvement: 0.07054057186593021

Step Number: 3
Time Spent: 19.796874031 seconds
New Tree:
Tree: ((((0,1),2),(3,((4,(5,6)),7))),((34,(35,36)),((((28,((29,30),31)),(32,33)),((26,27),25)),((((9,10),(((11,12),13),((14,(15,16)),17))),(8,18)),(19,(((20,(21,22)),23),24))))));
Tree Score: 11174.602828004376
Score Improvement: 0.03505862130954007

Step Number: 4
Time Spent: 19.79540408 seconds
New Tree:
Tree: ((((0,1),2),(3,((4,(5,6)),7))),((34,(35,36)),((((28,((29,30),31)),(32,33)),((26,27),25)),((((9,10),(8,18)),(((11,12),13),((14,(15,16)),17))),(19,(((20,(21,22)),23),24))))));
Tree Score: 12054.704428377529
Score Improvement: 0.07875909452169116

Step Number: 5
Time Spent: 19.600981103 seconds
New Tree:
Tree: ((((((28,((29,30),31)),(32,33)),((26,27),25)),((((9,10),(8,18)),(((11,12),13),((14,(15,16)),17))),(19,(((20,(21,22)),23),24)))),(3,((4,(5,6)),7))),((34,(35,36)),((0,1),2)));
Tree Score: 12367.700652392316
Score Improvement: 0.025964653540403226

Step Number: 6
Time Spent: 20.349881505 seconds
New Tree:
Tree: ((((((28,((29,30),31)),(32,33)),((26,27),25)),((((9,10),(8,18)),(((11,12),13),((14,(15,16)),17))),(((20,(21,22)),23),(19,24)))),(3,((4,(5,6)),7))),((34,(35,36)),((0,1),2)));
Tree Score: 12588.724777406016
Score Improvement: 0.017871076542505637

Step Number: 7
Time Spent: 20.37925996 seconds
New Tree:
Tree: ((((((28,((29,30),31)),(32,33)),((26,27),25)),((((9,10),(8,18)),(((11,12),13),((14,(15,16)),17))),(((20,(21,22)),23),(19,24)))),((4,(5,6)),(3,7))),((34,(35,36)),((0,1),2)));
Tree Score: 12743.44192752189
Score Improvement: 0.012290136836858645

Step Number: 8
Time Spent: 20.436447541 seconds
New Tree:
Tree: (((((((26,27),25),(32,33)),(28,((29,30),31))),((((9,10),(8,18)),(((11,12),13),((14,(15,16)),17))),(((20,(21,22)),23),(19,24)))),((4,(5,6)),(3,7))),((34,(35,36)),((0,1),2)));
Tree Score: 12892.55910256126
Score Improvement: 0.011701483467925877

Step Number: 9
Time Spent: 20.340799902 seconds
New Tree:
Tree: (((((((26,27),25),(32,33)),(28,((29,30),31))),((((9,10),(8,18)),(((11,12),13),((14,(15,16)),17))),(((20,(21,22)),23),(19,24)))),((4,(3,7)),(5,6))),((34,(35,36)),((0,1),2)));
Tree Score: 12941.505552550974
Score Improvement: 0.0037964883154959495

Step Number: 10
Time Spent: 20.350897486 seconds
New Tree:
Tree: (((((((26,27),25),(32,33)),(28,((29,30),31))),((((9,10),(8,18)),(((11,12),13),((14,(15,16)),17))),(((20,23),(21,22)),(19,24)))),((4,(3,7)),(5,6))),((34,(35,36)),((0,1),2)));
Tree Score: 12973.926377171621
Score Improvement: 0.0025051818344470345

Step Number: 11
Time Spent: 20.306929674 seconds
New Tree:
Tree: (((((((26,27),25),(32,33)),((29,30),(28,31))),((((9,10),(8,18)),(((11,12),13),((14,(15,16)),17))),(((20,23),(21,22)),(19,24)))),((4,(3,7)),(5,6))),((34,(35,36)),((0,1),2)));
Tree Score: 12997.22510236976
Score Improvement: 0.0017958114236824585

Step Number: 12
Time Spent: 24.562949381 seconds
New Tree:
Tree: (((((((32,33),25),(26,27)),((29,30),(28,31))),((((9,10),(8,18)),(((11,12),13),((14,(15,16)),17))),(((20,23),(21,22)),(19,24)))),((4,(3,7)),(5,6))),((34,(35,36)),((0,1),2)));
Tree Score: 13020.156427054288
Score Improvement: 0.0017643246542176083

Step Number: 13
Time Spent: 29.224759099 seconds
New Tree:
Tree: (((((((25,33),32),(26,27)),((29,30),(28,31))),((((9,10),(8,18)),(((11,12),13),((14,(15,16)),17))),(((20,23),(21,22)),(19,24)))),((4,(3,7)),(5,6))),((34,(35,36)),((0,1),2)));
Tree Score: 13036.474977171601
Score Improvement: 0.0012533298051171649

Step Number: 14
Time Spent: 29.216619586 seconds
New Tree:
Tree: (((((((25,33),32),(26,27)),((29,30),(28,31))),((((9,10),(8,18)),(((20,23),(21,22)),(19,24))),(((11,12),13),((14,(15,16)),17)))),((4,(3,7)),(5,6))),((34,(35,36)),((0,1),2)));
Tree Score: 13051.041450805424
Score Improvement: 0.0011173629113183647

Step Number: 15
Time Spent: 29.153067091 seconds
New Tree:
Tree: (((((((25,33),32),(26,27)),((29,30),(28,31))),((((20,23),(21,22)),(((9,10),(8,18)),(19,24))),(((11,12),13),((14,(15,16)),17)))),((4,(3,7)),(5,6))),((34,(35,36)),((0,1),2)));
Tree Score: 13135.89805088563
Score Improvement: 0.0065019025799637475

Step Number: 16
Time Spent: 29.13977427 seconds
New Tree:
Tree: (((((((25,33),32),(26,27)),((29,30),(28,31))),((((20,23),(21,22)),(((9,10),(19,24)),(8,18))),(((11,12),13),((14,(15,16)),17)))),((4,(3,7)),(5,6))),((34,(35,36)),((0,1),2)));
Tree Score: 13196.505326320945
Score Improvement: 0.004613866155213531

Step Number: 17
Time Spent: 29.139220428 seconds
New Tree:
Tree: (((((((25,33),32),(26,27)),((29,30),(28,31))),((((20,23),(21,22)),(((9,10),(19,24)),(8,18))),(((13,12),11),((14,(15,16)),17)))),((4,(3,7)),(5,6))),((34,(35,36)),((0,1),2)));
Tree Score: 13202.454826080768
Score Improvement: 4.508390375106419E-4

Step Number: 18
Time Spent: 29.155286857 seconds
New Tree:
Tree: (((((((25,33),32),(26,27)),((29,30),(28,31))),((((20,23),(21,22)),(((9,10),(19,24)),(8,18))),(((13,12),11),((14,17),(15,16))))),((4,(3,7)),(5,6))),((34,(35,36)),((0,1),2)));
Tree Score: 13205.292926119047
Score Improvement: 2.149676007732193E-4

Step Number: 19
Time Spent: 29.086911122 seconds
New Tree:
Tree: (((((((25,33),32),(26,27)),((29,30),(28,31))),((((20,23),(21,22)),(((9,10),(19,24)),(8,18))),(((13,12),11),((14,17),(15,16))))),((3,(4,7)),(5,6))),((34,(35,36)),((0,1),2)));
Tree Score: 13207.45662615942
Score Improvement: 1.6385096888638095E-4

Step Number: 20
Time Spent: 29.075194898 seconds
New Tree:
Tree: (((((((25,33),32),(26,27)),((29,30),(28,31))),((((20,23),(21,22)),(((9,10),(19,24)),(8,18))),(((13,12),11),((14,17),(15,16))))),((3,(4,7)),(5,6))),((34,(35,36)),((0,2),1)));
Tree Score: 13207.583126094472
Score Improvement: 9.577917886360865E-6

Step Number: 21
Time Spent: 29.101890681 seconds
New Tree:
Tree: (((((((25,33),32),(26,27)),((29,30),(28,31))),((((20,23),(21,22)),(((9,10),(19,24)),(8,18))),(((13,12),11),((14,17),(15,16))))),((3,(5,6)),(4,7))),((34,(35,36)),((0,2),1)));
Tree Score: 13207.643201184448
Score Improvement: 4.548530143866358E-6

Step Number: 22
Time Spent: 29.061096597 seconds
New Tree:
Tree: (((((((25,33),32),(26,27)),((29,30),(28,31))),((((20,23),(21,22)),(((9,10),(19,24)),(8,18))),(((13,12),11),((14,17),(15,16))))),((3,(5,6)),(4,7))),((34,(35,36)),((0,2),1)));
Tree Score: 13207.643201184448
Score Improvement: 0.0

TOTAL STEPS: 22
TOTAL TIME: 536.245031033 seconds
Final tree: Tree: (((((((25,33),32),(26,27)),((29,30),(28,31))),((((20,23),(21,22)),(((9,10),(19,24)),(8,18))),(((13,12),11),((14,17),(15,16))))),((3,(5,6)),(4,7))),((34,(35,36)),((0,2),1)));
Tree Score: 13207.643201184448
Total Score Improvement: 0.3659600130814482

--------------ITERATION 4--------------
Input tree: ((((0,(((1,(2,3)),4),((5,6),((7,8),9)))),((((10,(11,12)),(((13,14),15),16)),((17,((18,19),20)),(21,22))),(23,24))),25),((26,27),(((((28,29),30),31),(32,33)),((34,35),36))));
Initial Score: 8342.491576662142

Step Number: 1
Time Spent: 30.041399539 seconds
New Tree:
Tree: ((((23,24),((((10,(11,12)),(((13,14),15),16)),((17,((18,19),20)),(21,22))),(0,(((1,(2,3)),4),((5,6),((7,8),9)))))),25),((26,27),(((((28,29),30),31),(32,33)),((34,35),36))));
Tree Score: 10548.7785276293
Score Improvement: 0.2644637912658103

Step Number: 2
Time Spent: 29.513884064 seconds
New Tree:
Tree: ((((23,24),25),((((10,(11,12)),(((13,14),15),16)),((17,((18,19),20)),(21,22))),(0,(((1,(2,3)),4),((5,6),((7,8),9)))))),((26,27),(((((28,29),30),31),(32,33)),((34,35),36))));
Tree Score: 11384.7399783484
Score Improvement: 0.07924722739505374

Step Number: 3
Time Spent: 28.229275735 seconds
New Tree:
Tree: (((((((28,29),30),31),(32,33)),((34,35),36)),((((10,(11,12)),(((13,14),15),16)),((17,((18,19),20)),(21,22))),(0,(((1,(2,3)),4),((5,6),((7,8),9)))))),((26,27),((23,24),25)));
Tree Score: 12466.08520242889
Score Improvement: 0.09498198695244708

Step Number: 4
Time Spent: 28.680942877 seconds
New Tree:
Tree: (((((((28,29),30),31),(32,33)),((34,35),36)),((((10,(11,12)),(((13,14),15),16)),((17,((18,19),20)),(21,22))),(((5,6),((7,8),9)),(((1,(2,3)),4),0)))),((26,27),((23,24),25)));
Tree Score: 12891.989177772135
Score Improvement: 0.034165013990138826

Step Number: 5
Time Spent: 28.952863001 seconds
New Tree:
Tree: (((((((28,29),30),31),(32,33)),((34,35),36)),((((10,(11,12)),(((13,14),15),16)),((17,((18,19),20)),(21,22))),(((5,6),((7,8),9)),((0,4),(1,(2,3)))))),((26,27),((23,24),25)));
Tree Score: 13092.375552604732
Score Improvement: 0.01554347991371996

Step Number: 6
Time Spent: 28.696731199 seconds
New Tree:
Tree: (((((((28,29),30),31),(32,33)),((34,35),36)),((((10,(11,12)),(((13,14),15),16)),((17,(21,22)),((18,19),20))),(((5,6),((7,8),9)),((0,4),(1,(2,3)))))),((26,27),((23,24),25)));
Tree Score: 13208.783702564018
Score Improvement: 0.008891293218068919

Step Number: 7
Time Spent: 28.639871174 seconds
New Tree:
Tree: ((((((32,33),31),((28,29),30)),((34,35),36)),((((10,(11,12)),(((13,14),15),16)),((17,(21,22)),((18,19),20))),(((5,6),((7,8),9)),((0,4),(1,(2,3)))))),((26,27),((23,24),25)));
Tree Score: 13320.269603428023
Score Improvement: 0.008440285144677206

Step Number: 8
Time Spent: 28.51149605 seconds
New Tree:
Tree: ((((((32,33),31),((28,29),30)),((34,35),36)),((((10,(11,12)),(((13,14),15),16)),((17,(21,22)),((18,19),20))),(((7,8),((5,6),9)),((0,4),(1,(2,3)))))),((26,27),((23,24),25)));
Tree Score: 13375.777328657248
Score Improvement: 0.0041671622933923125

Step Number: 9
Time Spent: 28.551832395 seconds
New Tree:
Tree: ((((((32,33),31),((28,29),30)),((34,35),36)),((((10,(11,12)),(((13,14),15),16)),((17,(21,22)),((18,19),20))),(((7,8),((5,6),9)),((0,4),(1,(2,3)))))),((23,24),((26,27),25)));
Tree Score: 13405.208803402522
Score Improvement: 0.0022003562127352883

Step Number: 10
Time Spent: 28.56629464 seconds
New Tree:
Tree: ((((((32,33),31),((28,29),30)),((34,35),36)),((((10,(11,12)),(((13,14),15),16)),((21,(17,22)),((18,19),20))),(((7,8),((5,6),9)),((0,4),(1,(2,3)))))),((23,24),((26,27),25)));
Tree Score: 13430.61525333699
Score Improvement: 0.0018952670045706554

Step Number: 11
Time Spent: 28.645924597 seconds
New Tree:
Tree: ((((((32,33),31),((28,29),30)),((34,35),36)),((((10,(11,12)),(((13,14),15),16)),((21,(17,22)),((18,19),20))),(((7,8),((5,6),9)),((2,3),(1,(0,4)))))),((23,24),((26,27),25)));
Tree Score: 13455.55125333721
Score Improvement: 0.0018566535880792934

Step Number: 12
Time Spent: 28.64054661 seconds
New Tree:
Tree: ((((((32,33),31),((28,29),30)),((34,35),36)),((((10,(11,12)),(((13,14),15),16)),((21,(17,22)),((18,19),20))),(((7,8),((5,6),9)),((2,3),(1,(0,4)))))),((23,24),((26,25),27)));
Tree Score: 13479.054953144194
Score Improvement: 0.0017467660272301178

Step Number: 13
Time Spent: 28.660208537 seconds
New Tree:
Tree: ((((((32,33),31),((28,29),30)),((34,35),36)),((((10,(11,12)),((16,15),(13,14))),((21,(17,22)),((18,19),20))),(((7,8),((5,6),9)),((2,3),(1,(0,4)))))),((23,24),((26,25),27)));
Tree Score: 13498.66277778268
Score Improvement: 0.0014546883818373768

Step Number: 14
Time Spent: 29.604334323 seconds
New Tree:
Tree: ((((((32,33),31),((28,29),30)),((34,35),36)),((((10,(11,12)),((16,15),(13,14))),((21,(17,22)),((18,19),20))),(((7,8),((9,6),5)),((2,3),(1,(0,4)))))),((23,24),((26,25),27)));
Tree Score: 13514.297152780986
Score Improvement: 0.001158216577129334

Step Number: 15
Time Spent: 29.599005153 seconds
New Tree:
Tree: ((((((32,33),31),((28,29),30)),((34,35),36)),((((10,(11,12)),((16,15),(13,14))),((21,(17,22)),((18,19),20))),(((7,8),((9,6),5)),((2,3),(0,(1,4)))))),((23,24),((26,25),27)));
Tree Score: 13524.748552834673
Score Improvement: 7.733587574354495E-4

Step Number: 16
Time Spent: 29.591963057 seconds
New Tree:
Tree: ((((((32,33),31),((28,29),30)),((34,35),36)),((((10,(11,12)),((16,15),(13,14))),((21,(17,22)),((18,19),20))),(((7,8),((9,6),5)),((1,4),(0,(2,3)))))),((23,24),((26,25),27)));
Tree Score: 13528.895853118098
Score Improvement: 3.0664527826318455E-4

Step Number: 17
Time Spent: 29.597132499 seconds
New Tree:
Tree: ((((((32,31),33),((28,29),30)),((34,35),36)),((((10,(11,12)),((16,15),(13,14))),((21,(17,22)),((18,19),20))),(((7,8),((9,6),5)),((1,4),(0,(2,3)))))),((23,24),((26,25),27)));
Tree Score: 13529.447827660537
Score Improvement: 4.079967415160368E-5

Step Number: 18
Time Spent: 29.51395642 seconds
New Tree:
Tree: ((((((32,31),33),((28,29),30)),((34,35),36)),((((11,(10,12)),((16,15),(13,14))),((21,(17,22)),((18,19),20))),(((7,8),((9,6),5)),((1,4),(0,(2,3)))))),((23,24),((26,25),27)));
Tree Score: 13529.841452696419
Score Improvement: 2.9093946840808016E-5

Step Number: 19
Time Spent: 29.455685182 seconds
New Tree:
Tree: ((((((32,31),33),((28,29),30)),((34,35),36)),((((11,(10,12)),((16,15),(13,14))),((21,(17,22)),((18,19),20))),(((7,8),((9,6),5)),((1,4),(0,(2,3)))))),((23,24),((26,25),27)));
Tree Score: 13529.841452696419
Score Improvement: 0.0

TOTAL STEPS: 19
TOTAL TIME: 551.693347052 seconds
Final tree: Tree: ((((((32,31),33),((28,29),30)),((34,35),36)),((((11,(10,12)),((16,15),(13,14))),((21,(17,22)),((18,19),20))),(((7,8),((9,6),5)),((1,4),(0,(2,3)))))),((23,24),((26,25),27)));
Tree Score: 13529.841452696419
Total Score Improvement: 0.6217986351398574

--------------ITERATION 5--------------
Input tree: ((((0,1),(2,(3,4))),(((5,6),(7,(8,9))),(10,11))),(((((((12,13),(14,15)),((16,17),(18,(19,20)))),(((21,22),23),((24,25),26))),(((27,(28,29)),30),(31,32))),33),(34,(35,36))));
Initial Score: 9126.551804690316

Step Number: 1
Time Spent: 30.199328351 seconds
New Tree:
Tree: ((((0,1),(2,(3,4))),(((5,6),(7,(8,9))),(10,11))),(((34,(35,36)),33),(((((12,13),(14,15)),((16,17),(18,(19,20)))),(((21,22),23),((24,25),26))),(((27,(28,29)),30),(31,32)))));
Tree Score: 10302.91540399396
Score Improvement: 0.12889463890393826

Step Number: 2
Time Spent: 29.042960352 seconds
New Tree:
Tree: ((((0,1),(2,(3,4))),(((5,6),(7,(8,9))),(10,11))),(((34,(35,36)),33),(((((27,(28,29)),30),(31,32)),(((21,22),23),((24,25),26))),(((12,13),(14,15)),((16,17),(18,(19,20)))))));
Tree Score: 11226.095128257919
Score Improvement: 0.08960373720103387

Step Number: 3
Time Spent: 28.790367547 seconds
New Tree:
Tree: (((((((27,(28,29)),30),(31,32)),(((21,22),23),((24,25),26))),(((12,13),(14,15)),((16,17),(18,(19,20))))),(((5,6),(7,(8,9))),(10,11))),(((34,(35,36)),33),((0,1),(2,(3,4)))));
Tree Score: 11828.07490106237
Score Improvement: 0.05362325598766482

Step Number: 4
Time Spent: 29.705291994 seconds
New Tree:
Tree: ((((((5,6),(7,(8,9))),(10,11)),(((12,13),(14,15)),((16,17),(18,(19,20))))),((((27,(28,29)),30),(31,32)),(((21,22),23),((24,25),26)))),(((34,(35,36)),33),((0,1),(2,(3,4)))));
Tree Score: 13160.203979122824
Score Improvement: 0.11262433567619734

Step Number: 5
Time Spent: 23.850431818 seconds
New Tree:
Tree: (((((16,17),(18,(19,20))),(((12,13),(14,15)),(((5,6),(7,(8,9))),(10,11)))),((((27,(28,29)),30),(31,32)),(((21,22),23),((24,25),26)))),(((34,(35,36)),33),((0,1),(2,(3,4)))));
Tree Score: 13409.70738021531
Score Improvement: 0.018958931144858804

Step Number: 6
Time Spent: 20.101271329 seconds
New Tree:
Tree: (((((16,17),(18,(19,20))),(((12,13),(14,15)),(((5,6),(7,(8,9))),(10,11)))),((((31,32),30),(27,(28,29))),(((21,22),23),((24,25),26)))),(((34,(35,36)),33),((0,1),(2,(3,4)))));
Tree Score: 13486.178204101183
Score Improvement: 0.005702646725811444

Step Number: 7
Time Spent: 19.872176553 seconds
New Tree:
Tree: (((((19,20),(18,(16,17))),(((12,13),(14,15)),(((5,6),(7,(8,9))),(10,11)))),((((31,32),30),(27,(28,29))),(((21,22),23),((24,25),26)))),(((34,(35,36)),33),((0,1),(2,(3,4)))));
Tree Score: 13557.431529643269
Score Improvement: 0.0052834334875107025

Step Number: 8
Time Spent: 19.884863222 seconds
New Tree:
Tree: (((((19,20),(18,(16,17))),(((12,13),(14,15)),(((5,6),(7,(8,9))),(10,11)))),((((31,32),30),(27,(28,29))),(((21,22),23),((24,25),26)))),(((34,33),(35,36)),((0,1),(2,(3,4)))));
Tree Score: 13622.140130041422
Score Improvement: 0.004772924742910689

Step Number: 9
Time Spent: 19.838764902 seconds
New Tree:
Tree: (((((19,20),(18,(16,17))),(((12,13),(14,15)),(((10,11),(7,(8,9))),(5,6)))),((((31,32),30),(27,(28,29))),(((21,22),23),((24,25),26)))),(((34,33),(35,36)),((0,1),(2,(3,4)))));
Tree Score: 13683.920405083474
Score Improvement: 0.004535284063464262

Step Number: 10
Time Spent: 19.836666591 seconds
New Tree:
Tree: (((((19,20),(18,(16,17))),(((12,13),(14,15)),(((10,11),(7,(8,9))),(5,6)))),((((31,32),30),(27,(28,29))),(((21,23),22),((24,25),26)))),(((34,33),(35,36)),((0,1),(2,(3,4)))));
Tree Score: 13729.435080211064
Score Improvement: 0.0033261429312816393

Step Number: 11
Time Spent: 19.816274612 seconds
New Tree:
Tree: (((((19,20),(18,(16,17))),(((12,13),(14,15)),(((10,11),(7,(8,9))),(5,6)))),((((30,32),31),(27,(28,29))),(((21,23),22),((24,25),26)))),(((34,33),(35,36)),((0,1),(2,(3,4)))));
Tree Score: 13770.881680232858
Score Improvement: 0.003018813212608773

Step Number: 12
Time Spent: 19.825120918 seconds
New Tree:
Tree: (((((19,20),(18,(16,17))),(((12,13),(14,15)),(((8,9),(7,(10,11))),(5,6)))),((((30,32),31),(27,(28,29))),(((21,23),22),((24,25),26)))),(((34,33),(35,36)),((0,1),(2,(3,4)))));
Tree Score: 13789.44595547059
Score Improvement: 0.0013480818199447242

Step Number: 13
Time Spent: 19.852354759 seconds
New Tree:
Tree: (((((19,20),(18,(16,17))),(((12,13),(14,15)),(((8,9),(7,(10,11))),(5,6)))),((((30,32),31),(27,(28,29))),(((21,23),22),((24,25),26)))),(((34,33),(35,36)),((0,1),(3,(2,4)))));
Tree Score: 13798.257555098658
Score Improvement: 6.390104182953937E-4

Step Number: 14
Time Spent: 19.843452719 seconds
New Tree:
Tree: (((((19,20),(18,(16,17))),(((12,13),(14,15)),(((8,9),(7,(10,11))),(5,6)))),((((30,32),31),(29,(28,27))),(((21,23),22),((24,25),26)))),(((34,33),(35,36)),((0,1),(3,(2,4)))));
Tree Score: 13806.723630252214
Score Improvement: 6.135611775435201E-4

Step Number: 15
Time Spent: 19.852833032 seconds
New Tree:
Tree: (((((19,20),(18,(16,17))),(((12,13),(14,15)),(((8,9),(7,(10,11))),(5,6)))),((((30,32),31),(29,(28,27))),(((21,23),22),((24,25),26)))),(((34,33),(35,36)),((2,4),(3,(0,1)))));
Tree Score: 13810.51918055016
Score Improvement: 2.74905937106551E-4

Step Number: 16
Time Spent: 19.862401357 seconds
New Tree:
Tree: (((((19,20),(18,(16,17))),(((12,13),(14,15)),(((8,9),(7,(10,11))),(5,6)))),((((30,32),31),(29,(28,27))),(((21,23),22),((24,25),26)))),(((34,33),(35,36)),((2,4),(0,(3,1)))));
Tree Score: 13821.386630480098
Score Improvement: 7.868965523933902E-4

Step Number: 17
Time Spent: 19.84222491 seconds
New Tree:
Tree: (((((19,20),(18,(16,17))),(((12,13),(14,15)),(((8,9),(11,(10,7))),(5,6)))),((((30,32),31),(29,(28,27))),(((21,23),22),((24,25),26)))),(((34,33),(35,36)),((2,4),(0,(3,1)))));
Tree Score: 13824.877905313777
Score Improvement: 2.525994624866801E-4

Step Number: 18
Time Spent: 19.86092149 seconds
New Tree:
Tree: (((((19,20),(17,(16,18))),(((12,13),(14,15)),(((8,9),(11,(10,7))),(5,6)))),((((30,32),31),(29,(28,27))),(((21,23),22),((24,25),26)))),(((34,33),(35,36)),((2,4),(0,(3,1)))));
Tree Score: 13824.945255308565
Score Improvement: 4.871652049986963E-6

Step Number: 19
Time Spent: 19.870638508 seconds
New Tree:
Tree: (((((19,20),(17,(16,18))),(((12,13),(14,15)),(((8,9),(11,(10,7))),(5,6)))),((((30,32),31),(29,(28,27))),(((21,23),22),((24,25),26)))),(((34,33),(35,36)),((2,4),(0,(3,1)))));
Tree Score: 13824.945255308565
Score Improvement: 0.0

TOTAL STEPS: 19
TOTAL TIME: 419.748344964 seconds
Final tree: Tree: (((((19,20),(17,(16,18))),(((12,13),(14,15)),(((8,9),(11,(10,7))),(5,6)))),((((30,32),31),(29,(28,27))),(((21,23),22),((24,25),26)))),(((34,33),(35,36)),((2,4),(0,(3,1)))));
Tree Score: 13824.945255308565
Total Score Improvement: 0.5148048848200972

--------------ITERATION 6--------------
Input tree: (((((0,1),2),(3,4)),((((5,(((6,7),8),(9,10))),11),((((12,13),(14,15)),(16,((17,18),19))),20)),(21,(22,23)))),((24,(25,26)),((27,(28,29)),((30,31),(((32,33),34),(35,36))))));
Initial Score: 8962.021428121076

Step Number: 1
Time Spent: 20.32971218 seconds
New Tree:
Tree: (((((0,1),2),(3,4)),(((21,(22,23)),((((12,13),(14,15)),(16,((17,18),19))),20)),((5,(((6,7),8),(9,10))),11))),((24,(25,26)),((27,(28,29)),((30,31),(((32,33),34),(35,36))))));
Tree Score: 10575.757800344949
Score Improvement: 0.18006388236924797

Step Number: 2
Time Spent: 20.044824345 seconds
New Tree:
Tree: (((((0,1),2),(3,4)),(((((12,13),(14,15)),(16,((17,18),19))),((21,(22,23)),20)),((5,(((6,7),8),(9,10))),11))),((24,(25,26)),((27,(28,29)),((30,31),(((32,33),34),(35,36))))));
Tree Score: 11023.34470084188
Score Improvement: 0.04232196963534207

Step Number: 3
Time Spent: 20.029129404 seconds
New Tree:
Tree: ((((27,(28,29)),((30,31),(((32,33),34),(35,36)))),(((((12,13),(14,15)),(16,((17,18),19))),((21,(22,23)),20)),((5,(((6,7),8),(9,10))),11))),((24,(25,26)),(((0,1),2),(3,4))));
Tree Score: 11458.859901252321
Score Improvement: 0.039508444326990855

Step Number: 4
Time Spent: 20.237214174 seconds
New Tree:
Tree: ((((((32,33),34),(35,36)),((30,31),(27,(28,29)))),(((((12,13),(14,15)),(16,((17,18),19))),((21,(22,23)),20)),((5,(((6,7),8),(9,10))),11))),((24,(25,26)),(((0,1),2),(3,4))));
Tree Score: 11833.265025732691
Score Improvement: 0.032673854790689294

Step Number: 5
Time Spent: 20.452533245 seconds
New Tree:
Tree: ((((((32,33),34),(35,36)),((30,31),(27,(28,29)))),(((((12,13),(14,15)),(16,((17,18),19))),((21,(22,23)),20)),((5,11),(((6,7),8),(9,10))))),((24,(25,26)),(((0,1),2),(3,4))));
Tree Score: 11955.057050794481
Score Improvement: 0.010292343220315026

Step Number: 6
Time Spent: 23.294237208 seconds
New Tree:
Tree: ((((((32,33),34),(35,36)),((30,31),(27,(28,29)))),(((((12,13),(14,15)),(16,((17,18),19))),((21,(22,23)),20)),((9,10),(((6,7),8),(5,11))))),((24,(25,26)),(((0,1),2),(3,4))));
Tree Score: 12139.595501029284
Score Improvement: 0.015436015859291885

Step Number: 7
Time Spent: 20.196348921 seconds
New Tree:
Tree: ((((((32,33),34),(35,36)),((30,31),(27,(28,29)))),(((((12,13),(14,15)),((17,18),(16,19))),((21,(22,23)),20)),((9,10),(((6,7),8),(5,11))))),((24,(25,26)),(((0,1),2),(3,4))));
Tree Score: 12252.649750996266
Score Improvement: 0.009312851483181506

Step Number: 8
Time Spent: 20.203957711 seconds
New Tree:
Tree: ((((((32,33),34),(35,36)),((28,29),(27,(30,31)))),(((((12,13),(14,15)),((17,18),(16,19))),((21,(22,23)),20)),((9,10),(((6,7),8),(5,11))))),((24,(25,26)),(((0,1),2),(3,4))));
Tree Score: 12340.624151227183
Score Improvement: 0.007180030607156107

Step Number: 9
Time Spent: 20.245699331 seconds
New Tree:
Tree: ((((((32,33),34),(35,36)),((28,29),(27,(30,31)))),(((((12,13),(14,15)),((17,18),(16,19))),((21,(22,23)),20)),((9,10),(((6,7),8),(5,11))))),(((0,1),2),((24,(25,26)),(3,4))));
Tree Score: 12426.888925826644
Score Improvement: 0.006990308880842511

Step Number: 10
Time Spent: 20.315040621 seconds
New Tree:
Tree: ((((((32,33),34),(35,36)),((28,29),(27,(30,31)))),(((((12,13),(14,15)),((21,(22,23)),20)),((17,18),(16,19))),((9,10),(((6,7),8),(5,11))))),(((0,1),2),((24,(25,26)),(3,4))));
Tree Score: 12491.449600580405
Score Improvement: 0.005195240348498276

Step Number: 11
Time Spent: 20.685326676 seconds
New Tree:
Tree: ((((((32,33),34),(35,36)),((28,29),(27,(30,31)))),(((((12,13),(14,15)),((21,20),(22,23))),((17,18),(16,19))),((9,10),(((6,7),8),(5,11))))),(((0,1),2),((24,(25,26)),(3,4))));
Tree Score: 12536.905250386915
Score Improvement: 0.0036389411365354007

Step Number: 12
Time Spent: 29.299546262 seconds
New Tree:
Tree: ((((((32,33),34),(35,36)),((28,29),(27,(30,31)))),(((((12,13),(14,15)),((21,20),(22,23))),((17,18),(16,19))),((9,10),(((5,11),8),(6,7))))),(((0,1),2),((24,(25,26)),(3,4))));
Tree Score: 12579.379425378165
Score Improvement: 0.003387931402762945

Step Number: 13
Time Spent: 29.301847883 seconds
New Tree:
Tree: ((((((32,33),34),(35,36)),((28,29),(27,(30,31)))),(((((12,13),(14,15)),((21,20),(22,23))),((17,18),(16,19))),(((5,11),8),((9,10),(6,7))))),(((0,1),2),((24,(25,26)),(3,4))));
Tree Score: 12613.197425334596
Score Improvement: 0.0026883679085316636

Step Number: 14
Time Spent: 29.306169312 seconds
New Tree:
Tree: ((((((32,33),34),(35,36)),((28,29),(31,(30,27)))),(((((12,13),(14,15)),((21,20),(22,23))),((17,18),(16,19))),(((5,11),8),((9,10),(6,7))))),(((0,1),2),((24,(25,26)),(3,4))));
Tree Score: 12623.399625567601
Score Improvement: 8.088512285167049E-4

Step Number: 15
Time Spent: 29.379438754 seconds
New Tree:
Tree: ((((((32,33),34),(35,36)),((28,29),(31,(30,27)))),(((((12,13),(14,15)),((21,20),(22,23))),((17,18),(16,19))),(((5,11),8),((9,10),(6,7))))),(((0,1),2),((24,(3,4)),(25,26))));
Tree Score: 12632.48247566691
Score Improvement: 7.195248798834708E-4

Step Number: 16
Time Spent: 29.30774577 seconds
New Tree:
Tree: ((((((32,33),34),(35,36)),((28,29),(31,(30,27)))),(((((12,13),(14,15)),((21,20),(22,23))),((17,18),(16,19))),(((5,11),8),((9,10),(6,7))))),(((0,1),2),((4,(3,24)),(25,26))));
Tree Score: 12651.222925657521
Score Improvement: 0.0014835128429198097

Step Number: 17
Time Spent: 29.327975646 seconds
New Tree:
Tree: ((((((32,33),34),(35,36)),((28,29),(31,(30,27)))),(((((12,13),(14,15)),((21,20),(22,23))),((17,18),(16,19))),(((5,11),8),((9,10),(6,7))))),((4,(3,24)),(((0,1),2),(25,26))));
Tree Score: 12671.342800222248
Score Improvement: 0.0015903501727032587

Step Number: 18
Time Spent: 29.299097742 seconds
New Tree:
Tree: ((((((32,33),34),(35,36)),((28,29),(31,(30,27)))),(((((12,13),(14,15)),((21,20),(22,23))),((17,18),(16,19))),(((5,8),11),((9,10),(6,7))))),((4,(3,24)),(((0,1),2),(25,26))));
Tree Score: 12673.637125211213
Score Improvement: 1.810640770387728E-4

Step Number: 19
Time Spent: 29.290206179 seconds
New Tree:
Tree: ((((((32,34),33),(35,36)),((28,29),(31,(30,27)))),(((((12,13),(14,15)),((21,20),(22,23))),((17,18),(16,19))),(((5,8),11),((9,10),(6,7))))),((4,(3,24)),(((0,1),2),(25,26))));
Tree Score: 12675.588600235436
Score Improvement: 1.5397908311109987E-4

Step Number: 20
Time Spent: 25.64538647 seconds
New Tree:
Tree: ((((((32,34),33),(35,36)),((28,29),(31,(30,27)))),(((((12,13),(14,15)),((21,20),(22,23))),((17,18),(16,19))),(((5,8),11),((9,10),(6,7))))),((3,(4,24)),(((0,1),2),(25,26))));
Tree Score: 12677.510850388235
Score Improvement: 1.5164977449355632E-4

Step Number: 21
Time Spent: 20.19462901 seconds
New Tree:
Tree: ((((((32,34),33),(35,36)),((28,29),(31,(30,27)))),(((((12,13),(14,15)),((21,20),(22,23))),((17,18),(16,19))),(((5,8),11),((9,10),(6,7))))),((3,(4,24)),(((0,2),1),(25,26))));
Tree Score: 12678.011300283162
Score Improvement: 3.947540655513393E-5

Step Number: 22
Time Spent: 20.203591603 seconds
New Tree:
Tree: ((((((32,34),33),(35,36)),((28,29),(31,(30,27)))),(((((12,13),(14,15)),((21,20),(22,23))),((17,18),(16,19))),(((5,8),11),((9,10),(6,7))))),((3,(4,24)),(((0,2),1),(25,26))));
Tree Score: 12678.011300283162
Score Improvement: 0.0

TOTAL STEPS: 22
TOTAL TIME: 526.589658447 seconds
Final tree: Tree: ((((((32,34),33),(35,36)),((28,29),(31,(30,27)))),(((((12,13),(14,15)),((21,20),(22,23))),((17,18),(16,19))),(((5,8),11),((9,10),(6,7))))),((3,(4,24)),(((0,2),1),(25,26))));
Tree Score: 12678.011300283162
Total Score Improvement: 0.4146374678933522

--------------ITERATION 7--------------
Input tree: ((((0,1),(2,3)),(((4,(5,(6,(7,(8,9))))),(10,11)),((12,13),((14,15),(16,17))))),((((18,(19,20)),21),(((22,23),24),25)),(26,((((27,28),((29,30),31)),(32,33)),((34,35),36)))));
Initial Score: 8834.122123145422

Step Number: 1
Time Spent: 19.726779991 seconds
New Tree:
Tree: ((((0,1),(2,3)),(26,((((27,28),((29,30),31)),(32,33)),((34,35),36)))),((((18,(19,20)),21),(((22,23),24),25)),(((4,(5,(6,(7,(8,9))))),(10,11)),((12,13),((14,15),(16,17))))));
Tree Score: 10654.70437508808
Score Improvement: 0.20608524837716802

Step Number: 2
Time Spent: 19.702281066 seconds
New Tree:
Tree: ((((((27,28),((29,30),31)),(32,33)),((34,35),36)),(26,((0,1),(2,3)))),((((18,(19,20)),21),(((22,23),24),25)),(((4,(5,(6,(7,(8,9))))),(10,11)),((12,13),((14,15),(16,17))))));
Tree Score: 11009.752950005855
Score Improvement: 0.033323174667137634

Step Number: 3
Time Spent: 19.936098439 seconds
New Tree:
Tree: ((((26,((0,1),(2,3))),((34,35),36)),(((27,28),((29,30),31)),(32,33))),((((18,(19,20)),21),(((22,23),24),25)),(((4,(5,(6,(7,(8,9))))),(10,11)),((12,13),((14,15),(16,17))))));
Tree Score: 11855.455123919335
Score Improvement: 0.0768139101534544

Step Number: 4
Time Spent: 19.740058355 seconds
New Tree:
Tree: ((((26,((0,1),(2,3))),((34,35),36)),(((27,28),(32,33)),((29,30),31))),((((18,(19,20)),21),(((22,23),24),25)),(((4,(5,(6,(7,(8,9))))),(10,11)),((12,13),((14,15),(16,17))))));
Tree Score: 12110.016698563337
Score Improvement: 0.02147210478072692

Step Number: 5
Time Spent: 19.70429913 seconds
New Tree:
Tree: ((((26,((0,1),(2,3))),((34,35),36)),(((27,28),(32,33)),((29,30),31))),((((18,(19,20)),21),(((22,23),24),25)),((((6,(7,(8,9))),(5,4)),(10,11)),((12,13),((14,15),(16,17))))));
Tree Score: 12265.668223701981
Score Improvement: 0.012853122255158445

Step Number: 6
Time Spent: 19.823906099 seconds
New Tree:
Tree: ((((26,((0,1),(2,3))),((34,35),36)),(((27,28),(32,33)),((29,30),31))),((((18,21),(19,20)),(((22,23),24),25)),((((6,(7,(8,9))),(5,4)),(10,11)),((12,13),((14,15),(16,17))))));
Tree Score: 12370.277847481524
Score Improvement: 0.008528652648324364

Step Number: 7
Time Spent: 19.78136738 seconds
New Tree:
Tree: ((((26,((0,1),(2,3))),((34,35),36)),(((27,28),(32,33)),((29,30),31))),((((18,21),(19,20)),(((22,23),24),25)),(((((8,9),(7,6)),(5,4)),(10,11)),((12,13),((14,15),(16,17))))));
Tree Score: 12466.080272739386
Score Improvement: 0.007744565355689792

Step Number: 8
Time Spent: 19.842103804 seconds
New Tree:
Tree: ((((26,((0,1),(2,3))),((34,35),36)),(((27,28),(32,33)),((29,31),30))),((((18,21),(19,20)),(((22,23),24),25)),(((((8,9),(7,6)),(5,4)),(10,11)),((12,13),((14,15),(16,17))))));
Tree Score: 12500.463497929373
Score Improvement: 0.002758142450371981

Step Number: 9
Time Spent: 19.84301684 seconds
New Tree:
Tree: ((((26,((0,1),(2,3))),((34,35),36)),(((27,28),(32,33)),((29,31),30))),((((18,21),(19,20)),((25,24),(22,23))),(((((8,9),(7,6)),(5,4)),(10,11)),((12,13),((14,15),(16,17))))));
Tree Score: 12526.59499824674
Score Improvement: 0.0020904425121273107

Step Number: 10
Time Spent: 19.778564299 seconds
New Tree:
Tree: (((((2,3),((0,1),26)),((34,35),36)),(((27,28),(32,33)),((29,31),30))),((((18,21),(19,20)),((25,24),(22,23))),(((((8,9),(7,6)),(5,4)),(10,11)),((12,13),((14,15),(16,17))))));
Tree Score: 12539.562298428278
Score Improvement: 0.0010351815623761418

Step Number: 11
Time Spent: 19.814755495 seconds
New Tree:
Tree: (((((2,3),((0,1),26)),((34,35),36)),(((27,28),(32,33)),((29,31),30))),((((18,21),(19,20)),((25,24),(22,23))),((((10,11),(5,4)),((8,9),(7,6))),((12,13),((14,15),(16,17))))));
Tree Score: 12545.421072945475
Score Improvement: 4.672232074585114E-4

Step Number: 12
Time Spent: 19.641585917 seconds
New Tree:
Tree: (((((2,3),((26,1),0)),((34,35),36)),(((27,28),(32,33)),((29,31),30))),((((18,21),(19,20)),((25,24),(22,23))),((((10,11),(5,4)),((8,9),(7,6))),((12,13),((14,15),(16,17))))));
Tree Score: 12546.383497910148
Score Improvement: 7.671523809982261E-5

Step Number: 13
Time Spent: 19.650088814 seconds
New Tree:
Tree: (((((2,3),((26,1),0)),((34,36),35)),(((27,28),(32,33)),((29,31),30))),((((18,21),(19,20)),((25,24),(22,23))),((((10,11),(5,4)),((8,9),(7,6))),((12,13),((14,15),(16,17))))));
Tree Score: 12546.974723068572
Score Improvement: 4.7123153737560486E-5

Step Number: 14
Time Spent: 19.727308061 seconds
New Tree:
Tree: (((((2,3),((26,1),0)),((34,36),35)),(((27,28),(32,33)),((29,31),30))),((((18,21),(19,20)),((25,24),(22,23))),((((10,11),(5,4)),((8,9),(7,6))),((12,13),((14,15),(16,17))))));
Tree Score: 12546.974723068572
Score Improvement: 0.0

TOTAL STEPS: 14
TOTAL TIME: 276.71221369 seconds
Final tree: Tree: (((((2,3),((26,1),0)),((34,36),35)),(((27,28),(32,33)),((29,31),30))),((((18,21),(19,20)),((25,24),(22,23))),((((10,11),(5,4)),((8,9),(7,6))),((12,13),((14,15),(16,17))))));
Tree Score: 12546.974723068572
Total Score Improvement: 0.4202854056313605

--------------ITERATION 8--------------
Input tree: ((0,((1,(2,3)),(4,5))),((((((6,(7,(8,9))),(10,11)),(12,((13,14),15))),(((16,17),(18,19)),(20,((21,22),(23,24))))),(25,(((26,(27,28)),((29,30),31)),(32,33)))),((34,35),36)));
Initial Score: 14515.093827694844

Step Number: 1
Time Spent: 20.677360858 seconds
New Tree:
Tree: ((0,((1,(2,3)),(4,5))),((((((6,(7,(8,9))),(10,11)),(12,((13,14),15))),(((16,17),(18,19)),(20,((21,22),(23,24))))),(((26,(27,28)),((29,30),31)),(25,(32,33)))),((34,35),36)));
Tree Score: 14778.43845252572
Score Improvement: 0.01814281243765814

Step Number: 2
Time Spent: 20.678605709 seconds
New Tree:
Tree: ((0,((1,(2,3)),(4,5))),((((((6,(7,(8,9))),(10,11)),(12,((13,14),15))),(((16,17),(18,19)),(20,((21,22),(23,24))))),(((25,(32,33)),((29,30),31)),(26,(27,28)))),((34,35),36)));
Tree Score: 15013.754177894516
Score Improvement: 0.015922908643205114

Step Number: 3
Time Spent: 20.681338388 seconds
New Tree:
Tree: ((0,((1,(2,3)),(4,5))),((((((6,(7,(8,9))),(10,11)),((13,14),(12,15))),(((16,17),(18,19)),(20,((21,22),(23,24))))),(((25,(32,33)),((29,30),31)),(26,(27,28)))),((34,35),36)));
Tree Score: 15086.330227997227
Score Improvement: 0.004833970853843406

Step Number: 4
Time Spent: 20.681102395 seconds
New Tree:
Tree: ((0,((1,(2,3)),(4,5))),((((((6,(7,(8,9))),(10,11)),((13,14),(12,15))),(((16,17),(18,19)),(20,((21,22),(23,24))))),(((25,((29,30),31)),(32,33)),(26,(27,28)))),((34,35),36)));
Tree Score: 15142.846577841628
Score Improvement: 0.003746195992682111

Step Number: 5
Time Spent: 20.733056837 seconds
New Tree:
Tree: ((0,((1,(2,3)),(4,5))),(((((((8,9),(7,6)),(10,11)),((13,14),(12,15))),(((16,17),(18,19)),(20,((21,22),(23,24))))),(((25,((29,30),31)),(32,33)),(26,(27,28)))),((34,35),36)));
Tree Score: 15198.324253026236
Score Improvement: 0.003663622615432738

Step Number: 6
Time Spent: 20.783992015 seconds
New Tree:
Tree: ((0,((1,(2,3)),(4,5))),(((((((8,9),(10,11)),(7,6)),((13,14),(12,15))),(((16,17),(18,19)),(20,((21,22),(23,24))))),(((25,((29,30),31)),(32,33)),(26,(27,28)))),((34,35),36)));
Tree Score: 15261.963828649212
Score Improvement: 0.004187275818273495

Step Number: 7
Time Spent: 20.775777004 seconds
New Tree:
Tree: ((0,((1,(2,3)),(4,5))),(((((((8,9),(10,11)),(7,6)),((13,14),(12,15))),(((16,17),(18,19)),((23,24),((21,22),20)))),(((25,((29,30),31)),(32,33)),(26,(27,28)))),((34,35),36)));
Tree Score: 15311.091728957326
Score Improvement: 0.003218976329631529

Step Number: 8
Time Spent: 20.820087178 seconds
New Tree:
Tree: ((0,((1,(2,3)),(4,5))),(((((((8,9),(10,11)),(7,6)),((13,14),(12,15))),(((16,17),(18,19)),((23,24),((21,22),20)))),((((29,30),(25,31)),(32,33)),(26,(27,28)))),((34,35),36)));
Tree Score: 15335.177403811787
Score Improvement: 0.001573086706084359

Step Number: 9
Time Spent: 20.822254074 seconds
New Tree:
Tree: ((0,((34,35),36)),(((((((8,9),(10,11)),(7,6)),((13,14),(12,15))),(((16,17),(18,19)),((23,24),((21,22),20)))),((((29,30),(25,31)),(32,33)),(26,(27,28)))),((1,(2,3)),(4,5))));
Tree Score: 15355.24187898678
Score Improvement: 0.0013083953740244958

Step Number: 10
Time Spent: 20.794904506 seconds
New Tree:
Tree: (((34,35),(0,36)),(((((((8,9),(10,11)),(7,6)),((13,14),(12,15))),(((16,17),(18,19)),((23,24),((21,22),20)))),((((29,30),(25,31)),(32,33)),(26,(27,28)))),((1,(2,3)),(4,5))));
Tree Score: 15449.649253260766
Score Improvement: 0.0061482179843210805

Step Number: 11
Time Spent: 20.804670902 seconds
New Tree:
Tree: (((34,35),(0,36)),(((((((8,9),(10,11)),(7,6)),((13,14),(12,15))),(((16,17),(18,19)),((23,24),((20,22),21)))),((((29,30),(25,31)),(32,33)),(26,(27,28)))),((1,(2,3)),(4,5))));
Tree Score: 15451.631102886473
Score Improvement: 1.2827796885339637E-4

Step Number: 12
Time Spent: 20.793364156 seconds
New Tree:
Tree: (((34,35),(0,36)),(((((((8,9),(10,11)),(7,6)),((13,14),(12,15))),(((16,17),(18,19)),((23,24),((20,22),21)))),((((29,30),(25,31)),(32,33)),(26,(27,28)))),((1,(2,3)),(4,5))));
Tree Score: 15451.631102886473
Score Improvement: 0.0

TOTAL STEPS: 12
TOTAL TIME: 249.046514022 seconds
Final tree: Tree: (((34,35),(0,36)),(((((((8,9),(10,11)),(7,6)),((13,14),(12,15))),(((16,17),(18,19)),((23,24),((20,22),21)))),((((29,30),(25,31)),(32,33)),(26,(27,28)))),((1,(2,3)),(4,5))));
Tree Score: 15451.631102886473
Total Score Improvement: 0.06452161359127517

--------------ITERATION 9--------------
Input tree: (((0,1),2),((((3,4),(5,((((6,7),(8,9)),10),11))),(((12,13),14),(((15,(16,17)),(((((18,19),20),(21,((22,23),24))),25),26)),((27,28),(29,30))))),(((31,32),(33,34)),(35,36))));
Initial Score: 9126.8664234913

Step Number: 1
Time Spent: 22.64159786 seconds
New Tree:
Tree: (((0,1),2),(((((15,(16,17)),(((((18,19),20),(21,((22,23),24))),25),26)),((27,28),(29,30))),(((12,13),14),((3,4),(5,((((6,7),(8,9)),10),11))))),(((31,32),(33,34)),(35,36))));
Tree Score: 10702.264197954819
Score Improvement: 0.1726110256646971

Step Number: 2
Time Spent: 30.686342028 seconds
New Tree:
Tree: (((0,1),2),((35,36),(((31,32),(33,34)),((((15,(16,17)),(((((18,19),20),(21,((22,23),24))),25),26)),((27,28),(29,30))),(((12,13),14),((3,4),(5,((((6,7),(8,9)),10),11))))))));
Tree Score: 11195.932748540215
Score Improvement: 0.04612748680599155

Step Number: 3
Time Spent: 31.027165187 seconds
New Tree:
Tree: (((0,1),2),((35,36),(((31,32),(33,34)),((((15,(16,17)),((26,25),(((18,19),20),(21,((22,23),24))))),((27,28),(29,30))),(((12,13),14),((3,4),(5,((((6,7),(8,9)),10),11))))))));
Tree Score: 11520.269373657082
Score Improvement: 0.028969147314604538

Step Number: 4
Time Spent: 30.219462545 seconds
New Tree:
Tree: (((0,1),2),((35,36),(((31,32),(33,34)),((((15,(16,17)),((26,25),(((18,19),20),(21,((22,23),24))))),((27,28),(29,30))),(((12,13),14),(((((6,7),(8,9)),10),11),(5,(3,4))))))));
Tree Score: 11750.043273860954
Score Improvement: 0.01994518467851858

Step Number: 5
Time Spent: 30.470435383 seconds
New Tree:
Tree: (((0,1),2),((35,36),(((31,32),(33,34)),((((15,(16,17)),((26,25),(((18,19),20),(21,((22,23),24))))),((27,28),(29,30))),(((12,13),14),(((11,10),((6,7),(8,9))),(5,(3,4))))))));
Tree Score: 11979.493649015569
Score Improvement: 0.019527619584605915

Step Number: 6
Time Spent: 30.036762636 seconds
New Tree:
Tree: (((0,1),2),((35,36),(((31,32),(33,34)),((((((18,19),20),(21,((22,23),24))),((26,25),(15,(16,17)))),((27,28),(29,30))),(((12,13),14),(((11,10),((6,7),(8,9))),(5,(3,4))))))));
Tree Score: 12159.834175310261
Score Improvement: 0.015054102583835993

Step Number: 7
Time Spent: 30.235009774 seconds
New Tree:
Tree: (((0,1),2),((35,36),(((31,32),(33,34)),(((((27,28),(29,30)),((26,25),(15,(16,17)))),(((18,19),20),(21,((22,23),24)))),(((12,13),14),(((11,10),((6,7),(8,9))),(5,(3,4))))))));
Tree Score: 12844.547400299929
Score Improvement: 0.05630942125674143

Step Number: 8
Time Spent: 29.722898562 seconds
New Tree:
Tree: (((0,1),2),((35,36),(((31,32),(33,34)),(((((27,28),(29,30)),((16,17),(15,(26,25)))),(((18,19),20),(21,((22,23),24)))),(((12,13),14),(((11,10),((6,7),(8,9))),(5,(3,4))))))));
Tree Score: 12902.998924949035
Score Improvement: 0.004550687760920269

Step Number: 9
Time Spent: 29.716560815 seconds
New Tree:
Tree: (((0,1),2),((35,36),(((31,32),(33,34)),(((((27,28),(29,30)),((16,17),(15,(26,25)))),(((18,19),20),((22,23),(21,24)))),(((12,13),14),(((11,10),((6,7),(8,9))),(5,(3,4))))))));
Tree Score: 12960.849850203118
Score Improvement: 0.0044835255424398035

Step Number: 10
Time Spent: 29.714032351 seconds
New Tree:
Tree: (((0,1),2),((35,36),(((31,32),(33,34)),(((((27,28),(29,30)),((16,17),(15,(26,25)))),(((18,19),20),((22,23),(21,24)))),(((12,13),14),(((6,7),((11,10),(8,9))),(5,(3,4))))))));
Tree Score: 13005.288876305542
Score Improvement: 0.003428712361923436

Step Number: 11
Time Spent: 29.718466853 seconds
New Tree:
Tree: (((2,1),0),((35,36),(((31,32),(33,34)),(((((27,28),(29,30)),((16,17),(15,(26,25)))),(((18,19),20),((22,23),(21,24)))),(((12,13),14),(((6,7),((11,10),(8,9))),(5,(3,4))))))));
Tree Score: 13022.73662621735
Score Improvement: 0.0013415888011218957

Step Number: 12
Time Spent: 29.736168406 seconds
New Tree:
Tree: (((2,1),0),((35,36),(((31,32),(33,34)),(((((27,28),(29,30)),((16,17),(25,(26,15)))),(((18,19),20),((22,23),(21,24)))),(((12,13),14),(((6,7),((11,10),(8,9))),(5,(3,4))))))));
Tree Score: 13030.236276182553
Score Improvement: 5.758889379752219E-4

Step Number: 13
Time Spent: 29.799357796 seconds
New Tree:
Tree: (((2,1),0),((35,36),(((31,32),(33,34)),(((((27,28),(29,30)),((16,17),(25,(26,15)))),(((18,19),20),((22,23),(21,24)))),(((12,14),13),(((6,7),((11,10),(8,9))),(5,(3,4))))))));
Tree Score: 13030.78117580267
Score Improvement: 4.181809205650033E-5

Step Number: 14
Time Spent: 29.791589281 seconds
New Tree:
Tree: (((2,1),0),((35,36),(((31,32),(33,34)),(((((27,28),(29,30)),((16,17),(25,(26,15)))),(((18,19),20),((22,23),(21,24)))),(((12,14),13),(((6,7),((11,10),(8,9))),(5,(3,4))))))));
Tree Score: 13030.78117580267
Score Improvement: 0.0

TOTAL STEPS: 14
TOTAL TIME: 413.515849477 seconds
Final tree: Tree: (((2,1),0),((35,36),(((31,32),(33,34)),(((((27,28),(29,30)),((16,17),(25,(26,15)))),(((18,19),20),((22,23),(21,24)))),(((12,14),13),(((6,7),((11,10),(8,9))),(5,(3,4))))))));
Tree Score: 13030.78117580267
Total Score Improvement: 0.42773878472278604

--------------ITERATION 10--------------
Input tree: ((((0,(1,(2,3))),(4,(5,6))),(((7,8),(9,10)),(((11,12),(13,(((14,15),(16,((17,(18,19)),20))),21))),(22,23)))),((((24,25),26),27),(((28,(29,30)),(31,32)),((33,34),(35,36)))));
Initial Score: 10327.820874189649

Step Number: 1
Time Spent: 29.28892913 seconds
New Tree:
Tree: ((((0,(1,(2,3))),(4,(5,6))),(((11,12),(13,(((14,15),(16,((17,(18,19)),20))),21))),(((7,8),(9,10)),(22,23)))),((((24,25),26),27),(((28,(29,30)),(31,32)),((33,34),(35,36)))));
Tree Score: 10856.23427369384
Score Improvement: 0.05116407477832574

Step Number: 2
Time Spent: 29.208528683 seconds
New Tree:
Tree: ((((0,(1,(2,3))),(4,(5,6))),(((11,12),(((7,8),(9,10)),(22,23))),(13,(((14,15),(16,((17,(18,19)),20))),21)))),((((24,25),26),27),(((28,(29,30)),(31,32)),((33,34),(35,36)))));
Tree Score: 11373.92457430658
Score Improvement: 0.04768599198961421

Step Number: 3
Time Spent: 29.079888163 seconds
New Tree:
Tree: ((((0,(1,(2,3))),(4,(5,6))),(((11,12),(((7,8),(9,10)),(22,23))),(((14,15),(16,((17,(18,19)),20))),(13,21)))),((((24,25),26),27),(((28,(29,30)),(31,32)),((33,34),(35,36)))));
Tree Score: 11995.646549705209
Score Improvement: 0.05466204486735249

Step Number: 4
Time Spent: 29.073386637 seconds
New Tree:
Tree: ((((0,(1,(2,3))),(4,(5,6))),(((11,12),(((7,8),(9,10)),(22,23))),(((14,15),(13,21)),(16,((17,(18,19)),20))))),((((24,25),26),27),(((28,(29,30)),(31,32)),((33,34),(35,36)))));
Tree Score: 12317.429425325008
Score Improvement: 0.02682497139995399

Step Number: 5
Time Spent: 28.856356176 seconds
New Tree:
Tree: ((((0,(1,(2,3))),(4,(5,6))),(((11,12),(((7,8),(9,10)),(22,23))),(((14,15),(13,21)),((17,(18,19)),(16,20))))),((((24,25),26),27),(((28,(29,30)),(31,32)),((33,34),(35,36)))));
Tree Score: 12540.13202517456
Score Improvement: 0.018080282188722707

Step Number: 6
Time Spent: 28.858990239 seconds
New Tree:
Tree: ((((0,(1,(2,3))),(4,(5,6))),(((11,12),(((7,8),(9,10)),(22,23))),(((14,15),(13,21)),((17,(18,19)),(16,20))))),(((27,26),(24,25)),(((28,(29,30)),(31,32)),((33,34),(35,36)))));
Tree Score: 12666.875100768633
Score Improvement: 0.01010699690718031

Step Number: 7
Time Spent: 28.729485992 seconds
New Tree:
Tree: ((((0,(1,(2,3))),(4,(5,6))),((((7,8),(9,10)),((11,12),(22,23))),(((14,15),(13,21)),((17,(18,19)),(16,20))))),(((27,26),(24,25)),(((28,(29,30)),(31,32)),((33,34),(35,36)))));
Tree Score: 12765.394550499532
Score Improvement: 0.007777723309588813

Step Number: 8
Time Spent: 28.708939455 seconds
New Tree:
Tree: (((((2,3),(1,0)),(4,(5,6))),((((7,8),(9,10)),((11,12),(22,23))),(((14,15),(13,21)),((17,(18,19)),(16,20))))),(((27,26),(24,25)),(((28,(29,30)),(31,32)),((33,34),(35,36)))));
Tree Score: 12834.425425528574
Score Improvement: 0.00540765698670409

Step Number: 9
Time Spent: 28.773402889 seconds
New Tree:
Tree: (((((2,3),(1,0)),(4,(5,6))),((((7,8),(9,10)),((11,12),(22,23))),(((14,15),(13,21)),((17,(18,19)),(16,20))))),(((27,26),(24,25)),(((28,(31,32)),(29,30)),((33,34),(35,36)))));
Tree Score: 12892.091125689356
Score Improvement: 0.004493048831471613

Step Number: 10
Time Spent: 28.757956931 seconds
New Tree:
Tree: (((((2,3),(1,0)),(4,(5,6))),((((7,8),(9,10)),((11,12),(22,23))),(((14,15),(13,21)),((17,(18,19)),(16,20))))),(((27,26),(24,25)),(((31,(28,32)),(29,30)),((33,34),(35,36)))));
Tree Score: 12915.943925549884
Score Improvement: 0.001850188586783874

Step Number: 11
Time Spent: 28.7793387 seconds
New Tree:
Tree: (((((2,3),(1,0)),(4,(5,6))),((((7,8),(9,10)),((11,12),(22,23))),((17,(18,19)),(((14,15),(13,21)),(16,20))))),(((27,26),(24,25)),(((31,(28,32)),(29,30)),((33,34),(35,36)))));
Tree Score: 12928.20889995075
Score Improvement: 9.495995392643231E-4

Step Number: 12
Time Spent: 28.773909239 seconds
New Tree:
Tree: (((((2,3),(1,0)),(4,(5,6))),((((7,8),(9,10)),((11,12),(22,23))),((17,(18,19)),(((16,20),(13,21)),(14,15))))),(((27,26),(24,25)),(((31,(28,32)),(29,30)),((33,34),(35,36)))));
Tree Score: 13011.905500088102
Score Improvement: 0.006473951711723158

Step Number: 13
Time Spent: 28.787062308 seconds
New Tree:
Tree: (((((2,3),(1,0)),(4,(5,6))),((((7,8),(9,10)),((11,12),(22,23))),((19,(18,17)),(((16,20),(13,21)),(14,15))))),(((27,26),(24,25)),(((31,(28,32)),(29,30)),((33,34),(35,36)))));
Tree Score: 13023.652649943
Score Improvement: 9.028001206141667E-4

Step Number: 14
Time Spent: 28.782631507 seconds
New Tree:
Tree: (((((2,3),(1,0)),(5,(4,6))),((((7,8),(9,10)),((11,12),(22,23))),((19,(18,17)),(((16,20),(13,21)),(14,15))))),(((27,26),(24,25)),(((31,(28,32)),(29,30)),((33,34),(35,36)))));
Tree Score: 13023.727025134194
Score Improvement: 5.7107781659127E-6

Step Number: 15
Time Spent: 28.769004495 seconds
New Tree:
Tree: (((((2,3),(1,0)),(5,(4,6))),((((7,8),(9,10)),((11,12),(22,23))),((19,(18,17)),(((16,20),(13,21)),(14,15))))),(((27,26),(24,25)),(((31,(28,32)),(29,30)),((33,34),(35,36)))));
Tree Score: 13023.727025134194
Score Improvement: 0.0

TOTAL STEPS: 15
TOTAL TIME: 433.227810544 seconds
Final tree: Tree: (((((2,3),(1,0)),(5,(4,6))),((((7,8),(9,10)),((11,12),(22,23))),((19,(18,17)),(((16,20),(13,21)),(14,15))))),(((27,26),(24,25)),(((31,(28,32)),(29,30)),((33,34),(35,36)))));
Tree Score: 13023.727025134194
Total Score Improvement: 0.26103339550378046

===========================================================
RESULTS FROM 10 ITERATION(S):
AVERAGE TIME PER RUN: 472.24967716 seconds
AVERAGE IMPROVEMENT: 0.4097222640231954
BEST Tree: (((34,35),(0,36)),(((((((8,9),(10,11)),(7,6)),((13,14),(12,15))),(((16,17),(18,19)),((23,24),((20,22),21)))),((((29,30),(25,31)),(32,33)),(26,(27,28)))),((1,(2,3)),(4,5))));
Tree Score: 15451.631102886473
BEST'S IMPROVEMENT :0.06452161359127517
