--------------ITERATION 1--------------
Input tree: (((0,1),(2,((3,(4,5)),(((6,7),8),9)))),((((10,11),12),((13,14),((((15,(16,17)),((18,19),20)),(((21,(22,23)),(24,25)),((26,(27,28)),(29,30)))),(31,32)))),(((33,34),35),36)));
Initial Score: 9392.499677138985

Step Number: 1
Time Spent: 9.378654157 seconds
New Tree:
Tree: (((0,1),(2,((3,(4,5)),(((6,7),8),9)))),((((((15,(16,17)),((18,19),20)),(((21,(22,23)),(24,25)),((26,(27,28)),(29,30)))),(31,32)),((13,14),((10,11),12))),(((33,34),35),36)));
Tree Score: 10591.233351082192
Score Improvement: 0.12762669312205377

Step Number: 2
Time Spent: 9.484980039 seconds
New Tree:
Tree: (((0,1),(((33,34),35),36)),((((((15,(16,17)),((18,19),20)),(((21,(22,23)),(24,25)),((26,(27,28)),(29,30)))),(31,32)),((13,14),((10,11),12))),(2,((3,(4,5)),(((6,7),8),9)))));
Tree Score: 10860.36794966206
Score Improvement: 0.025411072502936616

Step Number: 3
Time Spent: 9.484414883 seconds
New Tree:
Tree: ((((33,34),35),((0,1),36)),((((((15,(16,17)),((18,19),20)),(((21,(22,23)),(24,25)),((26,(27,28)),(29,30)))),(31,32)),((13,14),((10,11),12))),(2,((3,(4,5)),(((6,7),8),9)))));
Tree Score: 11041.645925180317
Score Improvement: 0.01669169740458898

Step Number: 4
Time Spent: 8.916761552 seconds
New Tree:
Tree: ((((33,34),35),((0,1),36)),((((((15,(16,17)),((18,19),20)),(((21,(22,23)),(24,25)),((26,(27,28)),(29,30)))),(31,32)),((13,14),((10,11),12))),((((6,7),8),9),((3,(4,5)),2))));
Tree Score: 11199.199250072037
Score Improvement: 0.014269007171514358

Step Number: 5
Time Spent: 8.930552691 seconds
New Tree:
Tree: ((((33,34),35),((0,1),36)),((((((15,(16,17)),((18,19),20)),(((21,(22,23)),(24,25)),((26,(27,28)),(29,30)))),(31,32)),((13,14),((10,11),12))),(((9,8),(6,7)),((3,(4,5)),2))));
Tree Score: 11299.86447518671
Score Improvement: 0.008988609173466111

Step Number: 6
Time Spent: 8.356240623 seconds
New Tree:
Tree: ((((35,34),33),((0,1),36)),((((((15,(16,17)),((18,19),20)),(((21,(22,23)),(24,25)),((26,(27,28)),(29,30)))),(31,32)),((13,14),((10,11),12))),(((9,8),(6,7)),((3,(4,5)),2))));
Tree Score: 11316.025575123524
Score Improvement: 0.001430202988035978

Step Number: 7
Time Spent: 7.802193072 seconds
New Tree:
Tree: ((((35,34),33),((0,1),36)),((((((15,(16,17)),((18,19),20)),(((21,(22,23)),(24,25)),((26,(27,28)),(29,30)))),(31,32)),((13,14),((12,11),10))),(((9,8),(6,7)),((3,(4,5)),2))));
Tree Score: 11317.844225220178
Score Improvement: 1.6071456224464598E-4

Step Number: 8
Time Spent: 7.255297409 seconds
New Tree:
Tree: ((((35,34),33),((0,1),36)),((((((15,(16,17)),((18,19),20)),(((21,(22,23)),(24,25)),((26,(27,28)),(29,30)))),(31,32)),((13,14),((12,11),10))),(((9,8),(6,7)),((3,(4,5)),2))));
Tree Score: 11317.844225220178
Score Improvement: 0.0

TOTAL STEPS: 8
TOTAL TIME: 69.609094426 seconds
Final tree: Tree: ((((35,34),33),((0,1),36)),((((((15,(16,17)),((18,19),20)),(((21,(22,23)),(24,25)),((26,(27,28)),(29,30)))),(31,32)),((13,14),((12,11),10))),(((9,8),(6,7)),((3,(4,5)),2))));
Tree Score: 11317.844225220178
Total Score Improvement: 0.20498744895008247

--------------ITERATION 2--------------
Input tree: (((0,1),((2,(3,4)),((((5,6),7),(8,9)),10))),((((((11,(12,13)),((14,15),((16,(17,18)),19))),20),((21,(22,23)),(((24,25),26),(27,28)))),29),(((30,(31,32)),33),(34,(35,36)))));
Initial Score: 7217.74869930686

Step Number: 1
Time Spent: 10.502663711 seconds
New Tree:
Tree: (((0,1),((2,(3,4)),((((5,6),7),(8,9)),10))),(((29,((21,(22,23)),(((24,25),26),(27,28)))),(((11,(12,13)),((14,15),((16,(17,18)),19))),20)),(((30,(31,32)),33),(34,(35,36)))));
Tree Score: 9440.316098940151
Score Improvement: 0.30793083719397596

Step Number: 2
Time Spent: 9.787411514 seconds
New Tree:
Tree: (((0,1),((2,(3,4)),((((5,6),7),(8,9)),10))),(((29,((21,(22,23)),(((24,25),26),(27,28)))),((20,((14,15),((16,(17,18)),19))),(11,(12,13)))),(((30,(31,32)),33),(34,(35,36)))));
Tree Score: 10461.461550729844
Score Improvement: 0.1081685656589757

Step Number: 3
Time Spent: 9.213333274 seconds
New Tree:
Tree: ((((((5,6),7),(8,9)),10),((2,(3,4)),(0,1))),(((29,((21,(22,23)),(((24,25),26),(27,28)))),((20,((14,15),((16,(17,18)),19))),(11,(12,13)))),(((30,(31,32)),33),(34,(35,36)))));
Tree Score: 10785.449702097074
Score Improvement: 0.030969683327338515

Step Number: 4
Time Spent: 9.238540879 seconds
New Tree:
Tree: ((((((5,6),7),(8,9)),10),((2,(3,4)),(0,1))),((((21,(22,23)),(29,(((24,25),26),(27,28)))),((20,((14,15),((16,(17,18)),19))),(11,(12,13)))),(((30,(31,32)),33),(34,(35,36)))));
Tree Score: 10975.993028308585
Score Improvement: 0.017666702036027493

Step Number: 5
Time Spent: 9.777467443 seconds
New Tree:
Tree: ((((((5,6),7),(8,9)),10),((2,(3,4)),(0,1))),((((21,(22,23)),(((24,25),26),(29,(27,28)))),((20,((14,15),((16,(17,18)),19))),(11,(12,13)))),(((30,(31,32)),33),(34,(35,36)))));
Tree Score: 11210.49665362935
Score Improvement: 0.02136513978424981

Step Number: 6
Time Spent: 9.241668371 seconds
New Tree:
Tree: ((((10,(8,9)),((5,6),7)),((2,(3,4)),(0,1))),((((21,(22,23)),(((24,25),26),(29,(27,28)))),((20,((14,15),((16,(17,18)),19))),(11,(12,13)))),(((30,(31,32)),33),(34,(35,36)))));
Tree Score: 11385.448903902783
Score Improvement: 0.015606110565743014

Step Number: 7
Time Spent: 8.675685086 seconds
New Tree:
Tree: ((((10,(8,9)),((5,6),7)),((2,(0,1)),(3,4))),((((21,(22,23)),(((24,25),26),(29,(27,28)))),((20,((14,15),((16,(17,18)),19))),(11,(12,13)))),(((30,(31,32)),33),(34,(35,36)))));
Tree Score: 11419.91770379187
Score Improvement: 0.003027443202285429

Step Number: 8
Time Spent: 7.699055445 seconds
New Tree:
Tree: ((((10,(8,9)),((5,6),7)),((2,(0,1)),(3,4))),((((21,(22,23)),(((24,25),26),(29,(27,28)))),((20,((14,15),((19,(17,18)),16))),(11,(12,13)))),(((30,(31,32)),33),(34,(35,36)))));
Tree Score: 11439.133504670812
Score Improvement: 0.0016826566860950187

Step Number: 9
Time Spent: 7.059118412 seconds
New Tree:
Tree: ((((10,(8,9)),((5,6),7)),((2,(0,1)),(3,4))),((((21,(22,23)),(((24,25),26),(29,(27,28)))),((20,((14,15),((19,(17,18)),16))),(11,(12,13)))),(((33,(31,32)),30),(34,(35,36)))));
Tree Score: 11441.466079740552
Score Improvement: 2.0391186699475483E-4

Step Number: 10
Time Spent: 6.517518255 seconds
New Tree:
Tree: ((((10,(8,9)),((5,6),7)),((2,(0,1)),(3,4))),((((21,(22,23)),(((24,25),26),(29,(27,28)))),((20,((14,15),((19,(17,18)),16))),(11,(12,13)))),(((33,(31,32)),30),(34,(35,36)))));
Tree Score: 11441.466079740552
Score Improvement: 0.0

TOTAL STEPS: 10
TOTAL TIME: 87.71246239 seconds
Final tree: Tree: ((((10,(8,9)),((5,6),7)),((2,(0,1)),(3,4))),((((21,(22,23)),(((24,25),26),(29,(27,28)))),((20,((14,15),((19,(17,18)),16))),(11,(12,13)))),(((33,(31,32)),30),(34,(35,36)))));
Tree Score: 11441.466079740552
Total Score Improvement: 0.5851848763921785

--------------ITERATION 3--------------
Input tree: ((((0,(1,2)),((((3,(4,5)),6),((7,8),(9,10))),11)),((((12,13),14),(15,16)),((17,(18,(19,20))),((((((21,22),23),24),((25,(26,27)),28)),(29,30)),(31,32))))),(33,(34,(35,36))));
Initial Score: 8412.219324807069

Step Number: 1
Time Spent: 9.518831969 seconds
New Tree:
Tree: (((((((12,13),14),(15,16)),((17,(18,(19,20))),((((((21,22),23),24),((25,(26,27)),28)),(29,30)),(31,32)))),((((3,(4,5)),6),((7,8),(9,10))),11)),(0,(1,2))),(33,(34,(35,36))));
Tree Score: 9375.045071945104
Score Improvement: 0.11445561628412682

Step Number: 2
Time Spent: 10.427613595 seconds
New Tree:
Tree: (((((((12,13),14),(15,16)),((((3,(4,5)),6),((7,8),(9,10))),11)),((17,(18,(19,20))),((((((21,22),23),24),((25,(26,27)),28)),(29,30)),(31,32)))),(0,(1,2))),(33,(34,(35,36))));
Tree Score: 10213.40032296958
Score Improvement: 0.08942413018719897

Step Number: 3
Time Spent: 10.852656753 seconds
New Tree:
Tree: (((((((12,13),14),(15,16)),((((3,(4,5)),6),((7,8),(9,10))),11)),(((19,20),(18,17)),((((((21,22),23),24),((25,(26,27)),28)),(29,30)),(31,32)))),(0,(1,2))),(33,(34,(35,36))));
Tree Score: 10500.387397190134
Score Improvement: 0.028099072311415174

Step Number: 4
Time Spent: 10.272660511 seconds
New Tree:
Tree: (((((((12,13),14),(15,16)),((((3,(4,5)),6),((7,8),(9,10))),11)),(((19,20),(18,17)),((((29,30),((25,(26,27)),28)),(((21,22),23),24)),(31,32)))),(0,(1,2))),(33,(34,(35,36))));
Tree Score: 10767.62267317569
Score Improvement: 0.02545003968682802

Step Number: 5
Time Spent: 10.233641582 seconds
New Tree:
Tree: (((((((3,(4,5)),6),((7,8),(9,10))),((((12,13),14),(15,16)),11)),(((19,20),(18,17)),((((29,30),((25,(26,27)),28)),(((21,22),23),24)),(31,32)))),(0,(1,2))),(33,(34,(35,36))));
Tree Score: 10971.590173255114
Score Improvement: 0.01894266787296961

Step Number: 6
Time Spent: 9.663076779 seconds
New Tree:
Tree: (((((((3,(4,5)),6),((7,8),(9,10))),((((12,13),14),11),(15,16))),(((19,20),(18,17)),((((29,30),((25,(26,27)),28)),(((21,22),23),24)),(31,32)))),(0,(1,2))),(33,(34,(35,36))));
Tree Score: 11061.162823829261
Score Improvement: 0.008164053629390322

Step Number: 7
Time Spent: 9.089761694 seconds
New Tree:
Tree: (((((((3,(4,5)),6),((7,8),(9,10))),((((12,13),14),11),(15,16))),(((19,20),(18,17)),((((25,(26,27)),((29,30),28)),(((21,22),23),24)),(31,32)))),(0,(1,2))),(33,(34,(35,36))));
Tree Score: 11150.536248519478
Score Improvement: 0.008079930303320104

Step Number: 8
Time Spent: 9.084112861 seconds
New Tree:
Tree: (((((((3,(4,5)),6),((7,8),(9,10))),((((14,13),12),11),(15,16))),(((19,20),(18,17)),((((25,(26,27)),((29,30),28)),(((21,22),23),24)),(31,32)))),(0,(1,2))),(33,(34,(35,36))));
Tree Score: 11164.237573749779
Score Improvement: 0.0012287593103084138

Step Number: 9
Time Spent: 8.595145514 seconds
New Tree:
Tree: (((((((3,(4,5)),6),((7,8),(9,10))),((((14,13),12),11),(15,16))),(((19,20),(18,17)),((((25,(26,27)),((29,30),28)),(((21,22),23),24)),(31,32)))),(0,(1,2))),(33,(34,(35,36))));
Tree Score: 11164.237573749779
Score Improvement: 0.0

TOTAL STEPS: 9
TOTAL TIME: 87.737501258 seconds
Final tree: Tree: (((((((3,(4,5)),6),((7,8),(9,10))),((((14,13),12),11),(15,16))),(((19,20),(18,17)),((((25,(26,27)),((29,30),28)),(((21,22),23),24)),(31,32)))),(0,(1,2))),(33,(34,(35,36))));
Tree Score: 11164.237573749779
Total Score Improvement: 0.32714532784793104

--------------ITERATION 4--------------
Input tree: (((0,(1,((2,3),(4,(5,((6,7),8)))))),(((((9,10),11),(12,13)),(14,(15,16))),((17,18),(19,20)))),(((((21,((22,(23,24)),(25,26))),((27,28),29)),(30,(31,(32,(33,34))))),35),36));
Initial Score: 8006.142828305094

Step Number: 1
Time Spent: 11.644646292 seconds
New Tree:
Tree: (((0,(1,((2,3),(4,(5,((6,7),8)))))),(((((9,10),11),(12,13)),(14,(15,16))),((17,18),(19,20)))),((36,35),(((21,((22,(23,24)),(25,26))),((27,28),29)),(30,(31,(32,(33,34)))))));
Tree Score: 8913.090454135223
Score Improvement: 0.113281469651489

Step Number: 2
Time Spent: 10.879610459 seconds
New Tree:
Tree: (((0,(1,((2,3),(4,(5,((6,7),8)))))),(((((9,10),11),(12,13)),(14,(15,16))),((17,18),(19,20)))),(((21,((22,(23,24)),(25,26))),((27,28),29)),((36,35),(30,(31,(32,(33,34)))))));
Tree Score: 10764.832154946243
Score Improvement: 0.20775529097787926

Step Number: 3
Time Spent: 10.25566219 seconds
New Tree:
Tree: (((0,(1,((2,3),(4,(5,((6,7),8)))))),((36,35),(30,(31,(32,(33,34)))))),(((21,((22,(23,24)),(25,26))),((27,28),29)),(((((9,10),11),(12,13)),(14,(15,16))),((17,18),(19,20)))));
Tree Score: 12010.6562556258
Score Improvement: 0.11573093595399198

Step Number: 4
Time Spent: 9.7010601 seconds
New Tree:
Tree: (((0,((4,(5,((6,7),8))),((2,3),1))),((36,35),(30,(31,(32,(33,34)))))),(((21,((22,(23,24)),(25,26))),((27,28),29)),(((((9,10),11),(12,13)),(14,(15,16))),((17,18),(19,20)))));
Tree Score: 12201.450280882651
Score Improvement: 0.01588539553510926

Step Number: 5
Time Spent: 9.742174896 seconds
New Tree:
Tree: (((0,((((6,7),8),(5,4)),((2,3),1))),((36,35),(30,(31,(32,(33,34)))))),(((21,((22,(23,24)),(25,26))),((27,28),29)),(((((9,10),11),(12,13)),(14,(15,16))),((17,18),(19,20)))));
Tree Score: 12279.524981001625
Score Improvement: 0.006398804922501888

Step Number: 6
Time Spent: 9.219968685 seconds
New Tree:
Tree: (((0,((((2,3),1),(5,4)),((6,7),8))),((36,35),(30,(31,(32,(33,34)))))),(((21,((22,(23,24)),(25,26))),((27,28),29)),(((((9,10),11),(12,13)),(14,(15,16))),((17,18),(19,20)))));
Tree Score: 12474.180105856853
Score Improvement: 0.015852007724760586

Step Number: 7
Time Spent: 9.209859159 seconds
New Tree:
Tree: (((0,((((2,3),1),(5,4)),((6,7),8))),((36,35),(30,((33,34),(32,31))))),(((21,((22,(23,24)),(25,26))),((27,28),29)),(((((9,10),11),(12,13)),(14,(15,16))),((17,18),(19,20)))));
Tree Score: 12533.748880758183
Score Improvement: 0.004775365947567334

Step Number: 8
Time Spent: 8.681432325 seconds
New Tree:
Tree: (((0,((((2,3),1),(5,4)),((6,7),8))),((36,35),(30,((33,34),(32,31))))),(((21,((22,(23,24)),(25,26))),((27,28),29)),(((((9,10),11),(12,13)),(16,(15,14))),((17,18),(19,20)))));
Tree Score: 12558.330755887786
Score Improvement: 0.0019612547980230044

Step Number: 9
Time Spent: 8.145333914 seconds
New Tree:
Tree: (((0,((((2,3),1),(5,4)),((6,7),8))),((36,35),(30,((33,34),(32,31))))),(((21,((22,(23,24)),(25,26))),((27,28),29)),(((((11,10),9),(12,13)),(16,(15,14))),((17,18),(19,20)))));
Tree Score: 12562.198130922625
Score Improvement: 3.079529525074065E-4

Step Number: 10
Time Spent: 7.603227478 seconds
New Tree:
Tree: (((0,((((2,3),1),(5,4)),((6,7),8))),((36,35),(30,((33,34),(32,31))))),(((21,((22,(23,24)),(25,26))),((27,28),29)),(((((11,10),9),(12,13)),(16,(15,14))),((17,18),(19,20)))));
Tree Score: 12562.198130922625
Score Improvement: 0.0

TOTAL STEPS: 10
TOTAL TIME: 95.082975498 seconds
Final tree: Tree: (((0,((((2,3),1),(5,4)),((6,7),8))),((36,35),(30,((33,34),(32,31))))),(((21,((22,(23,24)),(25,26))),((27,28),29)),(((((11,10),9),(12,13)),(16,(15,14))),((17,18),(19,20)))));
Tree Score: 12562.198130922625
Total Score Improvement: 0.5690699504522894

--------------ITERATION 5--------------
Input tree: ((((0,1),(2,((((3,4),5),(6,7)),8))),(((9,(((10,11),((12,13),14)),((15,16),17))),(18,(19,20))),((((21,22),(23,24)),((25,26),27)),28))),((((29,30),31),32),((33,34),(35,36))));
Initial Score: 10811.817399803818

Step Number: 1
Time Spent: 11.181682671 seconds
New Tree:
Tree: ((((0,1),(2,((((3,4),5),(6,7)),8))),(((9,(((10,11),((12,13),14)),((15,16),17))),(18,(19,20))),((28,((25,26),27)),((21,22),(23,24))))),((((29,30),31),32),((33,34),(35,36))));
Tree Score: 11394.619274975303
Score Improvement: 0.053904154465470366

Step Number: 2
Time Spent: 11.043347202 seconds
New Tree:
Tree: (((((((3,4),5),(6,7)),8),(2,(0,1))),(((9,(((10,11),((12,13),14)),((15,16),17))),(18,(19,20))),((28,((25,26),27)),((21,22),(23,24))))),((((29,30),31),32),((33,34),(35,36))));
Tree Score: 11627.12142376355
Score Improvement: 0.020404556148608366

Step Number: 3
Time Spent: 10.561157952 seconds
New Tree:
Tree: (((((8,(6,7)),((3,4),5)),(2,(0,1))),(((9,(((10,11),((12,13),14)),((15,16),17))),(18,(19,20))),((28,((25,26),27)),((21,22),(23,24))))),((((29,30),31),32),((33,34),(35,36))));
Tree Score: 11682.69227370932
Score Improvement: 0.004779415981000401

Step Number: 4
Time Spent: 9.916933432 seconds
New Tree:
Tree: (((((8,(6,7)),((3,4),5)),(2,(0,1))),(((9,(((10,11),((12,13),14)),((15,16),17))),(18,(19,20))),((28,((25,26),27)),((21,22),(23,24))))),(((32,31),(29,30)),((33,34),(35,36))));
Tree Score: 11713.463349240228
Score Improvement: 0.0026339027691550942

Step Number: 5
Time Spent: 9.346000773 seconds
New Tree:
Tree: (((((8,(6,7)),((3,4),5)),(2,(0,1))),(((9,(((10,11),((12,13),14)),((15,16),17))),(20,(19,18))),((28,((25,26),27)),((21,22),(23,24))))),(((32,31),(29,30)),((33,34),(35,36))));
Tree Score: 11729.861824477419
Score Improvement: 0.0013999681177347956

Step Number: 6
Time Spent: 8.794896614 seconds
New Tree:
Tree: (((((8,(6,7)),((3,4),5)),(2,(0,1))),(((9,(((10,11),((12,13),14)),((15,16),17))),(20,(19,18))),((28,((27,26),25)),((21,22),(23,24))))),(((32,31),(29,30)),((33,34),(35,36))));
Tree Score: 11742.902024512041
Score Improvement: 0.0011117096032120521

Step Number: 7
Time Spent: 8.246970093 seconds
New Tree:
Tree: (((((8,(6,7)),((5,4),3)),(2,(0,1))),(((9,(((10,11),((12,13),14)),((15,16),17))),(20,(19,18))),((28,((27,26),25)),((21,22),(23,24))))),(((32,31),(29,30)),((33,34),(35,36))));
Tree Score: 11747.761499550987
Score Improvement: 4.138223267811103E-4

Step Number: 8
Time Spent: 7.700892341 seconds
New Tree:
Tree: (((((8,(6,7)),((5,4),3)),(2,(0,1))),(((9,(((10,11),((12,13),14)),((15,16),17))),(20,(19,18))),((28,((27,26),25)),((21,22),(23,24))))),(((32,31),(29,30)),((33,34),(35,36))));
Tree Score: 11747.761499550987
Score Improvement: 0.0

TOTAL STEPS: 8
TOTAL TIME: 76.791881078 seconds
Final tree: Tree: (((((8,(6,7)),((5,4),3)),(2,(0,1))),(((9,(((10,11),((12,13),14)),((15,16),17))),(20,(19,18))),((28,((27,26),25)),((21,22),(23,24))))),(((32,31),(29,30)),((33,34),(35,36))));
Tree Score: 11747.761499550987
Total Score Improvement: 0.08656676903960214

--------------ITERATION 6--------------
Input tree: (((0,((1,2),3)),((((((4,5),6),((7,8),9)),10),11),12)),((((((13,((14,15),16)),(17,18)),((19,20),21)),(22,23)),(24,25)),((26,(27,28)),((((29,30),((31,32),33)),(34,35)),36))));
Initial Score: 7652.3826025449525

Step Number: 1
Time Spent: 9.44111196 seconds
New Tree:
Tree: (((0,((1,2),3)),((((((4,5),6),((7,8),9)),10),11),12)),((((24,25),(22,23)),(((13,((14,15),16)),(17,18)),((19,20),21))),((26,(27,28)),((((29,30),((31,32),33)),(34,35)),36))));
Tree Score: 9152.008027034215
Score Improvement: 0.19596843262783703

Step Number: 2
Time Spent: 8.764157649 seconds
New Tree:
Tree: (((0,((1,2),3)),((26,(27,28)),((((29,30),((31,32),33)),(34,35)),36))),((((24,25),(22,23)),(((13,((14,15),16)),(17,18)),((19,20),21))),((((((4,5),6),((7,8),9)),10),11),12)));
Tree Score: 9752.24584922551
Score Improvement: 0.06558536885219568

Step Number: 3
Time Spent: 8.774552337 seconds
New Tree:
Tree: (((0,((1,2),3)),((26,(27,28)),((((29,30),((31,32),33)),(34,35)),36))),((((24,25),(22,23)),(((13,((14,15),16)),(17,18)),((19,20),21))),((12,11),((((4,5),6),((7,8),9)),10))));
Tree Score: 10252.187624701139
Score Improvement: 0.05126427114379317

Step Number: 4
Time Spent: 8.683700839 seconds
New Tree:
Tree: (((0,((1,2),3)),((26,(27,28)),((((29,30),((31,32),33)),(34,35)),36))),((((24,25),(22,23)),((((19,20),21),(17,18)),(13,((14,15),16)))),((12,11),((((4,5),6),((7,8),9)),10))));
Tree Score: 10617.247451259522
Score Improvement: 0.035607993134931126

Step Number: 5
Time Spent: 8.672219561 seconds
New Tree:
Tree: (((0,((1,2),3)),((26,(27,28)),((36,(34,35)),((29,30),((31,32),33))))),((((24,25),(22,23)),((((19,20),21),(17,18)),(13,((14,15),16)))),((12,11),((((4,5),6),((7,8),9)),10))));
Tree Score: 10982.289776311984
Score Improvement: 0.03438201160218379

Step Number: 6
Time Spent: 8.605528958 seconds
New Tree:
Tree: (((0,((1,2),3)),((26,(27,28)),((36,(34,35)),((29,30),((31,32),33))))),((((24,25),(22,23)),((((19,20),21),(17,18)),(13,((14,15),16)))),((((4,5),6),((7,8),9)),((12,11),10))));
Tree Score: 11275.969675250148
Score Improvement: 0.026741226549276798

Step Number: 7
Time Spent: 8.081811591 seconds
New Tree:
Tree: (((0,((1,2),3)),((26,(27,28)),((36,(34,35)),((29,30),((31,32),33))))),((((24,25),(22,23)),((((19,20),21),(17,18)),(13,((14,15),16)))),(((((7,8),9),6),(4,5)),((12,11),10))));
Tree Score: 11288.050525134226
Score Improvement: 0.0010713801324417904

Step Number: 8
Time Spent: 7.569256468 seconds
New Tree:
Tree: (((0,((1,2),3)),((26,(27,28)),((36,(34,35)),((29,30),((31,32),33))))),((((24,25),(22,23)),((((19,20),21),(17,18)),(13,((14,15),16)))),(((((9,8),7),6),(4,5)),((12,11),10))));
Tree Score: 11289.630825077911
Score Improvement: 1.399975965883371E-4

Step Number: 9
Time Spent: 7.566384314 seconds
New Tree:
Tree: (((0,((1,2),3)),((26,(27,28)),((36,(34,35)),((29,30),((31,32),33))))),((((24,25),(22,23)),((((19,20),21),(17,18)),(13,((14,15),16)))),((((6,7),(9,8)),(4,5)),((12,11),10))));
Tree Score: 11385.433250335773
Score Improvement: 0.00848587759353947

Step Number: 10
Time Spent: 7.018995782 seconds
New Tree:
Tree: (((0,((1,2),3)),((26,(27,28)),((36,(34,35)),((29,30),((31,32),33))))),((((24,25),(22,23)),((((19,20),21),(17,18)),(13,((14,15),16)))),((((6,7),(9,8)),(4,5)),((12,11),10))));
Tree Score: 11385.433250335773
Score Improvement: 0.0

TOTAL STEPS: 10
TOTAL TIME: 83.177719459 seconds
Final tree: Tree: (((0,((1,2),3)),((26,(27,28)),((36,(34,35)),((29,30),((31,32),33))))),((((24,25),(22,23)),((((19,20),21),(17,18)),(13,((14,15),16)))),((((6,7),(9,8)),(4,5)),((12,11),10))));
Tree Score: 11385.433250335773
Total Score Improvement: 0.487828541995446

--------------ITERATION 7--------------
Input tree: ((0,((((1,2),3),4),(((5,(6,(7,8))),((9,(10,11)),(12,(13,14)))),(15,((16,17),18))))),((((19,20),21),((((22,((23,24),25)),(26,27)),28),29)),((30,((31,32),33)),(34,(35,36)))));
Initial Score: 8945.206275531338

Step Number: 1
Time Spent: 8.704678507 seconds
New Tree:
Tree: ((0,((((1,2),3),4),(((5,(6,(7,8))),(15,((16,17),18))),((9,(10,11)),(12,(13,14)))))),((((19,20),21),((((22,((23,24),25)),(26,27)),28),29)),((30,((31,32),33)),(34,(35,36)))));
Tree Score: 9759.807824884003
Score Improvement: 0.09106570874513209

Step Number: 2
Time Spent: 8.158077086 seconds
New Tree:
Tree: ((0,((((1,2),3),4),(((5,(6,(7,8))),(15,((16,17),18))),((9,(10,11)),(12,(13,14)))))),((((30,((31,32),33)),(34,(35,36))),((((22,((23,24),25)),(26,27)),28),29)),((19,20),21)));
Tree Score: 10514.951524351114
Score Improvement: 0.0773728041592956

Step Number: 3
Time Spent: 7.639249516 seconds
New Tree:
Tree: ((0,((((1,2),3),4),(((5,(6,(7,8))),(15,((16,17),18))),((9,(10,11)),(12,(13,14)))))),((((30,((31,32),33)),(34,(35,36))),((29,28),((22,((23,24),25)),(26,27)))),((19,20),21)));
Tree Score: 11117.996549441918
Score Improvement: 0.05735119403016142

Step Number: 4
Time Spent: 7.030809575 seconds
New Tree:
Tree: ((0,((((1,2),3),4),(((5,(6,(7,8))),(15,((16,17),18))),((9,(10,11)),(12,(13,14)))))),((((30,((31,32),33)),(34,(35,36))),((22,((23,24),25)),((29,28),(26,27)))),((19,20),21)));
Tree Score: 11319.156024349128
Score Improvement: 0.018093140613297587

Step Number: 5
Time Spent: 6.489915791 seconds
New Tree:
Tree: ((0,((((1,2),3),4),(((5,(6,(7,8))),(15,((18,17),16))),((9,(10,11)),(12,(13,14)))))),((((30,((31,32),33)),(34,(35,36))),((22,((23,24),25)),((29,28),(26,27)))),((19,20),21)));
Tree Score: 11342.472374265753
Score Improvement: 0.002059901804204234

Step Number: 6
Time Spent: 5.95755843 seconds
New Tree:
Tree: ((0,((((1,2),3),4),(((5,(8,(7,6))),(15,((18,17),16))),((9,(10,11)),(12,(13,14)))))),((((30,((31,32),33)),(34,(35,36))),((22,((23,24),25)),((29,28),(26,27)))),((19,20),21)));
Tree Score: 11358.458724173457
Score Improvement: 0.001409423746446592

Step Number: 7
Time Spent: 5.416404 seconds
New Tree:
Tree: ((0,((((1,2),3),4),(((5,(8,(7,6))),(15,((18,17),16))),((9,(10,11)),(12,(13,14)))))),((((30,((31,32),33)),(34,(35,36))),((22,((23,24),25)),((29,28),(26,27)))),((19,20),21)));
Tree Score: 11358.458724173457
Score Improvement: 0.0

TOTAL STEPS: 7
TOTAL TIME: 49.396692905 seconds
Final tree: Tree: ((0,((((1,2),3),4),(((5,(8,(7,6))),(15,((18,17),16))),((9,(10,11)),(12,(13,14)))))),((((30,((31,32),33)),(34,(35,36))),((22,((23,24),25)),((29,28),(26,27)))),((19,20),21)));
Tree Score: 11358.458724173457
Total Score Improvement: 0.2697816432968476

--------------ITERATION 8--------------
Input tree: ((0,(1,2)),(((3,4),(((((5,(6,7)),8),(9,10)),11),((((12,13),14),15),(16,17)))),((((((18,19),20),21),22),23),((24,(25,((26,27),28))),((((((29,30),31),32),(33,34)),35),36)))));
Initial Score: 7754.5700991152735

Step Number: 1
Time Spent: 10.527865451 seconds
New Tree:
Tree: ((0,(1,2)),((((((((18,19),20),21),22),23),((24,(25,((26,27),28))),((((((29,30),31),32),(33,34)),35),36))),(((((5,(6,7)),8),(9,10)),11),((((12,13),14),15),(16,17)))),(3,4)));
Tree Score: 9354.834247637798
Score Improvement: 0.20636400574999003

Step Number: 2
Time Spent: 10.137167862 seconds
New Tree:
Tree: ((0,(1,2)),((((((((18,19),20),21),22),23),((24,(25,((26,27),28))),((36,35),((((29,30),31),32),(33,34))))),(((((5,(6,7)),8),(9,10)),11),((((12,13),14),15),(16,17)))),(3,4)));
Tree Score: 9828.100422811167
Score Improvement: 0.05059054630421422

Step Number: 3
Time Spent: 9.477022043 seconds
New Tree:
Tree: ((0,(1,2)),((((((((18,19),20),21),22),23),(((((5,(6,7)),8),(9,10)),11),((((12,13),14),15),(16,17)))),((24,(25,((26,27),28))),((36,35),((((29,30),31),32),(33,34))))),(3,4)));
Tree Score: 10186.960500864345
Score Improvement: 0.03651367635807401

Step Number: 4
Time Spent: 10.117662239 seconds
New Tree:
Tree: ((0,(1,2)),((((36,35),((((29,30),31),32),(33,34))),((24,(25,((26,27),28))),((((((18,19),20),21),22),23),(((((5,(6,7)),8),(9,10)),11),((((12,13),14),15),(16,17)))))),(3,4)));
Tree Score: 10655.830123710584
Score Improvement: 0.04602644947984791

Step Number: 5
Time Spent: 10.536075154 seconds
New Tree:
Tree: ((0,(1,2)),((((36,35),((((29,30),31),32),(33,34))),((24,(25,((26,27),28))),(((((5,(6,7)),8),(9,10)),11),((((((18,19),20),21),22),23),((((12,13),14),15),(16,17)))))),(3,4)));
Tree Score: 11165.981701304041
Score Improvement: 0.047875348205702384

Step Number: 6
Time Spent: 10.05497829 seconds
New Tree:
Tree: ((0,(1,2)),(((((24,(25,((26,27),28))),(((((5,(6,7)),8),(9,10)),11),((((((18,19),20),21),22),23),((((12,13),14),15),(16,17))))),((((29,30),31),32),(33,34))),(36,35)),(3,4)));
Tree Score: 11491.824175929167
Score Improvement: 0.029181713112343077

Step Number: 7
Time Spent: 9.88273006 seconds
New Tree:
Tree: ((0,(1,2)),(((((24,(25,((26,27),28))),(((11,(9,10)),((5,(6,7)),8)),((((((18,19),20),21),22),23),((((12,13),14),15),(16,17))))),((((29,30),31),32),(33,34))),(36,35)),(3,4)));
Tree Score: 11812.259350377815
Score Improvement: 0.027883751921634392

Step Number: 8
Time Spent: 9.833972602 seconds
New Tree:
Tree: ((0,(1,2)),(((((((26,27),28),(25,24)),(((11,(9,10)),((5,(6,7)),8)),((((((18,19),20),21),22),23),((((12,13),14),15),(16,17))))),((((29,30),31),32),(33,34))),(36,35)),(3,4)));
Tree Score: 12107.140051111328
Score Improvement: 0.024963954141768996

Step Number: 9
Time Spent: 9.286356806 seconds
New Tree:
Tree: (((3,4),(1,2)),(((((((26,27),28),(25,24)),(((11,(9,10)),((5,(6,7)),8)),((((((18,19),20),21),22),23),((((12,13),14),15),(16,17))))),((((29,30),31),32),(33,34))),(36,35)),0));
Tree Score: 12172.34677595946
Score Improvement: 0.0053858074303969605

Step Number: 10
Time Spent: 9.278710652 seconds
New Tree:
Tree: (((3,4),(1,2)),(((((((26,27),28),(25,24)),(((11,(9,10)),((5,(6,7)),8)),((((((18,19),20),21),22),23),((((12,13),14),15),(16,17))))),(((32,31),(29,30)),(33,34))),(36,35)),0));
Tree Score: 12224.494776307121
Score Improvement: 0.004284136930000626

Step Number: 11
Time Spent: 8.681463474 seconds
New Tree:
Tree: (((3,4),(1,2)),(((((((26,27),28),(25,24)),(((11,(9,10)),((5,(6,7)),8)),((((((18,19),20),21),22),23),((((14,13),12),15),(16,17))))),(((32,31),(29,30)),(33,34))),(36,35)),0));
Tree Score: 12247.190326532796
Score Improvement: 0.0018565634523941554

Step Number: 12
Time Spent: 8.116802912 seconds
New Tree:
Tree: (((3,4),(1,2)),(((((((26,27),28),(25,24)),(((11,(9,10)),((8,(6,7)),5)),((((((18,19),20),21),22),23),((((14,13),12),15),(16,17))))),(((32,31),(29,30)),(33,34))),(36,35)),0));
Tree Score: 12269.068576561735
Score Improvement: 0.001786389322417925

Step Number: 13
Time Spent: 7.531552092 seconds
New Tree:
Tree: (((3,4),(1,2)),(((((((26,27),28),(25,24)),(((11,(9,10)),((8,(6,7)),5)),((((((18,19),20),22),21),23),((((14,13),12),15),(16,17))))),(((32,31),(29,30)),(33,34))),(36,35)),0));
Tree Score: 12279.689451219496
Score Improvement: 8.656626696219583E-4

Step Number: 14
Time Spent: 6.957433205 seconds
New Tree:
Tree: (((3,4),(1,2)),(((((((26,27),28),(25,24)),(((11,(9,10)),((8,(6,7)),5)),((((((18,19),20),22),21),23),((((14,13),12),15),(16,17))))),(((32,31),(29,30)),(33,34))),(36,35)),0));
Tree Score: 12279.689451219496
Score Improvement: 0.0

TOTAL STEPS: 14
TOTAL TIME: 130.419792842 seconds
Final tree: Tree: (((3,4),(1,2)),(((((((26,27),28),(25,24)),(((11,(9,10)),((8,(6,7)),5)),((((((18,19),20),22),21),23),((((14,13),12),15),(16,17))))),(((32,31),(29,30)),(33,34))),(36,35)),0));
Tree Score: 12279.689451219496
Total Score Improvement: 0.5835422588571992

--------------ITERATION 9--------------
Input tree: ((((0,(1,(2,3))),((4,((5,6),((7,8),(9,10)))),(11,12))),(((13,14),(((15,16),(((17,18),(19,20)),(21,22))),23)),(((24,25),26),27))),((28,(29,30)),(((31,32),(33,34)),(35,36))));
Initial Score: 9201.8604524213

Step Number: 1
Time Spent: 11.189693955 seconds
New Tree:
Tree: ((((((13,14),(((15,16),(((17,18),(19,20)),(21,22))),23)),(((24,25),26),27)),((4,((5,6),((7,8),(9,10)))),(11,12))),(0,(1,(2,3)))),((28,(29,30)),(((31,32),(33,34)),(35,36))));
Tree Score: 10254.945376493648
Score Improvement: 0.11444260967848607

Step Number: 2
Time Spent: 10.834300717 seconds
New Tree:
Tree: ((((((13,14),(((15,16),(((17,18),(19,20)),(21,22))),23)),(((24,25),26),27)),((((7,8),(9,10)),((5,6),4)),(11,12))),(0,(1,(2,3)))),((28,(29,30)),(((31,32),(33,34)),(35,36))));
Tree Score: 10413.60785218529
Score Improvement: 0.015471801152186382

Step Number: 3
Time Spent: 10.27446081 seconds
New Tree:
Tree: ((((((13,14),(((15,16),(((17,18),(19,20)),(21,22))),23)),((27,26),(24,25))),((((7,8),(9,10)),((5,6),4)),(11,12))),(0,(1,(2,3)))),((28,(29,30)),(((31,32),(33,34)),(35,36))));
Tree Score: 10569.029803284357
Score Improvement: 0.014924889942581343

Step Number: 4
Time Spent: 9.695396181 seconds
New Tree:
Tree: ((((((13,14),(((15,16),(((17,18),(19,20)),(21,22))),23)),((27,26),(24,25))),((((7,8),(9,10)),((5,6),4)),(11,12))),(0,(3,(2,1)))),((28,(29,30)),(((31,32),(33,34)),(35,36))));
Tree Score: 10585.874953095714
Score Improvement: 0.0015938217721860326

Step Number: 5
Time Spent: 9.128207226 seconds
New Tree:
Tree: ((((((13,14),(((15,16),(((17,18),(19,20)),(21,22))),23)),((27,26),(24,25))),((((7,8),(9,10)),((5,6),4)),(11,12))),(0,(3,(2,1)))),((28,(29,30)),(((31,32),(33,34)),(35,36))));
Tree Score: 10585.874953095714
Score Improvement: 0.0

TOTAL STEPS: 5
TOTAL TIME: 51.122058889 seconds
Final tree: Tree: ((((((13,14),(((15,16),(((17,18),(19,20)),(21,22))),23)),((27,26),(24,25))),((((7,8),(9,10)),((5,6),4)),(11,12))),(0,(3,(2,1)))),((28,(29,30)),(((31,32),(33,34)),(35,36))));
Tree Score: 10585.874953095714
Total Score Improvement: 0.1504059432144762

--------------ITERATION 10--------------
Input tree: ((((((((((((0,1),(2,3)),4),(5,6)),(7,8)),(9,10)),11),(12,13)),((((14,15),16),17),18)),19),(20,((21,22),23))),((((24,25),26),(27,28)),(((29,30),(31,32)),((33,34),(35,36)))));
Initial Score: 7410.217499897357

Step Number: 1
Time Spent: 11.678520781 seconds
New Tree:
Tree: ((((20,((21,22),23)),19),(((((((((0,1),(2,3)),4),(5,6)),(7,8)),(9,10)),11),(12,13)),((((14,15),16),17),18))),((((24,25),26),(27,28)),(((29,30),(31,32)),((33,34),(35,36)))));
Tree Score: 8631.776197913434
Score Improvement: 0.16484788712787402

Step Number: 2
Time Spent: 11.402521508 seconds
New Tree:
Tree: ((((((((((0,1),(2,3)),4),(5,6)),(7,8)),(9,10)),11),(12,13)),(((20,((21,22),23)),19),((((14,15),16),17),18))),((((24,25),26),(27,28)),(((29,30),(31,32)),((33,34),(35,36)))));
Tree Score: 10621.782774702126
Score Improvement: 0.2305442739896033

Step Number: 3
Time Spent: 11.978356257 seconds
New Tree:
Tree: (((((12,13),11),((((((0,1),(2,3)),4),(5,6)),(7,8)),(9,10))),(((20,((21,22),23)),19),((((14,15),16),17),18))),((((24,25),26),(27,28)),(((29,30),(31,32)),((33,34),(35,36)))));
Tree Score: 11046.632026300449
Score Improvement: 0.039997923193287876

Step Number: 4
Time Spent: 11.226004298 seconds
New Tree:
Tree: (((((12,13),11),(((9,10),(7,8)),((((0,1),(2,3)),4),(5,6)))),(((20,((21,22),23)),19),((((14,15),16),17),18))),((((24,25),26),(27,28)),(((29,30),(31,32)),((33,34),(35,36)))));
Tree Score: 11464.956726126537
Score Improvement: 0.03786898113652337

Step Number: 5
Time Spent: 11.652645424 seconds
New Tree:
Tree: (((((((0,1),(2,3)),4),(5,6)),(((9,10),(7,8)),((12,13),11))),(((20,((21,22),23)),19),((((14,15),16),17),18))),((((24,25),26),(27,28)),(((29,30),(31,32)),((33,34),(35,36)))));
Tree Score: 11856.163599072275
Score Improvement: 0.03412196681512536

Step Number: 6
Time Spent: 11.705693581 seconds
New Tree:
Tree: ((((((20,((21,22),23)),19),((((14,15),16),17),18)),(((9,10),(7,8)),((12,13),11))),((((0,1),(2,3)),4),(5,6))),((((24,25),26),(27,28)),(((29,30),(31,32)),((33,34),(35,36)))));
Tree Score: 12919.96265140433
Score Improvement: 0.08972540260960082

Step Number: 7
Time Spent: 12.32815863 seconds
New Tree:
Tree: ((((((20,((21,22),23)),19),((((14,15),16),17),18)),(((9,10),(7,8)),((12,13),11))),(((5,6),4),((0,1),(2,3)))),((((24,25),26),(27,28)),(((29,30),(31,32)),((33,34),(35,36)))));
Tree Score: 13250.19372592169
Score Improvement: 0.025559754577267668

Step Number: 8
Time Spent: 11.171656326 seconds
New Tree:
Tree: ((((((20,19),((21,22),23)),((((14,15),16),17),18)),(((9,10),(7,8)),((12,13),11))),(((5,6),4),((0,1),(2,3)))),((((24,25),26),(27,28)),(((29,30),(31,32)),((33,34),(35,36)))));
Tree Score: 13399.651900623488
Score Improvement: 0.011279697323172577

Step Number: 9
Time Spent: 10.601687198 seconds
New Tree:
Tree: (((((29,30),(31,32)),((33,34),(35,36))),(((5,6),4),((0,1),(2,3)))),((((24,25),26),(27,28)),((((20,19),((21,22),23)),((((14,15),16),17),18)),(((9,10),(7,8)),((12,13),11)))));
Tree Score: 13499.113750271234
Score Improvement: 0.007422718917281523

Step Number: 10
Time Spent: 10.534834213 seconds
New Tree:
Tree: (((((29,30),(31,32)),((33,34),(35,36))),(((5,6),4),((0,1),(2,3)))),((((24,25),26),(27,28)),((((20,19),((21,22),23)),(((17,16),(14,15)),18)),(((9,10),(7,8)),((12,13),11)))));
Tree Score: 13556.17565012231
Score Improvement: 0.00422708489658663

Step Number: 11
Time Spent: 9.962417149 seconds
New Tree:
Tree: (((((29,30),(31,32)),((33,34),(35,36))),(((5,6),4),((0,1),(2,3)))),((((24,25),26),(27,28)),((((20,19),((21,22),23)),(((17,16),18),(14,15))),(((9,10),(7,8)),((12,13),11)))));
Tree Score: 13557.89420034417
Score Improvement: 1.267724958877725E-4

Step Number: 12
Time Spent: 9.943872472 seconds
New Tree:
Tree: (((((29,30),(31,32)),((33,34),(35,36))),(((5,6),4),((0,1),(2,3)))),((((24,25),26),(27,28)),((((20,19),((21,22),23)),(((17,18),16),(14,15))),(((9,10),(7,8)),((12,13),11)))));
Tree Score: 13573.27302509646
Score Improvement: 0.0011343077711802874

Step Number: 13
Time Spent: 9.374336918 seconds
New Tree:
Tree: (((((29,30),(31,32)),((33,34),(35,36))),(((5,6),4),((0,1),(2,3)))),((((24,25),26),(27,28)),((((20,19),((21,22),23)),(((17,18),16),(14,15))),(((9,10),(7,8)),((12,13),11)))));
Tree Score: 13573.27302509646
Score Improvement: 0.0

TOTAL STEPS: 13
TOTAL TIME: 143.560704755 seconds
Final tree: Tree: (((((29,30),(31,32)),((33,34),(35,36))),(((5,6),4),((0,1),(2,3)))),((((24,25),26),(27,28)),((((20,19),((21,22),23)),(((17,18),16),(14,15))),(((9,10),(7,8)),((12,13),11)))));
Tree Score: 13573.27302509646
Total Score Improvement: 0.8316969812673476

===========================================================
RESULTS FROM 10 ITERATION(S):
AVERAGE TIME PER RUN: 87.46108835 seconds
AVERAGE IMPROVEMENT: 0.40962097413134
BEST Tree: (((((29,30),(31,32)),((33,34),(35,36))),(((5,6),4),((0,1),(2,3)))),((((24,25),26),(27,28)),((((20,19),((21,22),23)),(((17,18),16),(14,15))),(((9,10),(7,8)),((12,13),11)))));
Tree Score: 13573.27302509646
BEST'S IMPROVEMENT :0.8316969812673476
