--------------ITERATION 1--------------
Input tree: (((0,(((((1,(2,3)),4),5),(6,7)),(8,9))),(((10,11),12),(((13,14),15),16))),(((((17,18),19),((20,((21,22),23)),(24,25))),(26,((((27,28),(29,30)),31),32))),((33,(34,35)),36)));
Initial Score: 9691.731750161798

Step Number: 1
Time Spent: 50.062656642 seconds
New Tree:
Tree: (((0,(((((1,(2,3)),4),5),(6,7)),(8,9))),(((10,11),12),(((13,14),15),16))),((((33,(34,35)),36),(26,((((27,28),(29,30)),31),32))),(((17,18),19),((20,((21,22),23)),(24,25)))));
Tree Score: 10750.629698268433
Score Improvement: 0.1092578679851468

Step Number: 2
Time Spent: 49.784008429 seconds
New Tree:
Tree: (((((17,18),19),((20,((21,22),23)),(24,25))),(((10,11),12),(((13,14),15),16))),((((33,(34,35)),36),(26,((((27,28),(29,30)),31),32))),(0,(((((1,(2,3)),4),5),(6,7)),(8,9)))));
Tree Score: 11100.49975206488
Score Improvement: 0.03254414519112303

Step Number: 3
Time Spent: 49.038452517 seconds
New Tree:
Tree: (((((17,18),19),((20,((21,22),23)),(24,25))),(((10,11),12),(((13,14),15),16))),((((33,(34,35)),36),(0,(((((1,(2,3)),4),5),(6,7)),(8,9)))),(26,((((27,28),(29,30)),31),32))));
Tree Score: 11370.940925057108
Score Improvement: 0.0243629727519179

Step Number: 4
Time Spent: 49.675559582 seconds
New Tree:
Tree: (((((17,18),19),((20,((21,22),23)),(24,25))),(((10,11),12),(((13,14),15),16))),((((33,(34,35)),36),(0,(((((1,(2,3)),4),5),(6,7)),(8,9)))),((((27,28),(29,30)),31),(26,32))));
Tree Score: 11707.953724755967
Score Improvement: 0.029638074977262008

Step Number: 5
Time Spent: 49.691367877 seconds
New Tree:
Tree: (((((17,18),19),((20,((21,22),23)),(24,25))),(((10,11),12),(((13,14),15),16))),((((33,(34,35)),36),(0,(((((1,(2,3)),4),5),(6,7)),(8,9)))),(((26,32),31),((27,28),(29,30)))));
Tree Score: 11928.446775060675
Score Improvement: 0.018832757242496

Step Number: 6
Time Spent: 47.705475886 seconds
New Tree:
Tree: (((((17,18),19),((20,((21,22),23)),(24,25))),(((10,11),12),(((13,14),15),16))),((((33,(34,35)),36),(0,((((5,4),(1,(2,3))),(6,7)),(8,9)))),(((26,32),31),((27,28),(29,30)))));
Tree Score: 12121.618674974019
Score Improvement: 0.016194220719265573

Step Number: 7
Time Spent: 43.955121598 seconds
New Tree:
Tree: (((((17,18),19),((20,((21,22),23)),(24,25))),(((10,11),12),(((13,14),15),16))),((((33,(34,35)),36),(0,(((8,9),(6,7)),((5,4),(1,(2,3)))))),(((26,32),31),((27,28),(29,30)))));
Tree Score: 12345.236749570995
Score Improvement: 0.018447872399966814

Step Number: 8
Time Spent: 47.136059063 seconds
New Tree:
Tree: (((((17,18),19),((20,((21,22),23)),(24,25))),(((10,11),12),(((13,14),15),16))),((((33,36),(34,35)),(0,(((8,9),(6,7)),((5,4),(1,(2,3)))))),(((26,32),31),((27,28),(29,30)))));
Tree Score: 12466.073974799543
Score Improvement: 0.009788165887766098

Step Number: 9
Time Spent: 43.510531613 seconds
New Tree:
Tree: (((((17,18),19),((20,((21,22),23)),(24,25))),(((10,11),12),((16,15),(13,14)))),((((33,36),(34,35)),(0,(((8,9),(6,7)),((5,4),(1,(2,3)))))),(((26,32),31),((27,28),(29,30)))));
Tree Score: 12485.681799438029
Score Improvement: 0.001572894936940239

Step Number: 10
Time Spent: 48.792553091 seconds
New Tree:
Tree: (((((17,18),19),(((21,22),(20,23)),(24,25))),(((10,11),12),((16,15),(13,14)))),((((33,36),(34,35)),(0,(((8,9),(6,7)),((5,4),(1,(2,3)))))),(((26,32),31),((27,28),(29,30)))));
Tree Score: 12493.418799335679
Score Improvement: 6.196697963261055E-4

Step Number: 11
Time Spent: 48.754078645 seconds
New Tree:
Tree: (((((17,18),19),(((21,22),(20,23)),(24,25))),(((10,12),11),((16,15),(13,14)))),((((33,36),(34,35)),(0,(((8,9),(6,7)),((5,4),(1,(2,3)))))),(((26,32),31),((27,28),(29,30)))));
Tree Score: 12494.221549580416
Score Improvement: 6.425384897679187E-5

Step Number: 12
Time Spent: 48.781219107 seconds
New Tree:
Tree: (((((17,18),19),(((21,22),(20,23)),(24,25))),(((10,12),11),((16,15),(13,14)))),((((33,36),(34,35)),(0,(((8,9),(6,7)),((5,4),(1,(2,3)))))),(((26,32),31),((27,28),(29,30)))));
Tree Score: 12494.221549580416
Score Improvement: 0.0

TOTAL STEPS: 12
TOTAL TIME: 576.88708405 seconds
Final tree: Tree: (((((17,18),19),(((21,22),(20,23)),(24,25))),(((10,12),11),((16,15),(13,14)))),((((33,36),(34,35)),(0,(((8,9),(6,7)),((5,4),(1,(2,3)))))),(((26,32),31),((27,28),(29,30)))));
Tree Score: 12494.221549580416
Total Score Improvement: 0.2891629557712254

--------------ITERATION 2--------------
Input tree: ((((0,1),(2,(3,4))),5),(6,((7,(((((8,(9,10)),11),12),(13,(14,(15,(16,(17,18)))))),((((19,((20,21),22)),(23,(24,25))),(26,(27,(28,29)))),30))),(((31,(32,33)),(34,35)),36))));
Initial Score: 7693.73982437345

Step Number: 1
Time Spent: 51.259854763 seconds
New Tree:
Tree: ((((0,1),(2,(3,4))),5),(6,(((((31,(32,33)),(34,35)),36),(((((8,(9,10)),11),12),(13,(14,(15,(16,(17,18)))))),((((19,((20,21),22)),(23,(24,25))),(26,(27,(28,29)))),30))),7)));
Tree Score: 10938.645202329906
Score Improvement: 0.42175917720491807

Step Number: 2
Time Spent: 51.870457551 seconds
New Tree:
Tree: ((((0,1),(2,(3,4))),5),(6,(((((31,(32,33)),(34,35)),36),(((((8,(9,10)),11),12),(13,(14,(15,(16,(17,18)))))),((30,(26,(27,(28,29)))),((19,((20,21),22)),(23,(24,25)))))),7)));
Tree Score: 11982.619576449448
Score Improvement: 0.09543909275868812

Step Number: 3
Time Spent: 51.150376246 seconds
New Tree:
Tree: ((((0,1),(2,(3,4))),5),(6,((((36,(34,35)),(31,(32,33))),(((((8,(9,10)),11),12),(13,(14,(15,(16,(17,18)))))),((30,(26,(27,(28,29)))),((19,((20,21),22)),(23,(24,25)))))),7)));
Tree Score: 12371.727051543945
Score Improvement: 0.032472655299784936

Step Number: 4
Time Spent: 50.898993721 seconds
New Tree:
Tree: ((((0,1),(2,(3,4))),5),(6,((((36,(34,35)),(31,(32,33))),(((((8,(9,10)),11),12),(13,(14,(15,(16,(17,18)))))),(((27,(28,29)),(26,30)),((19,((20,21),22)),(23,(24,25)))))),7)));
Tree Score: 12623.188801700191
Score Improvement: 0.020325517133427562

Step Number: 5
Time Spent: 49.716020035 seconds
New Tree:
Tree: ((((0,1),(2,(3,4))),5),(6,((((36,(34,35)),(31,(32,33))),((((12,11),(8,(9,10))),(13,(14,(15,(16,(17,18)))))),(((27,(28,29)),(26,30)),((19,((20,21),22)),(23,(24,25)))))),7)));
Tree Score: 12826.212302038388
Score Improvement: 0.01608337667506432

Step Number: 6
Time Spent: 50.192190572 seconds
New Tree:
Tree: ((((0,1),(2,(3,4))),5),((((36,(34,35)),(31,(32,33))),((((12,11),(8,(9,10))),(13,(14,(15,(16,(17,18)))))),(((27,(28,29)),(26,30)),((19,((20,21),22)),(23,(24,25)))))),(6,7)));
Tree Score: 13002.350327408269
Score Improvement: 0.013732660993135859

Step Number: 7
Time Spent: 37.540786438 seconds
New Tree:
Tree: ((((0,1),5),(2,(3,4))),((((36,(34,35)),(31,(32,33))),((((12,11),(8,(9,10))),(13,(14,(15,(16,(17,18)))))),(((27,(28,29)),(26,30)),((19,((20,21),22)),(23,(24,25)))))),(6,7)));
Tree Score: 13142.700926890459
Score Improvement: 0.010794248420328945

Step Number: 8
Time Spent: 37.423650452 seconds
New Tree:
Tree: ((((0,1),5),(2,(3,4))),((((36,(34,35)),(31,(32,33))),((((12,11),(8,(9,10))),((15,(16,(17,18))),(14,13))),(((27,(28,29)),(26,30)),((19,((20,21),22)),(23,(24,25)))))),(6,7)));
Tree Score: 13229.78597702396
Score Improvement: 0.006626115181189496

Step Number: 9
Time Spent: 37.623884156 seconds
New Tree:
Tree: ((((0,1),5),(2,(3,4))),((((36,(34,35)),(31,(32,33))),((((12,11),(8,(9,10))),((15,(16,(17,18))),(14,13))),(((27,(28,29)),(26,30)),(((20,21),(19,22)),(23,(24,25)))))),(6,7)));
Tree Score: 13313.481276714549
Score Improvement: 0.00632627767644478

Step Number: 10
Time Spent: 37.634216615 seconds
New Tree:
Tree: ((((0,1),5),(2,(3,4))),((((36,(34,35)),(31,(32,33))),((((12,11),(8,(9,10))),((15,(16,(17,18))),(14,13))),(((27,(28,29)),(26,30)),(((20,21),(23,(24,25))),(19,22))))),(6,7)));
Tree Score: 13402.112352175769
Score Improvement: 0.006657242656452178

Step Number: 11
Time Spent: 41.323220782 seconds
New Tree:
Tree: ((((0,1),5),(2,(3,4))),((((36,(34,35)),(31,(32,33))),((((12,11),(8,(9,10))),((15,(14,13)),(16,(17,18)))),(((27,(28,29)),(26,30)),(((20,21),(23,(24,25))),(19,22))))),(6,7)));
Tree Score: 13484.88347770866
Score Improvement: 0.006175976096742142

Step Number: 12
Time Spent: 48.364926085 seconds
New Tree:
Tree: ((((0,1),5),(6,7)),((((36,(34,35)),(31,(32,33))),((((12,11),(8,(9,10))),((15,(14,13)),(16,(17,18)))),(((27,(28,29)),(26,30)),(((20,21),(23,(24,25))),(19,22))))),(2,(3,4))));
Tree Score: 13566.676179336631
Score Improvement: 0.006065510448286737

Step Number: 13
Time Spent: 48.329349914 seconds
New Tree:
Tree: ((((0,1),5),(6,7)),((((36,(34,35)),(31,(32,33))),((((12,11),(8,(9,10))),((17,18),(16,(15,(14,13))))),(((27,(28,29)),(26,30)),(((20,21),(23,(24,25))),(19,22))))),(2,(3,4))));
Tree Score: 13619.158853377347
Score Improvement: 0.0038684990595303503

Step Number: 14
Time Spent: 48.35288468 seconds
New Tree:
Tree: ((((0,1),5),(6,7)),((((36,(34,35)),(31,(32,33))),((((12,11),(8,(9,10))),((17,18),((14,13),(15,16)))),(((27,(28,29)),(26,30)),(((20,21),(23,(24,25))),(19,22))))),(2,(3,4))));
Tree Score: 13685.073153118734
Score Improvement: 0.004839821640309383

Step Number: 15
Time Spent: 48.474917587 seconds
New Tree:
Tree: ((((0,1),5),(6,7)),((((36,(34,35)),(31,(32,33))),((((12,11),(8,(9,10))),((17,18),((14,13),(15,16)))),(((27,(26,30)),(28,29)),(((20,21),(23,(24,25))),(19,22))))),(2,(3,4))));
Tree Score: 13718.401752749589
Score Improvement: 0.0024353979885931576

Step Number: 16
Time Spent: 49.239261782 seconds
New Tree:
Tree: ((((0,1),5),(6,7)),((((36,(34,35)),(31,(32,33))),((((12,11),(8,(9,10))),((17,18),((14,13),(15,16)))),(((27,(26,30)),(28,29)),(((20,21),(25,(24,23))),(19,22))))),(2,(3,4))));
Tree Score: 13733.859377557543
Score Improvement: 0.001126780297483032

Step Number: 17
Time Spent: 49.37952466 seconds
New Tree:
Tree: ((((0,1),5),(6,7)),((((36,(34,35)),(31,(32,33))),((((9,10),(8,(12,11))),((17,18),((14,13),(15,16)))),(((27,(26,30)),(28,29)),(((20,21),(25,(24,23))),(19,22))))),(2,(3,4))));
Tree Score: 13739.137678412852
Score Improvement: 3.8432757393258576E-4

Step Number: 18
Time Spent: 36.586236211 seconds
New Tree:
Tree: ((((0,1),5),(6,7)),((((36,(34,35)),(31,(32,33))),((((9,10),(11,(12,8))),((17,18),((14,13),(15,16)))),(((27,(26,30)),(28,29)),(((20,21),(25,(24,23))),(19,22))))),(2,(3,4))));
Tree Score: 13748.519603414592
Score Improvement: 6.82861269851065E-4

Step Number: 19
Time Spent: 27.680840211 seconds
New Tree:
Tree: ((((0,1),5),(6,7)),((((36,(34,35)),(31,(32,33))),((((9,10),(11,(12,8))),((17,18),((14,13),(15,16)))),(((27,(26,30)),(28,29)),(((20,21),(25,(24,23))),(19,22))))),(3,(2,4))));
Tree Score: 13753.494003105108
Score Improvement: 3.618134776692816E-4

Step Number: 20
Time Spent: 27.663408944 seconds
New Tree:
Tree: ((((0,5),1),(6,7)),((((36,(34,35)),(31,(32,33))),((((9,10),(11,(12,8))),((17,18),((14,13),(15,16)))),(((27,(26,30)),(28,29)),(((20,21),(25,(24,23))),(19,22))))),(3,(2,4))));
Tree Score: 13755.007478043568
Score Improvement: 1.1004294167848983E-4

Step Number: 21
Time Spent: 27.659324207 seconds
New Tree:
Tree: ((((0,5),1),(6,7)),((((36,(34,35)),(31,(32,33))),((((9,10),(11,(12,8))),((17,18),((14,13),(15,16)))),(((27,(26,30)),(28,29)),(((24,23),(25,(20,21))),(19,22))))),(3,(2,4))));
Tree Score: 13755.162577975669
Score Improvement: 1.1275888606165907E-5

Step Number: 22
Time Spent: 27.573572939 seconds
New Tree:
Tree: ((((0,5),1),(6,7)),((((36,(34,35)),(31,(32,33))),((((9,10),(11,(12,8))),((17,18),((14,13),(15,16)))),(((27,(26,30)),(28,29)),(((24,23),(19,22)),(25,(20,21)))))),(3,(2,4))));
Tree Score: 13804.253128435226
Score Improvement: 0.003568881878441843

Step Number: 23
Time Spent: 26.819891064 seconds
New Tree:
Tree: ((((0,5),1),(6,7)),((((36,(34,35)),(31,(32,33))),((((9,10),(11,(12,8))),((17,18),((14,13),(15,16)))),(((27,(26,30)),(28,29)),(((24,23),(19,22)),(20,(25,21)))))),(3,(2,4))));
Tree Score: 13835.500653407766
Score Improvement: 0.0022636157626068076

Step Number: 24
Time Spent: 26.825323249 seconds
New Tree:
Tree: ((((0,5),1),(6,7)),((((36,(34,35)),(31,(32,33))),((((9,10),(11,(12,8))),((17,18),((14,13),(15,16)))),(((26,(27,30)),(28,29)),(((24,23),(19,22)),(20,(25,21)))))),(3,(2,4))));
Tree Score: 13835.645828441015
Score Improvement: 1.0492936749040283E-5

Step Number: 25
Time Spent: 26.832765047 seconds
New Tree:
Tree: ((((0,5),1),(6,7)),((((36,(34,35)),(31,(32,33))),((((12,8),(11,(9,10))),((17,18),((14,13),(15,16)))),(((26,(27,30)),(28,29)),(((24,23),(19,22)),(20,(25,21)))))),(3,(2,4))));
Tree Score: 13835.771477740487
Score Improvement: 9.081563739909981E-6

Step Number: 26
Time Spent: 26.838105111 seconds
New Tree:
Tree: ((((0,5),1),(6,7)),((((36,(34,35)),(31,(32,33))),((((12,8),(11,(9,10))),((17,18),((14,13),(15,16)))),(((26,(27,30)),(28,29)),(((24,23),(19,22)),(20,(25,21)))))),(3,(2,4))));
Tree Score: 13835.771477740487
Score Improvement: 0.0

TOTAL STEPS: 26
TOTAL TIME: 1043.253983022 seconds
Final tree: Tree: ((((0,5),1),(6,7)),((((36,(34,35)),(31,(32,33))),((((12,8),(11,(9,10))),((17,18),((14,13),(15,16)))),(((26,(27,30)),(28,29)),(((24,23),(19,22)),(20,(25,21)))))),(3,(2,4))));
Tree Score: 13835.771477740487
Total Score Improvement: 0.7983154868207702

--------------ITERATION 3--------------
Input tree: (((0,(1,(2,3))),(((((4,5),6),((((7,8),(((9,10),11),(12,13))),14),15)),((16,17),((18,(19,20)),21))),((22,(23,24)),(((25,(26,27)),28),29)))),(((30,(31,32)),((33,34),35)),36));
Initial Score: 11866.06892823748

Step Number: 1
Time Spent: 29.273788658 seconds
New Tree:
Tree: (((0,(1,(2,3))),36),(((30,(31,32)),((33,34),35)),(((((4,5),6),((((7,8),(((9,10),11),(12,13))),14),15)),((16,17),((18,(19,20)),21))),((22,(23,24)),(((25,(26,27)),28),29)))));
Tree Score: 12419.555653930118
Score Improvement: 0.04664448934520471

Step Number: 2
Time Spent: 29.162561943 seconds
New Tree:
Tree: (((0,(1,(2,3))),36),(((30,(31,32)),((33,34),35)),((((((7,8),(((9,10),11),(12,13))),14),(((4,5),6),15)),((16,17),((18,(19,20)),21))),((22,(23,24)),(((25,(26,27)),28),29)))));
Tree Score: 12841.358529153687
Score Improvement: 0.033962799231878504

Step Number: 3
Time Spent: 29.15532946 seconds
New Tree:
Tree: (((0,(1,(2,3))),36),(((30,(31,32)),((33,34),35)),(((((((4,5),6),15),14),((7,8),(((9,10),11),(12,13)))),((16,17),((18,(19,20)),21))),((22,(23,24)),(((25,(26,27)),28),29)))));
Tree Score: 13338.158103638518
Score Improvement: 0.03868746233951392

Step Number: 4
Time Spent: 28.779712701 seconds
New Tree:
Tree: (((0,(1,(2,3))),36),(((30,(31,32)),((33,34),35)),((((((9,10),11),(12,13)),((7,8),((((4,5),6),15),14))),((16,17),((18,(19,20)),21))),((22,(23,24)),(((25,(26,27)),28),29)))));
Tree Score: 13600.90512770618
Score Improvement: 0.019698898605496895

Step Number: 5
Time Spent: 28.125093073 seconds
New Tree:
Tree: (((0,(1,(2,3))),36),(((30,(31,32)),((33,34),35)),((((((9,10),11),(12,13)),((7,8),((((4,5),6),15),14))),((18,(19,20)),((16,17),21))),((22,(23,24)),(((25,(26,27)),28),29)))));
Tree Score: 13848.648077889986
Score Improvement: 0.018215181111669754

Step Number: 6
Time Spent: 28.089729078 seconds
New Tree:
Tree: (((0,(1,(2,3))),36),(((30,(31,32)),((33,34),35)),((((((9,10),11),(12,13)),((7,8),((((4,5),6),15),14))),((18,(19,20)),((16,17),21))),(((25,(26,27)),28),((22,(23,24)),29)))));
Tree Score: 14073.475628073356
Score Improvement: 0.016234620803334376

Step Number: 7
Time Spent: 28.055215053 seconds
New Tree:
Tree: (((0,(1,(2,3))),36),(((30,(31,32)),((33,34),35)),((((((9,10),11),(12,13)),((7,8),((((4,5),6),15),14))),((18,(19,20)),((16,17),21))),(((25,28),(26,27)),((22,(23,24)),29)))));
Tree Score: 14149.680828305922
Score Improvement: 0.005414810260555125

Step Number: 8
Time Spent: 22.866820565 seconds
New Tree:
Tree: (((0,(1,(2,3))),36),(((30,(31,32)),((33,34),35)),((((((9,10),11),(12,13)),((((4,5),6),15),((7,8),14))),((18,(19,20)),((16,17),21))),(((25,28),(26,27)),((22,(23,24)),29)))));
Tree Score: 14224.178578463077
Score Improvement: 0.005264977426778783

Step Number: 9
Time Spent: 18.843209322 seconds
New Tree:
Tree: (((0,(1,(2,3))),36),(((30,(31,32)),((33,34),35)),((((((9,10),11),(12,13)),(((15,6),(4,5)),((7,8),14))),((18,(19,20)),((16,17),21))),(((25,28),(26,27)),((22,(23,24)),29)))));
Tree Score: 14285.337628659487
Score Improvement: 0.0042996542724098585

Step Number: 10
Time Spent: 18.748478979 seconds
New Tree:
Tree: (((0,36),(1,(2,3))),(((30,(31,32)),((33,34),35)),((((((9,10),11),(12,13)),(((15,6),(4,5)),((7,8),14))),((18,(19,20)),((16,17),21))),(((25,28),(26,27)),((22,(23,24)),29)))));
Tree Score: 14328.74010359931
Score Improvement: 0.0030382533523567457

Step Number: 11
Time Spent: 18.674389111 seconds
New Tree:
Tree: (((0,36),(1,(2,3))),(((30,(31,32)),((33,34),35)),((