--------------ITERATION 1--------------
Input tree: (((0,1),((2,3),4)),(((((5,6),(7,(8,9))),(10,11)),((12,13),(14,(((15,(16,17)),(18,19)),(20,(21,22)))))),((23,(24,(25,(26,27)))),(((28,(29,30)),(31,32)),(((33,34),35),36)))));
Initial Score: 10594.871124412064

Step Number: 1
Time Spent: 15.423765271 seconds
New Tree:
Tree: (((0,1),((2,3),4)),(((((5,6),(7,(8,9))),(10,11)),((((15,(16,17)),(18,19)),(20,(21,22))),(14,(12,13)))),((23,(24,(25,(26,27)))),(((28,(29,30)),(31,32)),(((33,34),35),36)))));
Tree Score: 11410.853497564458
Score Improvement: 0.07701673418870159

Step Number: 2
Time Spent: 15.522943945 seconds
New Tree:
Tree: (((0,1),((2,3),4)),(((((15,(16,17)),(18,19)),(20,(21,22))),((((5,6),(7,(8,9))),(10,11)),(14,(12,13)))),((23,(24,(25,(26,27)))),(((28,(29,30)),(31,32)),(((33,34),35),36)))));
Tree Score: 13053.966574741193
Score Improvement: 0.14399563341405108

Step Number: 3
Time Spent: 14.809031442 seconds
New Tree:
Tree: (((0,1),((2,3),4)),((((28,(29,30)),(31,32)),(((33,34),35),36)),((23,(24,(25,(26,27)))),((((15,(16,17)),(18,19)),(20,(21,22))),((((5,6),(7,(8,9))),(10,11)),(14,(12,13)))))));
Tree Score: 13601.789626781145
Score Improvement: 0.041966022274023906

Step Number: 4
Time Spent: 14.860685985 seconds
New Tree:
Tree: (((0,1),((2,3),4)),((((28,(29,30)),(31,32)),(((33,34),35),36)),(((25,(26,27)),(24,23)),((((15,(16,17)),(18,19)),(20,(21,22))),((((5,6),(7,(8,9))),(10,11)),(14,(12,13)))))));
Tree Score: 13963.75000146615
Score Improvement: 0.026611231655305545

Step Number: 5
Time Spent: 14.189898591 seconds
New Tree:
Tree: (((0,1),((2,3),4)),((((((33,34),35),36),(31,32)),(28,(29,30))),(((25,(26,27)),(24,23)),((((15,(16,17)),(18,19)),(20,(21,22))),((((5,6),(7,(8,9))),(10,11)),(14,(12,13)))))));
Tree Score: 14092.082375837737
Score Improvement: 0.009190394726209972

Step Number: 6
Time Spent: 13.532291222 seconds
New Tree:
Tree: (((0,1),((2,3),4)),((((((33,34),35),36),(31,32)),(28,(29,30))),(((25,(26,27)),(24,23)),((((15,(16,17)),(18,19)),(20,(21,22))),((((10,11),(7,(8,9))),(5,6)),(14,(12,13)))))));
Tree Score: 14183.465525781634
Score Improvement: 0.006484715850127554

Step Number: 7
Time Spent: 12.802303282 seconds
New Tree:
Tree: (((0,1),((2,3),4)),(((((36,35),(33,34)),(31,32)),(28,(29,30))),(((25,(26,27)),(24,23)),((((15,(16,17)),(18,19)),(20,(21,22))),((((10,11),(7,(8,9))),(5,6)),(14,(12,13)))))));
Tree Score: 14226.522451043027
Score Improvement: 0.0030357126178455207

Step Number: 8
Time Spent: 12.791987794 seconds
New Tree:
Tree: (((0,1),((2,3),4)),(((((36,35),(33,34)),(31,32)),(28,(29,30))),(((25,(26,27)),(24,23)),((((15,(16,17)),(18,19)),(21,(20,22))),((((10,11),(7,(8,9))),(5,6)),(14,(12,13)))))));
Tree Score: 14244.386976037073
Score Improvement: 0.0012557197344271742

Step Number: 9
Time Spent: 12.119863637 seconds
New Tree:
Tree: (((0,1),((2,4),3)),(((((36,35),(33,34)),(31,32)),(28,(29,30))),(((25,(26,27)),(24,23)),((((15,(16,17)),(18,19)),(21,(20,22))),((((10,11),(7,(8,9))),(5,6)),(14,(12,13)))))));
Tree Score: 14248.224800691838
Score Improvement: 2.6942715479583157E-4

Step Number: 10
Time Spent: 11.426480002 seconds
New Tree:
Tree: (((0,1),((2,4),3)),(((((36,35),(33,34)),(31,32)),(28,(29,30))),(((25,(26,27)),(24,23)),((((15,(16,17)),(18,19)),(21,(20,22))),((((10,11),(7,(8,9))),(5,6)),(14,(12,13)))))));
Tree Score: 14248.224800691838
Score Improvement: 0.0

TOTAL STEPS: 10
TOTAL TIME: 137.479251171 seconds
Final tree: Tree: (((0,1),((2,4),3)),(((((36,35),(33,34)),(31,32)),(28,(29,30))),(((25,(26,27)),(24,23)),((((15,(16,17)),(18,19)),(21,(20,22))),((((10,11),(7,(8,9))),(5,6)),(14,(12,13)))))));
Tree Score: 14248.224800691838
Total Score Improvement: 0.34482285186668626

--------------ITERATION 2--------------
Input tree: (((((0,1),(((2,(3,4)),5),(6,7))),((8,(9,(10,((11,12),13)))),((((14,15),(16,17)),(18,19)),((20,21),22)))),23),(((24,25),26),((27,(28,(29,30))),((31,32),(33,((34,35),36))))));
Initial Score: 10794.236124693525

Step Number: 1
Time Spent: 12.296681583 seconds
New Tree:
Tree: (((((0,1),(((2,(3,4)),5),(6,7))),((8,(9,(10,((11,12),13)))),((((14,15),(16,17)),(18,19)),((20,21),22)))),((27,(28,(29,30))),((31,32),(33,((34,35),36))))),(((24,25),26),23));
Tree Score: 12359.018774331129
Score Improvement: 0.14496464887014238

Step Number: 2
Time Spent: 12.291996489 seconds
New Tree:
Tree: (((27,(28,(29,30))),((((0,1),(((2,(3,4)),5),(6,7))),((8,(9,(10,((11,12),13)))),((((14,15),(16,17)),(18,19)),((20,21),22)))),((31,32),(33,((34,35),36))))),(((24,25),26),23));
Tree Score: 12987.151998853242
Score Improvement: 0.05082387493631013

Step Number: 3
Time Spent: 13.092917543 seconds
New Tree:
Tree: (((27,(28,(29,30))),((((0,1),(((2,(3,4)),5),(6,7))),((31,32),(33,((34,35),36)))),((8,(9,(10,((11,12),13)))),((((14,15),(16,17)),(18,19)),((20,21),22))))),(((24,25),26),23));
Tree Score: 14833.942650636705
Score Improvement: 0.1422013580765462

Step Number: 4
Time Spent: 12.275382156 seconds
New Tree:
Tree: (((27,(28,(29,30))),((((0,1),(((2,(3,4)),5),(6,7))),((31,32),(33,((34,35),36)))),(((10,((11,12),13)),(9,8)),((((14,15),(16,17)),(18,19)),((20,21),22))))),(((24,25),26),23));
Tree Score: 15254.549850615953
Score Improvement: 0.028354376842706364

Step Number: 5
Time Spent: 11.608597644 seconds
New Tree:
Tree: (((27,(30,(29,28))),((((0,1),(((2,(3,4)),5),(6,7))),((31,32),(33,((34,35),36)))),(((10,((11,12),13)),(9,8)),((((14,15),(16,17)),(18,19)),((20,21),22))))),(((24,25),26),23));
Tree Score: 15270.464125651215
Score Improvement: 0.0010432477648378846

Step Number: 6
Time Spent: 10.899591771 seconds
New Tree:
Tree: (((27,(30,(29,28))),((((0,1),(((2,(3,4)),5),(6,7))),((31,32),(33,((36,35),34)))),(((10,((11,12),13)),(9,8)),((((14,15),(16,17)),(18,19)),((20,21),22))))),(((24,25),26),23));
Tree Score: 15284.104950624798
Score Improvement: 8.932816227025242E-4

Step Number: 7
Time Spent: 10.176465666 seconds
New Tree:
Tree: (((27,(30,(29,28))),((((0,1),(((5,(3,4)),2),(6,7))),((31,32),(33,((36,35),34)))),(((10,((11,12),13)),(9,8)),((((14,15),(16,17)),(18,19)),((20,21),22))))),(((24,25),26),23));
Tree Score: 15292.321400952806
Score Improvement: 5.375813863193191E-4

Step Number: 8
Time Spent: 9.44104631 seconds
New Tree:
Tree: (((27,(30,(29,28))),((((0,1),(((3,(5,4)),2),(6,7))),((31,32),(33,((36,35),34)))),(((10,((11,12),13)),(9,8)),((((14,15),(16,17)),(18,19)),((20,21),22))))),(((24,25),26),23));
Tree Score: 15301.574376096298
Score Improvement: 6.050732848785767E-4

Step Number: 9
Time Spent: 9.438737566 seconds
New Tree:
Tree: (((27,(30,(29,28))),((((0,1),(((2,(5,4)),3),(6,7))),((31,32),(33,((36,35),34)))),(((10,((11,12),13)),(9,8)),((((14,15),(16,17)),(18,19)),((20,21),22))))),(((24,25),26),23));
Tree Score: 15306.039425921907
Score Improvement: 2.91803295259907E-4

Step Number: 10
Time Spent: 8.716636243 seconds
New Tree:
Tree: (((27,(30,(29,28))),((((0,1),(((2,(5,4)),3),(6,7))),((31,32),(33,((36,35),34)))),(((10,((13,12),11)),(9,8)),((((14,15),(16,17)),(18,19)),((20,21),22))))),(((24,25),26),23));
Tree Score: 15307.835551013519
Score Improvement: 1.1734747583158622E-4

Step Number: 11
Time Spent: 6.622211386 seconds
New Tree:
Tree: (((27,(30,(29,28))),((((0,1),(((2,(5,4)),3),(6,7))),((31,32),(33,((36,35),34)))),(((10,((13,12),11)),(9,8)),((((14,15),(16,17)),(18,19)),((20,21),22))))),(((24,25),26),23));
Tree Score: 15307.835551013519
Score Improvement: 0.0

TOTAL STEPS: 11
TOTAL TIME: 116.860264357 seconds
Final tree: Tree: (((27,(30,(29,28))),((((0,1),(((2,(5,4)),3),(6,7))),((31,32),(33,((36,35),34)))),(((10,((13,12),11)),(9,8)),((((14,15),(16,17)),(18,19)),((20,21),22))))),(((24,25),26),23));
Tree Score: 15307.835551013519
Total Score Improvement: 0.41814903566862127

--------------ITERATION 3--------------
Input tree: ((((0,1),(((2,3),(4,5)),6)),((7,(8,(9,10))),((11,12),13))),(((14,15),((16,17),((((18,19),(20,((21,22),(23,(24,25))))),26),(((27,28),(29,30)),((31,(32,33)),34))))),(35,36)));
Initial Score: 7977.157298980443

Step Number: 1
Time Spent: 10.53304949 seconds
New Tree:
Tree: ((((0,1),(((2,3),(4,5)),6)),((7,(8,(9,10))),((11,12),13))),(((14,15),((((27,28),(29,30)),((31,(32,33)),34)),((((18,19),(20,((21,22),(23,(24,25))))),26),(16,17)))),(35,36)));
Tree Score: 9107.981673357592
Score Improvement: 0.1417578132152013

Step Number: 2
Time Spent: 11.165403017 seconds
New Tree:
Tree: ((((0,1),(((2,3),(4,5)),6)),(35,36)),(((14,15),((((27,28),(29,30)),((31,(32,33)),34)),((((18,19),(20,((21,22),(23,(24,25))))),26),(16,17)))),((7,(8,(9,10))),((11,12),13))));
Tree Score: 9448.166548216815
Score Improvement: 0.0373501931667608

Step Number: 3
Time Spent: 11.151093166 seconds
New Tree:
Tree: ((((0,1),(((2,3),(4,5)),6)),(35,36)),(((14,15),((7,(8,(9,10))),((11,12),13))),((((27,28),(29,30)),((31,(32,33)),34)),((((18,19),(20,((21,22),(23,(24,25))))),26),(16,17)))));
Tree Score: 9947.655399530011
Score Improvement: 0.052866219997727004

Step Number: 4
Time Spent: 13.965489188 seconds
New Tree:
Tree: ((((0,1),(((2,3),(4,5)),6)),(35,36)),((((27,28),(29,30)),((31,(32,33)),34)),(((14,15),((7,(8,(9,10))),((11,12),13))),((((18,19),(20,((21,22),(23,(24,25))))),26),(16,17)))));
Tree Score: 11867.310802362312
Score Improvement: 0.19297566368483143

Step Number: 5
Time Spent: 13.961713008 seconds
New Tree:
Tree: ((((0,1),(((2,3),(4,5)),6)),(35,36)),((((27,28),(29,30)),((31,(32,33)),34)),(((7,(8,(9,10))),((14,15),((11,12),13))),((((18,19),(20,((21,22),(23,(24,25))))),26),(16,17)))));
Tree Score: 12539.041251535795
Score Improvement: 0.056603426029742776

Step Number: 6
Time Spent: 13.965841537 seconds
New Tree:
Tree: ((((0,1),(35,36)),(((2,3),(4,5)),6)),((((27,28),(29,30)),((31,(32,33)),34)),(((7,(8,(9,10))),((14,15),((11,12),13))),((((18,19),(20,((21,22),(23,(24,25))))),26),(16,17)))));
Tree Score: 12870.476426533247
Score Improvement: 0.026432258124747587

Step Number: 7
Time Spent: 11.944512916 seconds
New Tree:
Tree: ((((0,1),(35,36)),(((2,3),(4,5)),6)),((((27,28),(29,30)),((31,(32,33)),34)),(((7,(8,(9,10))),((14,15),((11,12),13))),((((18,19),((23,(24,25)),((21,22),20))),26),(16,17)))));
Tree Score: 13006.48330204404
Score Improvement: 0.010567353608636143

Step Number: 8
Time Spent: 10.533820188 seconds
New Tree:
Tree: ((((0,1),(35,36)),(((2,3),(4,5)),6)),((((27,28),(29,30)),((31,(32,33)),34)),(((7,(8,(9,10))),((14,15),((11,12),13))),((((23,(24,25)),((18,19),((21,22),20))),26),(16,17)))));
Tree Score: 13219.895278225476
Score Improvement: 0.016408122874220554

Step Number: 9
Time Spent: 11.098815499 seconds
New Tree:
Tree: ((((0,1),(35,36)),(((2,3),(4,5)),6)),((((27,28),(29,30)),((31,(32,33)),34)),(((7,(8,(9,10))),((14,15),((11,12),13))),((((23,(24,25)),26),((18,19),((21,22),20))),(16,17)))));
Tree Score: 13290.383178010534
Score Improvement: 0.005331955987666337

Step Number: 10
Time Spent: 10.497647292 seconds
New Tree:
Tree: ((((0,1),(35,36)),(((2,3),(4,5)),6)),((((27,28),(29,30)),((31,(32,33)),34)),(((7,(8,(9,10))),((14,15),((11,12),13))),((((23,(24,25)),26),((21,22),((18,19),20))),(16,17)))));
Tree Score: 13335.778128145213
Score Improvement: 0.0034156238783082937

Step Number: 11
Time Spent: 9.951609908 seconds
New Tree:
Tree: ((((0,1),(35,36)),(((2,3),(4,5)),6)),((((27,28),(29,30)),((31,(32,33)),34)),(((7,(8,(9,10))),((11,12),((14,15),13))),((((23,(24,25)),26),((21,22),((18,19),20))),(16,17)))));
Tree Score: 13377.930078284766
Score Improvement: 0.0031608166943473126

Step Number: 12
Time Spent: 8.857609966 seconds
New Tree:
Tree: ((((0,1),(35,36)),(((2,3),(4,5)),6)),((((27,28),(29,30)),((31,(32,33)),34)),(((7,(10,(9,8))),((11,12),((14,15),13))),((((23,(24,25)),26),((21,22),((18,19),20))),(16,17)))));
Tree Score: 13395.89050350147
Score Improvement: 0.0013425414179626394

Step Number: 13
Time Spent: 9.437866156 seconds
New Tree:
Tree: ((((0,1),(35,36)),(((2,3),(4,5)),6)),((((27,28),(29,30)),((31,(32,33)),34)),(((7,(10,(9,8))),((11,12),((14,15),13))),((((25,(24,23)),26),((21,22),((18,19),20))),(16,17)))));
Tree Score: 13410.79175352114
Score Improvement: 0.0011123747253514171

Step Number: 14
Time Spent: 9.958661853 seconds
New Tree:
Tree: ((((0,1),(35,36)),(((2,3),(4,5)),6)),((((27,28),(29,30)),((33,(32,31)),34)),(((7,(10,(9,8))),((11,12),((14,15),13))),((((25,(24,23)),26),((21,22),((18,19),20))),(16,17)))));
Tree Score: 13418.649153543587
Score Improvement: 5.859012776321393E-4

Step Number: 15
Time Spent: 9.955846969 seconds
New Tree:
Tree: ((((0,1),(35,36)),(((2,3),(4,5)),6)),((((27,28),(29,30)),((33,(32,31)),34)),(((7,(10,(9,8))),((11,12),((14,15),13))),((((25,(24,23)),26),((21,22),((18,19),20))),(16,17)))));
Tree Score: 13418.649153543587
Score Improvement: 0.0

TOTAL STEPS: 15
TOTAL TIME: 166.978980153 seconds
Final tree: Tree: ((((0,1),(35,36)),(((2,3),(4,5)),6)),((((27,28),(29,30)),((33,(32,31)),34)),(((7,(10,(9,8))),((11,12),((14,15),13))),((((25,(24,23)),26),((21,22),((18,19),20))),(16,17)))));
Tree Score: 13418.649153543587
Total Score Improvement: 0.6821342052837067

--------------ITERATION 4--------------
Input tree: ((((0,(1,((2,3),(4,5)))),6),((7,(((8,(9,10)),((((11,12),13),((14,15),16)),(17,18))),(((19,20),21),(22,23)))),(24,((25,26),(27,28))))),((29,((30,(31,32)),((33,34),35))),36));
Initial Score: 8747.76842500364

Step Number: 1
Time Spent: 13.74190461 seconds
New Tree:
Tree: ((((0,(1,((2,3),(4,5)))),6),((((8,(9,10)),((((11,12),13),((14,15),16)),(17,18))),(7,(((19,20),21),(22,23)))),(24,((25,26),(27,28))))),((29,((30,(31,32)),((33,34),35))),36));
Tree Score: 11108.937048432977
Score Improvement: 0.2699166814567744

Step Number: 2
Time Spent: 13.026048285 seconds
New Tree:
Tree: ((((0,(1,((2,3),(4,5)))),6),((((8,(9,10)),((((11,12),13),((14,15),16)),(17,18))),(7,(((19,20),21),(22,23)))),((27,28),((25,26),24)))),((29,((30,(31,32)),((33,34),35))),36));
Tree Score: 11439.45322316033
Score Improvement: 0.029752277223856982

Step Number: 3
Time Spent: 12.329757227 seconds
New Tree:
Tree: ((((0,(1,((2,3),(4,5)))),6),36),((29,((30,(31,32)),((33,34),35))),((((8,(9,10)),((((11,12),13),((14,15),16)),(17,18))),(7,(((19,20),21),(22,23)))),((27,28),((25,26),24)))));
Tree Score: 11649.926247584146
Score Improvement: 0.01839887102275939

Step Number: 4
Time Spent: 11.565706436 seconds
New Tree:
Tree: ((((0,(1,((2,3),(4,5)))),6),36),((29,((30,(31,32)),((33,34),35))),((((8,(9,10)),((((11,12),13),((14,15),16)),(17,18))),((22,23),(((19,20),21),7))),((27,28),((25,26),24)))));
Tree Score: 11796.28829789636
Score Improvement: 0.012563345655734581

Step Number: 5
Time Spent: 11.582053416 seconds
New Tree:
Tree: ((((0,((4,5),((2,3),1))),6),36),((29,((30,(31,32)),((33,34),35))),((((8,(9,10)),((((11,12),13),((14,15),16)),(17,18))),((22,23),(((19,20),21),7))),((27,28),((25,26),24)))));
Tree Score: 11890.225298245525
Score Improvement: 0.007963267595444856

Step Number: 6
Time Spent: 10.882191793 seconds
New Tree:
Tree: ((((0,((4,5),((2,3),1))),6),36),((29,((30,(31,32)),((33,34),35))),((((8,(9,10)),((((13,12),11),((14,15),16)),(17,18))),((22,23),(((19,20),21),7))),((27,28),((25,26),24)))));
Tree Score: 11897.987198186194
Score Improvement: 6.527967087230913E-4

Step Number: 7
Time Spent: 10.160302089 seconds
New Tree:
Tree: ((((0,((4,5),((2,3),1))),6),36),((29,((30,(31,32)),((35,34),33))),((((8,(9,10)),((((13,12),11),((14,15),16)),(17,18))),((22,23),(((19,20),21),7))),((27,28),((25,26),24)))));
Tree Score: 11898.028323263949
Score Improvement: 3.456473525176307E-6

Step Number: 8
Time Spent: 9.431097838 seconds
New Tree:
Tree: ((((0,((4,5),((2,3),1))),6),36),((29,((30,(31,32)),((35,34),33))),((((8,(9,10)),((((13,12),11),((14,15),16)),(17,18))),((22,23),(((19,20),21),7))),((27,28),((25,26),24)))));
Tree Score: 11898.028323263949
Score Improvement: 0.0

TOTAL STEPS: 8
TOTAL TIME: 92.719061694 seconds
Final tree: Tree: ((((0,((4,5),((2,3),1))),6),36),((29,((30,(31,32)),((35,34),33))),((((8,(9,10)),((((13,12),11),((14,15),16)),(17,18))),((22,23),(((19,20),21),7))),((27,28),((25,26),24)))));
Tree Score: 11898.028323263949
Total Score Improvement: 0.36012154702860655

--------------ITERATION 5--------------
Input tree: ((((((0,1),2),((3,4),((5,6),7))),8),((9,10),((11,12),(13,((14,15),16))))),(((((17,18),19),20),((21,(22,(23,((24,25),26)))),((27,28),(((29,(30,31)),32),33)))),(34,(35,36))));
Initial Score: 8728.086623992553

Step Number: 1
Time Spent: 15.553615792 seconds
New Tree:
Tree: ((((((0,1),2),((3,4),((5,6),7))),8),(34,(35,36))),(((((17,18),19),20),((21,(22,(23,((24,25),26)))),((27,28),(((29,(30,31)),32),33)))),((9,10),((11,12),(13,((14,15),16))))));
Tree Score: 9897.869700883908
Score Improvement: 0.13402514517623487

Step Number: 2
Time Spent: 14.830889808 seconds
New Tree:
Tree: ((((((0,1),2),((3,4),((5,6),7))),8),(34,(35,36))),(((((17,18),19),20),((9,10),((11,12),(13,((14,15),16))))),((21,(22,(23,((24,25),26)))),((27,28),(((29,(30,31)),32),33)))));
Tree Score: 11314.494876913654
Score Improvement: 0.1431242498477463

Step Number: 3
Time Spent: 14.122690882 seconds
New Tree:
Tree: ((((((0,1),2),((3,4),((5,6),7))),8),(34,(35,36))),(((((17,18),19),20),((13,((14,15),16)),((11,12),(9,10)))),((21,(22,(23,((24,25),26)))),((27,28),(((29,(30,31)),32),33)))));
Tree Score: 11514.879252105879
Score Improvement: 0.017710412826390742

Step Number: 4
Time Spent: 13.439826671 seconds
New Tree:
Tree: ((((((0,1),2),((3,4),((5,6),7))),8),(34,(35,36))),(((((17,18),19),20),((13,((14,15),16)),((11,12),(9,10)))),(((23,((24,25),26)),(22,21)),((27,28),(((29,(30,31)),32),33)))));
Tree Score: 11687.988926532955
Score Improvement: 0.015033564020692447

Step Number: 5
Time Spent: 12.842461671 seconds
New Tree:
Tree: ((((((0,1),2),((3,4),((5,6),7))),8),(34,(35,36))),(((((17,18),19),20),((13,((14,15),16)),((11,12),(9,10)))),(((23,((24,25),26)),(22,21)),((27,28),((33,32),(29,(30,31)))))));
Tree Score: 11758.640176843546
Score Improvement: 0.006044773891786148

Step Number: 6
Time Spent: 12.063609695 seconds
New Tree:
Tree: ((((((5,6),7),((3,4),((0,1),2))),8),(34,(35,36))),(((((17,18),19),20),((13,((14,15),16)),((11,12),(9,10)))),(((23,((24,25),26)),(22,21)),((27,28),((33,32),(29,(30,31)))))));
Tree Score: 11778.895877407558
Score Improvement: 0.0017226227063145139

Step Number: 7
Time Spent: 11.279497973 seconds
New Tree:
Tree: ((((((5,6),7),((3,4),((0,1),2))),8),(34,(35,36))),(((((17,18),19),20),((13,((14,15),16)),((11,12),(9,10)))),(((26,((24,25),23)),(22,21)),((27,28),((33,32),(29,(30,31)))))));
Tree Score: 11784.482152533179
Score Improvement: 4.742613555430708E-4

Step Number: 8
Time Spent: 11.293131969 seconds
New Tree:
Tree: ((((((5,6),7),((3,4),((0,1),2))),8),(34,(35,36))),(((((17,18),19),20),((13,((14,15),16)),((11,12),(9,10)))),(((26,((24,23),25)),(22,21)),((27,28),((33,32),(29,(30,31)))))));
Tree Score: 11799.383402552849
Score Improvement: 0.001264480681186786

Step Number: 9
Time Spent: 10.272336168 seconds
New Tree:
Tree: ((((((5,6),7),((3,4),((0,1),2))),8),(34,(35,36))),(((((17,18),19),20),((13,((14,15),16)),((11,12),(9,10)))),(((26,((24,23),25)),(22,21)),((27,28),((33,32),(29,(30,31)))))));
Tree Score: 11799.383402552849
Score Improvement: 0.0

TOTAL STEPS: 9
TOTAL TIME: 115.698060629 seconds
Final tree: Tree: ((((((5,6),7),((3,4),((0,1),2))),8),(34,(35,36))),(((((17,18),19),20),((13,((14,15),16)),((11,12),(9,10)))),(((26,((24,23),25)),(22,21)),((27,28),((33,32),(29,(30,31)))))));
Tree Score: 11799.383402552849
Total Score Improvement: 0.3518866059506831

--------------ITERATION 6--------------
Input tree: ((((0,1),((2,3),4)),((((5,((6,(7,8)),(9,10))),(11,12)),(13,(14,15))),(((16,17),((18,(19,20)),(21,22))),((23,24),((25,26),(27,28)))))),(29,((30,(31,(32,33))),(34,(35,36)))));
Initial Score: 12032.738074222194

Step Number: 1
Time Spent: 14.955171116 seconds
New Tree:
Tree: ((((0,1),((2,3),4)),(((23,24),((25,26),(27,28))),(((16,17),((18,(19,20)),(21,22))),(((5,((6,(7,8)),(9,10))),(11,12)),(13,(14,15)))))),(29,((30,(31,(32,33))),(34,(35,36)))));
Tree Score: 13872.25487743716
Score Improvement: 0.15287599479587888

Step Number: 2
Time Spent: 14.202201341 seconds
New Tree:
Tree: ((((0,1),((2,3),4)),(((23,24),((25,26),(27,28))),(((16,17),((18,(19,20)),(21,22))),(((13,(14,15)),(11,12)),(5,((6,(7,8)),(9,10))))))),(29,((30,(31,(32,33))),(34,(35,36)))));
Tree Score: 14043.804376957261
Score Improvement: 0.012366374539378056

Step Number: 3
Time Spent: 14.071812554 seconds
New Tree:
Tree: ((((0,1),((2,3),4)),(((23,24),((25,26),(27,28))),(((21,22),((18,(19,20)),(16,17))),(((13,(14,15)),(11,12)),(5,((6,(7,8)),(9,10))))))),(29,((30,(31,(32,33))),(34,(35,36)))));
Tree Score: 14117.112251297825
Score Improvement: 0.005219944138558752

Step Number: 4
Time Spent: 13.385829651 seconds
New Tree:
Tree: ((((0,1),((2,3),4)),(((23,24),((25,26),(27,28))),(((21,22),((20,(19,18)),(16,17))),(((13,(14,15)),(11,12)),(5,((6,(7,8)),(9,10))))))),(29,((30,(31,(32,33))),(34,(35,36)))));
Tree Score: 14136.817326487297
Score Improvement: 0.0013958290363285109

Step Number: 5
Time Spent: 12.700977478 seconds
New Tree:
Tree: ((((0,1),((2,3),4)),(((23,24),((25,26),(27,28))),(((21,22),((20,(19,18)),(16,17))),(((13,(14,15)),(11,12)),(5,((6,(7,8)),(9,10))))))),(29,((30,(33,(32,31))),(34,(35,36)))));
Tree Score: 14149.87100141614
Score Improvement: 9.233814533620155E-4

Step Number: 6
Time Spent: 11.996389765 seconds
New Tree:
Tree: ((((0,1),((2,4),3)),(((23,24),((25,26),(27,28))),(((21,22),((20,(19,18)),(16,17))),(((13,(14,15)),(11,12)),(5,((6,(7,8)),(9,10))))))),(29,((30,(33,(32,31))),(34,(35,36)))));
Tree Score: 14153.708826070906
Score Improvement: 2.712268298687981E-4

Step Number: 7
Time Spent: 11.316387091 seconds
New Tree:
Tree: ((((0,1),((2,4),3)),(((23,24),((25,26),(27,28))),(((21,22),((20,(19,18)),(16,17))),(((13,(14,15)),(11,12)),(5,((6,(7,8)),(9,10))))))),(29,((30,(33,(32,31))),(34,(35,36)))));
Tree Score: 14153.708826070906
Score Improvement: 0.0

TOTAL STEPS: 7
TOTAL TIME: 92.628768996 seconds
Final tree: Tree: ((((0,1),((2,4),3)),(((23,24),((25,26),(27,28))),(((21,22),((20,(19,18)),(16,17))),(((13,(14,15)),(11,12)),(5,((6,(7,8)),(9,10))))))),(29,((30,(33,(32,31))),(34,(35,36)))));
Tree Score: 14153.708826070906
Total Score Improvement: 0.17626667669202245

--------------ITERATION 7--------------
Input tree: (((0,1),((((2,3),(4,(5,6))),(7,(8,(9,10)))),(11,((12,13),14)))),((15,((16,(17,18)),((19,20),(21,22)))),(((23,(24,25)),26),(((27,28),29),((30,((31,32),33)),((34,35),36))))));
Initial Score: 9074.331675196467

Step Number: 1
Time Spent: 11.195340693 seconds
New Tree:
Tree: (((0,1),((((2,3),(4,(5,6))),(7,(8,(9,10)))),(11,((12,13),14)))),((15,((16,(17,18)),((19,20),(21,22)))),(((30,((31,32),33)),((34,35),36)),(((27,28),29),((23,(24,25)),26)))));
Tree Score: 10355.54015081381
Score Improvement: 0.14119039522429655

Step Number: 2
Time Spent: 11.236350657 seconds
New Tree:
Tree: (((0,1),(((11,((12,13),14)),(7,(8,(9,10)))),((2,3),(4,(5,6))))),((15,((16,(17,18)),((19,20),(21,22)))),(((30,((31,32),33)),((34,35),36)),(((27,28),29),((23,(24,25)),26)))));
Tree Score: 11040.888825896072
Score Improvement: 0.06618183746102346

Step Number: 3
Time Spent: 11.890268727 seconds
New Tree:
Tree: ((((11,((12,13),14)),(7,(8,(9,10)))),((0,1),((2,3),(4,(5,6))))),((15,((16,(17,18)),((19,20),(21,22)))),(((30,((31,32),33)),((34,35),36)),(((27,28),29),((23,(24,25)),26)))));
Tree Score: 11339.996850894328
Score Improvement: 0.027090937126067915

Step Number: 4
Time Spent: 11.893938189 seconds
New Tree:
Tree: (((((30,((31,32),33)),((34,35),36)),(((27,28),29),((23,(24,25)),26))),((0,1),((2,3),(4,(5,6))))),((15,((16,(17,18)),((19,20),(21,22)))),((11,((12,13),14)),(7,(8,(9,10))))));
Tree Score: 12730.298176708893
Score Improvement: 0.12260156189592952

Step Number: 5
Time Spent: 13.382280178 seconds
New Tree:
Tree: (((((30,((31,32),33)),((34,35),36)),((0,1),((2,3),(4,(5,6))))),(((27,28),29),((23,(24,25)),26))),((15,((16,(17,18)),((19,20),(21,22)))),((11,((12,13),14)),(7,(8,(9,10))))));
Tree Score: 14266.153202579735
Score Improvement: 0.12064564431654978

Step Number: 6
Time Spent: 13.402607482 seconds
New Tree:
Tree: (((((30,((31,32),33)),((34,35),36)),((0,1),((2,3),(4,(5,6))))),(((27,28),29),((23,(24,25)),26))),((15,((11,((12,13),14)),(7,(8,(9,10))))),((16,(17,18)),((19,20),(21,22)))));
Tree Score: 14739.563377791463
Score Improvement: 0.03318415051971546

Step Number: 7
Time Spent: 12.716935374 seconds
New Tree:
Tree: (((((30,((31,32),33)),((34,35),36)),((4,(5,6)),((2,3),(0,1)))),(((27,28),29),((23,(24,25)),26))),((15,((11,((12,13),14)),(7,(8,(9,10))))),((16,(17,18)),((19,20),(21,22)))));
Tree Score: 14850.09617785224
Score Improvement: 0.007499055245240083

Step Number: 8
Time Spent: 12.581984133 seconds
New Tree:
Tree: (((((30,((31,32),33)),((34,35),36)),((4,(5,6)),((2,3),(0,1)))),((23,(24,25)),(((27,28),29),26))),((15,((11,((12,13),14)),(7,(8,(9,10))))),((16,(17,18)),((19,20),(21,22)))));
Tree Score: 14910.190353207749
Score Improvement: 0.004046719606108251

Step Number: 9
Time Spent: 12.434307045 seconds
New Tree:
Tree: (((((30,((31,32),33)),((34,35),36)),((4,(5,6)),((2,3),(0,1)))),((23,(24,25)),(((27,28),29),26))),((15,(7,((11,((12,13),14)),(8,(9,10))))),((16,(17,18)),((19,20),(21,22)))));
Tree Score: 14935.97337848087
Score Improvement: 0.0017292217377744556

Step Number: 10
Time Spent: 12.446052044 seconds
New Tree:
Tree: (((((30,((31,32),33)),((34,35),36)),((4,(5,6)),((2,3),(0,1)))),((23,(24,25)),(((27,28),29),26))),((15,(7,((11,((14,13),12)),(8,(9,10))))),((16,(17,18)),((19,20),(21,22)))));
Tree Score: 14949.67470371117
Score Improvement: 9.173372824859971E-4

Step Number: 11
Time Spent: 11.760347248 seconds
New Tree:
Tree: (((((30,((31,32),33)),((34,35),36)),((4,(5,6)),((2,3),(0,1)))),((25,(24,23)),(((27,28),29),26))),((15,(7,((11,((14,13),12)),(8,(9,10))))),((16,(17,18)),((19,20),(21,22)))));
Tree Score: 14952.392228850622
Score Improvement: 1.817782121222855E-4

Step Number: 12
Time Spent: 11.064634337 seconds
New Tree:
Tree: (((((30,((31,32),33)),((34,35),36)),((4,(5,6)),((2,3),(0,1)))),((25,(24,23)),(((29,28),27),26))),((15,(7,((11,((14,13),12)),(8,(9,10))))),((16,(17,18)),((19,20),(21,22)))));
Tree Score: 14953.067228911437
Score Improvement: 4.514328212401608E-5

Step Number: 13
Time Spent: 10.379214703 seconds
New Tree:
Tree: (((((30,((31,32),33)),((34,35),36)),((4,(5,6)),((2,3),(0,1)))),((25,(24,23)),((26,27),(29,28)))),((15,(7,((11,((14,13),12)),(8,(9,10))))),((16,(17,18)),((19,20),(21,22)))));
Tree Score: 15008.355804025188
Score Improvement: 0.0036974738538493312

Step Number: 14
Time Spent: 10.355067848 seconds
New Tree:
Tree: (((((30,((31,32),33)),((34,35),36)),((4,(5,6)),((2,3),(0,1)))),((25,(24,23)),((26,27),(29,28)))),((15,(7,((11,((14,13),12)),(8,(9,10))))),((16,(17,18)),((19,20),(21,22)))));
Tree Score: 15008.355804025188
Score Improvement: 0.0

TOTAL STEPS: 14
TOTAL TIME: 166.739328658 seconds
Final tree: Tree: (((((30,((31,32),33)),((34,35),36)),((4,(5,6)),((2,3),(0,1)))),((25,(24,23)),((26,27),(29,28)))),((15,(7,((11,((14,13),12)),(8,(9,10))))),((16,(17,18)),((19,20),(21,22)))));
Tree Score: 15008.355804025188
Total Score Improvement: 0.653935115138961

--------------ITERATION 8--------------
Input tree: (((((0,(1,2)),3),(4,(5,6))),((((7,((8,9),10)),11),(12,13)),((14,15),((((16,17),18),19),((20,21),22))))),((((23,(24,25)),26),(27,28)),((29,((30,31),32)),(33,(34,(35,36))))));
Initial Score: 12573.660475828066

Step Number: 1
Time Spent: 13.892571744 seconds
New Tree:
Tree: (((((0,(1,2)),3),(4,(5,6))),(((((16,17),18),19),((20,21),22)),((14,15),(((7,((8,9),10)),11),(12,13))))),((((23,(24,25)),26),(27,28)),((29,((30,31),32)),(33,(34,(35,36))))));
Tree Score: 13642.749128035117
Score Improvement: 0.08502604744754283

Step Number: 2
Time Spent: 13.903129861 seconds
New Tree:
Tree: (((((0,(1,2)),3),(4,(5,6))),((29,((30,31),32)),(33,(34,(35,36))))),((((23,(24,25)),26),(27,28)),(((((16,17),18),19),((20,21),22)),((14,15),(((7,((8,9),10)),11),(12,13))))));
Tree Score: 14325.313677648279
Score Improvement: 0.050031305509424584

Step Number: 3
Time Spent: 13.170171221 seconds
New Tree:
Tree: (((((0,(1,2)),3),(4,(5,6))),((29,((30,31),32)),(33,(34,(35,36))))),((((23,(24,25)),26),(27,28)),(((((16,17),18),19),((20,21),22)),(((7,((8,9),10)),11),((14,15),(12,13))))));
Tree Score: 14881.854651713824
Score Improvement: 0.0388501771471792

Step Number: 4
Time Spent: 13.167937417 seconds
New Tree:
Tree: (((((0,(1,2)),3),(4,(5,6))),((29,((30,31),32)),(33,(34,(35,36))))),((((27,28),26),(23,(24,25))),(((((16,17),18),19),((20,21),22)),(((7,((8,9),10)),11),((14,15),(12,13))))));
Tree Score: 15121.268352193838
Score Improvement: 0.016087625237788616

Step Number: 5
Time Spent: 12.456243144 seconds
New Tree:
Tree: (((((0,(1,2)),3),(4,(5,6))),((29,((30,31),32)),(33,(34,(35,36))))),((((27,28),26),(23,(24,25))),((((19,18),(16,17)),((20,21),22)),(((7,((8,9),10)),11),((14,15),(12,13))))));
Tree Score: 15153.83822697444
Score Improvement: 0.002153911564956479

Step Number: 6
Time Spent: 11.743705957 seconds
New Tree:
Tree: (((((0,(1,2)),3),(4,(5,6))),((29,((30,31),32)),(33,(34,(35,36))))),((((27,28),26),(25,(24,23))),((((19,18),(16,17)),((20,21),22)),(((7,((8,9),10)),11),((14,15),(12,13))))));
Tree Score: 15160.132052138877
Score Improvement: 4.1532878140637663E-4

Step Number: 7
Time Spent: 11.060484786 seconds
New Tree:
Tree: (((((0,(1,2)),3),(4,(5,6))),((29,((32,31),30)),(33,(34,(35,36))))),((((27,28),26),(25,(24,23))),((((19,18),(16,17)),((20,21),22)),(((7,((8,9),10)),11),((14,15),(12,13))))));
Tree Score: 15162.767077087854
Score Improvement: 1.7381279661110582E-4

Step Number: 8
Time Spent: 11.062083245 seconds
New Tree:
Tree: (((((0,(1,2)),3),(4,(5,6))),(((32,31),(29,30)),(33,(34,(35,36))))),((((27,28),26),(25,(24,23))),((((19,18),(16,17)),((20,21),22)),(((7,((8,9),10)),11),((14,15),(12,13))))));
Tree Score: 15177.206202513968
Score Improvement: 9.522750928445678E-4

Step Number: 9
Time Spent: 10.28763106 seconds
New Tree:
Tree: (((((0,(1,2)),3),(4,(5,6))),(((32,31),(29,30)),(33,(34,(35,36))))),((((27,28),26),(25,(24,23))),((((19,18),(16,17)),((20,22),21)),(((7,((8,9),10)),11),((14,15),(12,13))))));
Tree Score: 15178.270352322106
Score Improvement: 7.011499968689883E-5

Step Number: 10
Time Spent: 7.741559314 seconds
New Tree:
Tree: (((((0,(1,2)),3),(4,(5,6))),(((32,31),(29,30)),(33,(34,(35,36))))),((((27,28),26),(25,(24,23))),((((19,18),(16,17)),((20,22),21)),(((7,((8,9),10)),11),((14,15),(12,13))))));
Tree Score: 15178.270352322106
Score Improvement: 0.0

TOTAL STEPS: 10
TOTAL TIME: 118.485517749 seconds
Final tree: Tree: (((((0,(1,2)),3),(4,(5,6))),(((32,31),(29,30)),(33,(34,(35,36))))),((((27,28),26),(25,(24,23))),((((19,18),(16,17)),((20,22),21)),(((7,((8,9),10)),11),((14,15),(12,13))))));
Tree Score: 15178.270352322106
Total Score Improvement: 0.20714809991101713

--------------ITERATION 9--------------
Input tree: (((0,(1,2)),(3,4)),((((5,6),(7,(8,9))),(10,((11,(12,13)),((14,15),((16,17),(18,19)))))),(((20,(21,22)),(23,(((24,25),26),27))),((28,(29,30)),(31,(32,(33,(34,(35,36)))))))));
Initial Score: 9183.78174845054

Step Number: 1
Time Spent: 9.817844504 seconds
New Tree:
Tree: (((0,(1,2)),(3,4)),(((28,(29,30)),(31,(32,(33,(34,(35,36)))))),(((20,(21,22)),(23,(((24,25),26),27))),(((5,6),(7,(8,9))),(10,((11,(12,13)),((14,15),((16,17),(18,19)))))))));
Tree Score: 10578.08840130554
Score Improvement: 0.15182271215125986

Step Number: 2
Time Spent: 9.85368314 seconds
New Tree:
Tree: (((0,(1,2)),(3,4)),(((28,(29,30)),(31,(32,(33,(34,(35,36)))))),(((20,(21,22)),(23,(((24,25),26),27))),(((5,6),(7,(8,9))),(((14,15),((16,17),(18,19))),((11,(12,13)),10))))));
Tree Score: 11165.273701606602
Score Improvement: 0.05550958528845262

Step Number: 3
Time Spent: 9.361795938 seconds
New Tree:
Tree: (((0,(1,2)),(3,4)),(((28,(29,30)),((33,(34,(35,36))),(32,31))),(((20,(21,22)),(23,(((24,25),26),27))),(((5,6),(7,(8,9))),(((14,15),((16,17),(18,19))),((11,(12,13)),10))))));
Tree Score: 11428.98690088308
Score Improvement: 0.02361905371281048

Step Number: 4
Time Spent: 8.84799778 seconds
New Tree:
Tree: (((0,(1,2)),(3,4)),(((28,(29,30)),((33,(34,(35,36))),(32,31))),(((20,(21,22)),(23,(((24,25),26),27))),(((5,6),(7,(8,9))),(((14,15),((11,(12,13)),10)),((16,17),(18,19)))))));
Tree Score: 11605.276777240455
Score Improvement: 0.015424803430630796

Step Number: 5
Time Spent: 9.43815956 seconds
New Tree:
Tree: (((0,(1,2)),(3,4)),(((28,(29,30)),((33,(34,(35,36))),(32,31))),(((20,(21,22)),(23,((27,26),(24,25)))),(((5,6),(7,(8,9))),(((14,15),((11,(12,13)),10)),((16,17),(18,19)))))));
Tree Score: 11665.108053007869
Score Improvement: 0.005155523380946159

Step Number: 6
Time Spent: 8.888381267 seconds
New Tree:
Tree: (((0,(1,2)),(3,4)),(((28,(29,30)),((33,(34,(35,36))),(32,31))),(((20,(21,22)),((27,26),(23,(24,25)))),(((5,6),(7,(8,9))),(((14,15),((11,(12,13)),10)),((16,17),(18,19)))))));
Tree Score: 11847.640178095324
Score Improvement: 0.015647701183564067

Step Number: 7
Time Spent: 8.887359559 seconds
New Tree:
Tree: (((0,(1,2)),(3,4)),(((28,(29,30)),((33,(34,(35,36))),(32,31))),(((20,(21,22)),((27,26),(25,(24,23)))),(((5,6),(7,(8,9))),(((14,15),((11,(12,13)),10)),((16,17),(18,19)))))));
Tree Score: 11857.539228286369
Score Improvement: 8.355292735295894E-4

Step Number: 8
Time Spent: 8.33746973 seconds
New Tree:
Tree: (((0,(1,2)),(3,4)),(((28,(29,30)),((33,(34,(35,36))),(32,31))),(((21,(20,22)),((27,26),(25,(24,23)))),(((5,6),(7,(8,9))),(((14,15),((11,(12,13)),10)),((16,17),(18,19)))))));
Tree Score: 11859.41642800696
Score Improvement: 1.58312756504575E-4

Step Number: 9
Time Spent: 7.79631935 seconds
New Tree:
Tree: (((0,(1,2)),(3,4)),(((28,(29,30)),((33,(34,(35,36))),(32,31))),(((21,(20,22)),((27,26),(25,(24,23)))),(((16,17),(18,19)),(((14,15),((11,(12,13)),10)),((5,6),(7,(8,9))))))));
Tree Score: 11860.20040217555
Score Improvement: 6.610562782305429E-5

Step Number: 10
Time Spent: 7.220568552 seconds
New Tree:
Tree: (((0,(1,2)),(3,4)),(((28,(29,30)),((33,(34,(35,36))),(32,31))),(((21,(20,22)),((27,26),(25,(24,23)))),(((16,17),(18,19)),(((14,15),((11,(12,13)),10)),((5,6),(7,(8,9))))))));
Tree Score: 11860.20040217555
Score Improvement: 0.0

TOTAL STEPS: 10
TOTAL TIME: 88.44957938 seconds
Final tree: Tree: (((0,(1,2)),(3,4)),(((28,(29,30)),((33,(34,(35,36))),(32,31))),(((21,(20,22)),((27,26),(25,(24,23)))),(((16,17),(18,19)),(((14,15),((11,(12,13)),10)),((5,6),(7,(8,9))))))));
Tree Score: 11860.20040217555
Total Score Improvement: 0.29142881734712045

--------------ITERATION 10--------------
Input tree: ((((0,(1,2)),((3,4),(5,6))),(7,((8,9),(10,11)))),((((12,(13,14)),(15,16)),(((17,18),((19,20),21)),(22,23))),((24,((25,26),((27,28),29))),((30,31),(((32,33),(34,35)),36)))));
Initial Score: 11055.699052989916

Step Number: 1
Time Spent: 8.853694314 seconds
New Tree:
Tree: ((((0,(1,2)),((3,4),(5,6))),(7,((8,9),(10,11)))),((((12,(13,14)),(15,16)),(((17,18),((19,20),21)),(22,23))),((((27,28),29),((25,26),24)),((30,31),(((32,33),(34,35)),36)))));
Tree Score: 11539.26705342784
Score Improvement: 0.04373925141415169

Step Number: 2
Time Spent: 8.324574375 seconds
New Tree:
Tree: ((((0,(1,2)),((3,4),(5,6))),(7,((8,9),(10,11)))),((((12,(13,14)),(15,16)),(((17,18),((19,20),21)),(22,23))),((((27,28),29),((25,26),24)),((30,31),((36,(34,35)),(32,33))))));
Tree Score: 11608.533953846167
Score Improvement: 0.006002712312455749

Step Number: 3
Time Spent: 8.307435255 seconds
New Tree:
Tree: ((((0,(1,2)),((3,4),(5,6))),(7,((8,9),(10,11)))),((((12,(13,14)),(15,16)),(((17,18),((19,20),21)),(22,23))),((((27,28),29),((25,26),24)),((30,31),((36,(34,35)),(32,33))))));
Tree Score: 11608.533953846167
Score Improvement: 0.0

TOTAL STEPS: 3
TOTAL TIME: 25.485703944 seconds
Final tree: Tree: ((((0,(1,2)),((3,4),(5,6))),(7,((8,9),(10,11)))),((((12,(13,14)),(15,16)),(((17,18),((19,20),21)),(22,23))),((((27,28),29),((25,26),24)),((30,31),((36,(34,35)),(32,33))))));
Tree Score: 11608.533953846167
Total Score Improvement: 0.05000451786960869

===========================================================
RESULTS FROM 10 ITERATION(S):
AVERAGE TIME PER RUN: 112.152451673 seconds
AVERAGE IMPROVEMENT: 0.35358974727570336
BEST Tree: (((27,(30,(29,28))),((((0,1),(((2,(5,4)),3),(6,7))),((31,32),(33,((36,35),34)))),(((10,((13,12),11)),(9,8)),((((14,15),(16,17)),(18,19)),((20,21),22))))),(((24,25),26),23));
Tree Score: 15307.835551013519
BEST'S IMPROVEMENT :0.41814903566862127
