--------------ITERATION 1--------------
Input tree: ((((0,(1,2)),(((3,4),5),(6,7))),((8,(9,10)),((((11,12),((13,14),15)),(((16,17),18),(19,20))),(21,22)))),((((23,24),25),(((26,27),(28,29)),(30,31))),((32,33),(34,(35,36)))));
Initial Score: 11572.888899612008

Step Number: 1
Time Spent: 37.336199458 seconds
New Tree:
Tree: ((((0,(1,2)),(((3,4),5),(6,7))),((32,33),(34,(35,36)))),((((23,24),25),(((26,27),(28,29)),(30,31))),((8,(9,10)),((((11,12),((13,14),15)),(((16,17),18),(19,20))),(21,22)))));
Tree Score: 12990.803253305494
Score Improvement: 0.1225203461290485

Step Number: 2
Time Spent: 37.073645609 seconds
New Tree:
Tree: ((((0,(1,2)),(((3,4),5),(6,7))),((32,33),(34,(35,36)))),((((23,24),25),(((26,27),(28,29)),(30,31))),((((11,12),((13,14),15)),(((16,17),18),(19,20))),((8,(9,10)),(21,22)))));
Tree Score: 13792.979079292505
Score Improvement: 0.0617495169733171

Step Number: 3
Time Spent: 37.005491481 seconds
New Tree:
Tree: ((((0,(1,2)),(((3,4),5),(6,7))),((32,33),(34,(35,36)))),((((23,24),25),(((26,27),(28,29)),(30,31))),((((11,12),((13,14),15)),((8,(9,10)),(21,22))),(((16,17),18),(19,20)))));
Tree Score: 14569.417704427033
Score Improvement: 0.056292307895993376

Step Number: 4
Time Spent: 37.026614908 seconds
New Tree:
Tree: ((((6,7),(((3,4),5),(0,(1,2)))),((32,33),(34,(35,36)))),((((23,24),25),(((26,27),(28,29)),(30,31))),((((11,12),((13,14),15)),((8,(9,10)),(21,22))),(((16,17),18),(19,20)))));
Tree Score: 14704.221030782326
Score Improvement: 0.00925248552070368

Step Number: 5
Time Spent: 37.042264105 seconds
New Tree:
Tree: ((((6,7),(((3,4),5),(0,(1,2)))),((32,33),(34,(35,36)))),((((26,27),(28,29)),(((23,24),25),(30,31))),((((11,12),((13,14),15)),((8,(9,10)),(21,22))),(((16,17),18),(19,20)))));
Tree Score: 14762.134056278854
Score Improvement: 0.003938530669206575

Step Number: 6
Time Spent: 36.998298807 seconds
New Tree:
Tree: ((((6,7),(((3,4),5),(0,(1,2)))),((32,33),(34,(35,36)))),((((26,27),(28,29)),(((30,31),25),(23,24))),((((11,12),((13,14),15)),((8,(9,10)),(21,22))),(((16,17),18),(19,20)))));
Tree Score: 14854.9110313555
Score Improvement: 0.006284794239298064

Step Number: 7
Time Spent: 37.051378322 seconds
New Tree:
Tree: ((((6,7),(((3,4),5),(0,(1,2)))),((32,33),(34,(35,36)))),((((26,27),(28,29)),(((30,31),25),(23,24))),((((13,14),((11,12),15)),((8,(9,10)),(21,22))),(((16,17),18),(19,20)))));
Tree Score: 14893.006581721245
Score Improvement: 0.002564508820371625

Step Number: 8
Time Spent: 37.037459443 seconds
New Tree:
Tree: ((((6,7),(((3,4),5),(1,(0,2)))),((32,33),(34,(35,36)))),((((26,27),(28,29)),(((30,31),25),(23,24))),((((13,14),((11,12),15)),((8,(9,10)),(21,22))),(((16,17),18),(19,20)))));
Tree Score: 14930.307181350305
Score Improvement: 0.0025045714862463875

Step Number: 9
Time Spent: 37.011765254 seconds
New Tree:
Tree: ((((6,7),(((3,4),5),(1,(0,2)))),((35,36),(34,(32,33)))),((((26,27),(28,29)),(((30,31),25),(23,24))),((((13,14),((11,12),15)),((8,(9,10)),(21,22))),(((16,17),18),(19,20)))));
Tree Score: 14952.601806522696
Score Improvement: 0.0014932462474877006

Step Number: 10
Time Spent: 36.978052517 seconds
New Tree:
Tree: ((((6,7),(((3,4),5),(1,(0,2)))),((35,36),(34,(32,33)))),((((26,27),(28,29)),(((30,25),31),(23,24))),((((13,14),((11,12),15)),((8,(9,10)),(21,22))),(((16,17),18),(19,20)))));
Tree Score: 14972.074031441822
Score Improvement: 0.001302263323205155

Step Number: 11
Time Spent: 36.993375556 seconds
New Tree:
Tree: ((((6,7),(((3,4),5),(1,(0,2)))),((35,36),(34,(32,33)))),((((26,27),(28,29)),(((30,25),31),(23,24))),((((13,14),((11,12),15)),((8,(21,22)),(9,10))),(((16,17),18),(19,20)))));
Tree Score: 14990.104356445256
Score Improvement: 0.0012042636822107156

Step Number: 12
Time Spent: 37.014872423 seconds
New Tree:
Tree: ((((6,7),(((3,4),5),(1,(0,2)))),((35,36),(34,(32,33)))),((((26,27),(28,29)),(((30,25),31),(23,24))),((((13,14),((11,12),15)),((22,(21,8)),(9,10))),(((16,17),18),(19,20)))));
Tree Score: 15009.89918142173
Score Improvement: 0.0013205261621787034

Step Number: 13
Time Spent: 37.003697398 seconds
New Tree:
Tree: ((((6,7),(((3,4),5),(1,(0,2)))),((35,36),(34,(32,33)))),((((26,27),(28,29)),(((30,25),31),(23,24))),((((13,14),((11,12),15)),((22,(9,10)),(21,8))),(((16,17),18),(19,20)))));
Tree Score: 15039.028781151981
Score Improvement: 0.0019406925641649586

Step Number: 14
Time Spent: 37.035042516 seconds
New Tree:
Tree: ((((6,7),(((3,4),5),(1,(0,2)))),((35,36),(34,(32,33)))),((((26,27),(28,29)),(((30,25),31),(23,24))),((((13,14),((11,12),15)),((10,(9,22)),(21,8))),(((16,17),18),(19,20)))));
Tree Score: 15042.434981180704
Score Improvement: 2.264906915392384E-4

Step Number: 15
Time Spent: 37.02690433 seconds
New Tree:
Tree: ((((6,7),(((3,4),5),(1,(0,2)))),((35,36),(33,(32,34)))),((((26,27),(28,29)),(((30,25),31),(23,24))),((((13,14),((11,12),15)),((10,(9,22)),(21,8))),(((16,17),18),(19,20)))));
Tree Score: 15044.386456204928
Score Improvement: 1.2973132519200625E-4

Step Number: 16
Time Spent: 37.044120206 seconds
New Tree:
Tree: ((((6,7),(((3,4),5),(1,(0,2)))),((35,36),(33,(32,34)))),((((26,27),(28,29)),(((30,25),31),(23,24))),((((13,14),((11,12),15)),((10,(21,8)),(9,22))),(((16,17),18),(19,20)))));
Tree Score: 15044.475331226015
Score Improvement: 5.9075204792424785E-6

Step Number: 17
Time Spent: 37.046621433 seconds
New Tree:
Tree: ((((6,7),(((3,4),5),(1,(0,2)))),((35,36),(33,(32,34)))),((((26,27),(28,29)),(((30,25),31),(23,24))),((((13,14),((11,12),15)),((10,(21,8)),(9,22))),(((16,18),17),(19,20)))));
Tree Score: 15044.542681220802
Score Improvement: 4.476726060964609E-6

Step Number: 18
Time Spent: 37.067563411 seconds
New Tree:
Tree: ((((6,7),(((3,5),4),(1,(0,2)))),((35,36),(33,(32,34)))),((((26,27),(28,29)),(((30,25),31),(23,24))),((((13,14),((11,12),15)),((10,(21,8)),(9,22))),(((16,18),17),(19,20)))));
Tree Score: 15044.57048101339
Score Improvement: 1.8478323453585688E-6

Step Number: 19
Time Spent: 37.064359861 seconds
New Tree:
Tree: ((((6,7),(((3,5),4),(1,(0,2)))),((35,36),(33,(32,34)))),((((26,27),(28,29)),(((30,25),31),(23,24))),((((13,14),((11,12),15)),((10,(21,8)),(9,22))),(((16,18),17),(19,20)))));
Tree Score: 15044.57048101339
Score Improvement: 0.0

TOTAL STEPS: 19
TOTAL TIME: 703.857727038 seconds
Final tree: Tree: ((((6,7),(((3,5),4),(1,(0,2)))),((35,36),(33,(32,34)))),((((26,27),(28,29)),(((30,25),31),(23,24))),((((13,14),((11,12),15)),((10,(21,8)),(9,22))),(((16,18),17),(19,20)))));
Tree Score: 15044.57048101339
Total Score Improvement: 0.29998400671743886

--------------ITERATION 2--------------
Input tree: ((((0,(1,2)),(((3,4),((5,(6,7)),8)),(9,10))),(((11,12),(13,14)),15)),((((16,17),(18,19)),20),(((21,(22,((23,(24,25)),26))),(27,28)),(((29,(30,31)),(32,33)),(34,(35,36))))));
Initial Score: 10178.649027688416

Step Number: 1
Time Spent: 37.432201191 seconds
New Tree:
Tree: ((((0,(1,2)),(((3,4),((5,(6,7)),8)),(9,10))),(((21,(22,((23,(24,25)),26))),(27,28)),(((29,(30,31)),(32,33)),(34,(35,36))))),((((16,17),(18,19)),20),(((11,12),(13,14)),15)));
Tree Score: 11025.148704671405
Score Improvement: 0.08316424652036858

Step Number: 2
Time Spent: 37.458188643 seconds
New Tree:
Tree: ((((0,(1,2)),(((3,4),((5,(6,7)),8)),(9,10))),(((21,(22,((23,(24,25)),26))),(27,28)),(((29,(30,31)),(32,33)),(34,(35,36))))),((((16,17),(18,19)),20),(((11,12),15),(13,14))));
Tree Score: 11293.891454995714
Score Improvement: 0.024375430891960814

Step Number: 3
Time Spent: 37.796282196 seconds
New Tree:
Tree: ((((0,(1,2)),(((3,4),((5,(6,7)),8)),(9,10))),(((21,(22,((23,(24,25)),26))),(27,28)),(((29,(30,31)),(32,33)),(34,(35,36))))),((((16,17),20),(18,19)),(((11,12),15),(13,14))));
Tree Score: 11507.54755583928
Score Improvement: 0.01891784613788361

Step Number: 4
Time Spent: 37.249505542 seconds
New Tree:
Tree: (((((3,4),((5,(6,7)),8)),((0,(1,2)),(9,10))),(((21,(22,((23,(24,25)),26))),(27,28)),(((29,(30,31)),(32,33)),(34,(35,36))))),((((16,17),20),(18,19)),(((11,12),15),(13,14))));
Tree Score: 11713.938505528089
Score Improvement: 0.017935268021906037

Step Number: 5
Time Spent: 37.243071205 seconds
New Tree:
Tree: (((((3,4),((5,(6,7)),8)),((0,(1,2)),(9,10))),(((21,(27,28)),(22,((23,(24,25)),26))),(((29,(30,31)),(32,33)),(34,(35,36))))),((((16,17),20),(18,19)),(((11,12),15),(13,14))));
Tree Score: 11859.31005583436
Score Improvement: 0.012410134323111333

Step Number: 6
Time Spent: 37.242685471 seconds
New Tree:
Tree: (((((3,4),((5,(6,7)),8)),((0,(1,2)),(9,10))),((((23,(24,25)),26),(22,(21,(27,28)))),(((29,(30,31)),(32,33)),(34,(35,36))))),((((16,17),20),(18,19)),(((11,12),15),(13,14))));
Tree Score: 11966.743655789005
Score Improvement: 0.009059009288806985

Step Number: 7
Time Spent: 37.130419588 seconds
New Tree:
Tree: (((((3,4),((5,(6,7)),8)),((0,(1,2)),(9,10))),((((23,26),(24,25)),(22,(21,(27,28)))),(((29,(30,31)),(32,33)),(34,(35,36))))),((((16,17),20),(18,19)),(((11,12),15),(13,14))));
Tree Score: 12097.158481330845
Score Improvement: 0.01089810472197672

Step Number: 8
Time Spent: 37.066921291 seconds
New Tree:
Tree: (((((3,4),((5,8),(6,7))),((0,(1,2)),(9,10))),((((23,26),(24,25)),(22,(21,(27,28)))),(((29,(30,31)),(32,33)),(34,(35,36))))),((((16,17),20),(18,19)),(((11,12),15),(13,14))));
Tree Score: 12132.224281274483
Score Improvement: 0.0028986807106605728

Step Number: 9
Time Spent: 37.073848917 seconds
New Tree:
Tree: (((((3,4),((5,8),(6,7))),((0,(1,2)),(9,10))),((((23,26),(24,25)),(22,(21,(27,28)))),(((29,(30,31)),(32,33)),(34,(35,36))))),((((20,17),16),(18,19)),(((11,12),15),(13,14))));
Tree Score: 12157.468281179901
Score Improvement: 0.002080739633570916

Step Number: 10
Time Spent: 37.083052811 seconds
New Tree:
Tree: (((((3,4),((5,8),(6,7))),((0,(1,2)),(9,10))),((((23,26),(24,25)),(22,(21,(27,28)))),(((29,(30,31)),(32,33)),(36,(35,34))))),((((20,17),16),(18,19)),(((11,12),15),(13,14))));
Tree Score: 12182.68625595444
Score Improvement: 0.0020742784756904165

Step Number: 11
Time Spent: 34.737934482 seconds
New Tree:
Tree: (((((3,4),((5,8),(6,7))),((0,(9,10)),(1,2))),((((23,26),(24,25)),(22,(21,(27,28)))),(((29,(30,31)),(32,33)),(36,(35,34))))),((((20,17),16),(18,19)),(((11,12),15),(13,14))));
Tree Score: 12188.649355779637
Score Improvement: 4.894733148266273E-4

Step Number: 12
Time Spent: 19.146580233 seconds
New Tree:
Tree: (((((3,4),((5,8),(6,7))),((10,(9,0)),(1,2))),((((23,26),(24,25)),(22,(21,(27,28)))),(((29,(30,31)),(32,33)),(36,(35,34))))),((((20,17),16),(18,19)),(((11,12),15),(13,14))));
Tree Score: 12194.834080781091
Score Improvement: 5.074167630001458E-4

Step Number: 13
Time Spent: 19.188021186 seconds
New Tree:
Tree: (((((3,4),((5,8),(6,7))),((10,(1,2)),(9,0))),((((23,26),(24,25)),(22,(21,(27,28)))),(((29,(30,31)),(32,33)),(36,(35,34))))),((((20,17),16),(18,19)),(((11,12),15),(13,14))));
Tree Score: 12199.660031038717
Score Improvement: 3.957372626521849E-4

Step Number: 14
Time Spent: 19.208687432 seconds
New Tree:
Tree: (((((3,4),((5,8),(6,7))),((1,(10,2)),(9,0))),((((23,26),(24,25)),(22,(21,(27,28)))),(((29,(30,31)),(32,33)),(36,(35,34))))),((((20,17),16),(18,19)),(((11,12),15),(13,14))));
Tree Score: 12216.88245601082
Score Improvement: 0.0014117135172853068

Step Number: 15
Time Spent: 19.187760749 seconds
New Tree:
Tree: (((((3,4),((5,8),(6,7))),((1,(9,0)),(10,2))),((((23,26),(24,25)),(22,(21,(27,28)))),(((29,(30,31)),(32,33)),(36,(35,34))))),((((20,17),16),(18,19)),(((11,12),15),(13,14))));
Tree Score: 12255.943305682466
Score Improvement: 0.003197284561940572

Step Number: 16
Time Spent: 19.168784802 seconds
New Tree:
Tree: (((((3,4),((5,8),(6,7))),((0,(9,1)),(10,2))),((((23,26),(24,25)),(22,(21,(27,28)))),(((29,(30,31)),(32,33)),(36,(35,34))))),((((20,17),16),(18,19)),(((11,12),15),(13,14))));
Tree Score: 12261.662955855443
Score Improvement: 4.666837982454375E-4

Step Number: 17
Time Spent: 19.214462608 seconds
New Tree:
Tree: (((((3,4),((5,8),(6,7))),((0,(9,1)),(10,2))),((((23,26),(24,25)),(22,(28,(27,21)))),(((29,(30,31)),(32,33)),(36,(35,34))))),((((20,17),16),(18,19)),(((11,12),15),(13,14))));
Tree Score: 12263.656530809081
Score Improvement: 1.6258601796637073E-4

Step Number: 18
Time Spent: 19.230375246 seconds
New Tree:
Tree: (((((3,4),((5,8),(6,7))),((0,(9,1)),(10,2))),((((23,26),(24,25)),((27,21),(28,22))),(((29,(30,31)),(32,33)),(36,(35,34))))),((((20,17),16),(18,19)),(((11,12),15),(13,14))));
Tree Score: 12272.176080812716
Score Improvement: 6.946990061431624E-4

Step Number: 19
Time Spent: 19.267731532 seconds
New Tree:
Tree: (((((3,4),((5,8),(6,7))),((0,(9,1)),(10,2))),((((23,26),(24,25)),((27,21),(28,22))),(((29,(30,31)),(32,33)),(36,(35,34))))),((((20,17),16),(18,19)),(((11,12),15),(13,14))));
Tree Score: 12272.176080812716
Score Improvement: 0.0

TOTAL STEPS: 19
TOTAL TIME: 561.126515125 seconds
Final tree: Tree: (((((3,4),((5,8),(6,7))),((0,(9,1)),(10,2))),((((23,26),(24,25)),((27,21),(28,22))),(((29,(30,31)),(32,33)),(36,(35,34))))),((((20,17),16),(18,19)),(((11,12),15),(13,14))));
Tree Score: 12272.176080812716
Total Score Improvement: 0.20567828278874667

--------------ITERATION 3--------------
Input tree: ((((0,(((1,2),3),4)),(((5,6),7),(8,9))),(10,11)),(((((12,13),(14,15)),16),(17,18)),((((((19,(20,(21,22))),(23,24)),25),26),((27,28),(29,(30,31)))),(((32,33),34),(35,36)))));
Initial Score: 9325.810877136977

Step Number: 1
Time Spent: 20.003049829 seconds
New Tree:
Tree: ((((0,(((1,2),3),4)),(((5,6),7),(8,9))),(10,11)),((((32,33),34),(35,36)),((((((19,(20,(21,22))),(23,24)),25),26),((27,28),(29,(30,31)))),((((12,13),(14,15)),16),(17,18)))));
Tree Score: 9997.17137738867
Score Improvement: 0.07198950408672666

Step Number: 2
Time Spent: 20.089240888 seconds
New Tree:
Tree: ((((0,(((1,2),3),4)),(((5,6),7),(8,9))),(10,11)),((((32,33),34),(35,36)),((((26,25),((19,(20,(21,22))),(23,24))),((27,28),(29,(30,31)))),((((12,13),(14,15)),16),(17,18)))));
Tree Score: 10297.193103449299
Score Improvement: 0.030010661489630053

Step Number: 3
Time Spent: 19.696389604 seconds
New Tree:
Tree: ((((0,(((1,2),3),4)),(((5,6),7),(8,9))),(10,11)),((((32,33),34),(35,36)),((((26,25),((19,(20,(21,22))),(23,24))),((27,28),(29,(30,31)))),(((17,18),16),((12,13),(14,15))))));
Tree Score: 10561.371779750563
Score Improvement: 0.025655406638219747

Step Number: 4
Time Spent: 19.55429472 seconds
New Tree:
Tree: ((((0,(((1,2),3),4)),(((5,6),7),(8,9))),(10,11)),((((32,33),34),(35,36)),((((19,(20,(21,22))),((26,25),(23,24))),((27,28),(29,(30,31)))),(((17,18),16),((12,13),(14,15))))));
Tree Score: 10760.814004302109
Score Improvement: 0.018884121183380564

Step Number: 5
Time Spent: 19.542548183 seconds
New Tree:
Tree: ((((((1,2),3),(0,4)),(((5,6),7),(8,9))),(10,11)),((((32,33),34),(35,36)),((((19,(20,(21,22))),((26,25),(23,24))),((27,28),(29,(30,31)))),(((17,18),16),((12,13),(14,15))))));
Tree Score: 10953.648154088845
Score Improvement: 0.017920033717676365

Step Number: 6
Time Spent: 19.54090405 seconds
New Tree:
Tree: ((((((1,2),3),(0,4)),(((5,6),7),(8,9))),(10,11)),((((32,33),34),(35,36)),(((((21,22),(20,19)),((26,25),(23,24))),((27,28),(29,(30,31)))),(((17,18),16),((12,13),(14,15))))));
Tree Score: 11107.175729097416
Score Improvement: 0.014016113430780797

Step Number: 7
Time Spent: 19.597608607 seconds
New Tree:
Tree: ((((((0,4),3),(1,2)),(((5,6),7),(8,9))),(10,11)),((((32,33),34),(35,36)),(((((21,22),(20,19)),((26,25),(23,24))),((27,28),(29,(30,31)))),(((17,18),16),((12,13),(14,15))))));
Tree Score: 11158.209904471962
Score Improvement: 0.004594703155803348

Step Number: 8
Time Spent: 19.611660603 seconds
New Tree:
Tree: ((((10,11),(((5,6),7),(8,9))),(((0,4),3),(1,2))),((((32,33),34),(35,36)),(((((21,22),(20,19)),((26,25),(23,24))),((27,28),(29,(30,31)))),(((17,18),16),((12,13),(14,15))))));
Tree Score: 11170.551353918734
Score Improvement: 0.0011060420580388808

Step Number: 9
Time Spent: 19.357805627 seconds
New Tree:
Tree: ((((10,11),(((5,6),7),(8,9))),(((((21,22),(20,19)),((26,25),(23,24))),((27,28),(29,(30,31)))),(((17,18),16),((12,13),(14,15))))),((((32,33),34),(35,36)),(((0,4),3),(1,2))));
Tree Score: 11682.072025711674
Score Improvement: 0.04579189115974058

Step Number: 10
Time Spent: 19.476141904 seconds
New Tree:
Tree: ((((((21,22),(20,19)),((26,25),(23,24))),((27,28),(29,(30,31)))),(((10,11),(((5,6),7),(8,9))),(((17,18),16),((12,13),(14,15))))),((((32,33),34),(35,36)),(((0,4),3),(1,2))));
Tree Score: 13194.41750203578
Score Improvement: 0.12945866734903766

Step Number: 11
Time Spent: 19.417328698 seconds
New Tree:
Tree: ((((((21,22),(20,19)),((26,25),(23,24))),((27,28),(29,(30,31)))),(((8,9),(((5,6),7),(10,11))),(((17,18),16),((12,13),(14,15))))),((((32,33),34),(35,36)),(((0,4),3),(1,2))));
Tree Score: 13225.584202320708
Score Improvement: 0.0023621126343864596

Step Number: 12
Time Spent: 19.411907478 seconds
New Tree:
Tree: ((((((21,22),(20,19)),((26,25),(23,24))),((27,28),(31,(30,29)))),(((8,9),(((5,6),7),(10,11))),(((17,18),16),((12,13),(14,15))))),((((32,33),34),(35,36)),(((0,4),3),(1,2))));
Tree Score: 13233.41892734023
Score Improvement: 5.923916024932474E-4

Step Number: 13
Time Spent: 19.417240699 seconds
New Tree:
Tree: ((((((21,22),(20,19)),((26,25),(23,24))),((30,29),(31,(27,28)))),(((8,9),(((5,6),7),(10,11))),(((17,18),16),((12,13),(14,15))))),((((32,33),34),(35,36)),(((0,4),3),(1,2))));
Tree Score: 13251.969327881277
Score Improvement: 0.001401784424939656

Step Number: 14
Time Spent: 19.389459372 seconds
New Tree:
Tree: ((((((21,22),(20,19)),((26,25),(23,24))),((30,29),(31,(27,28)))),(((8,9),(((5,6),7),(10,11))),(((17,18),16),((12,13),(14,15))))),((((32,33),34),(35,36)),(((3,4),0),(1,2))));
Tree Score: 13259.560152917446
Score Improvement: 5.728073200559347E-4

Step Number: 15
Time Spent: 19.393886821 seconds
New Tree:
Tree: ((((((21,22),(20,19)),((26,25),(23,24))),((30,29),(31,(27,28)))),(((8,9),(((5,6),7),(10,11))),(((17,18),16),((12,13),(14,15))))),((((32,34),33),(35,36)),(((3,4),0),(1,2))));
Tree Score: 13261.511627941669
Score Improvement: 1.4717494409444143E-4

Step Number: 16
Time Spent: 19.396161901 seconds
New Tree:
Tree: ((((((21,22),(20,19)),((26,25),(23,24))),((30,29),(31,(27,28)))),(((8,9),(((5,6),7),(10,11))),(((16,18),17),((12,13),(14,15))))),((((32,34),33),(35,36)),(((3,4),0),(1,2))));
Tree Score: 13262.05605259414
Score Improvement: 4.105298609591301E-5

Step Number: 17
Time Spent: 19.632560258 seconds
New Tree:
Tree: ((((((21,22),(20,19)),((26,25),(23,24))),((30,29),(31,(27,28)))),(((8,9),(((5,6),7),(10,11))),(((16,18),17),((12,13),(14,15))))),((((32,34),33),(35,36)),(((3,4),0),(1,2))));
Tree Score: 13262.05605259414
Score Improvement: 0.0

TOTAL STEPS: 17
TOTAL TIME: 332.528189242 seconds
Final tree: Tree: ((((((21,22),(20,19)),((26,25),(23,24))),((30,29),(31,(27,28)))),(((8,9),(((5,6),7),(10,11))),(((16,18),17),((12,13),(14,15))))),((((32,34),33),(35,36)),(((3,4),0),(1,2))));
Tree Score: 13262.05605259414
Total Score Improvement: 0.42208074207329305

--------------ITERATION 4--------------
Input tree: (((((0,1),((2,3),(4,5))),(((6,7),8),(9,10))),((11,(12,((13,(14,(15,16))),17))),(((18,19),20),((21,22),(((23,(24,25)),(26,((27,28),29))),(30,31)))))),((32,(33,(34,35))),36));
Initial Score: 9094.806027012233

Step Number: 1
Time Spent: 27.362188866 seconds
New Tree:
Tree: (((((0,1),((2,3),(4,5))),(((6,7),8),(9,10))),(((21,22),(((23,(24,25)),(26,((27,28),29))),(30,31))),(((18,19),20),(11,(12,((13,(14,(15,16))),17)))))),((32,(33,(34,35))),36));
Tree Score: 9998.106876402468
Score Improvement: 0.09932051840439104

Step Number: 2
Time Spent: 27.54747814 seconds
New Tree:
Tree: (((((0,1),((2,3),(4,5))),(((6,7),8),(9,10))),((((23,(24,25)),(26,((27,28),29))),((21,22),(30,31))),(((18,19),20),(11,(12,((13,(14,(15,16))),17)))))),((32,(33,(34,35))),36));
Tree Score: 11019.037150941658
Score Improvement: 0.10211235858548284

Step Number: 3
Time Spent: 27.760516823 seconds
New Tree:
Tree: (((((0,1),((2,3),(4,5))),(((6,7),8),(9,10))),((((23,(24,25)),((21,22),(30,31))),(26,((27,28),29))),(((18,19),20),(11,(12,((13,(14,(15,16))),17)))))),((32,(33,(34,35))),36));
Tree Score: 11371.258477019248
Score Improvement: 0.03196480066749663

Step Number: 4
Time Spent: 27.713552961 seconds
New Tree:
Tree: (((((0,1),((2,3),(4,5))),(((6,7),8),(9,10))),((((23,(24,25)),((21,22),(30,31))),(26,((27,28),29))),(((18,19),20),(11,(12,((13,(14,(15,16))),17)))))),((32,36),(33,(34,35))));
Tree Score: 11663.779202513499
Score Improvement: 0.02572456919218058

Step Number: 5
Time Spent: 27.664358017 seconds
New Tree:
Tree: (((((0,1),((2,3),(4,5))),(((6,7),8),(9,10))),((((23,(24,25)),((21,22),(30,31))),(26,((27,28),29))),(((18,19),20),(((13,(14,(15,16))),17),(12,11))))),((32,36),(33,(34,35))));
Tree Score: 11860.078302322654
Score Improvement: 0.016829802450894604

Step Number: 6
Time Spent: 27.897799853 seconds
New Tree:
Tree: (((((0,1),((2,3),(4,5))),(((6,7),8),(9,10))),((((23,(24,25)),((21,22),(30,31))),(26,((27,28),29))),(((13,(14,(15,16))),17),(((18,19),20),(12,11))))),((32,36),(33,(34,35))));
Tree Score: 12017.392975721632
Score Improvement: 0.013264218784134751

Step Number: 7
Time Spent: 27.891247485 seconds
New Tree:
Tree: (((((0,1),((2,3),(4,5))),(((6,7),8),(9,10))),((((23,(24,25)),((21,22),(30,31))),(26,((27,28),29))),(((13,17),(14,(15,16))),(((18,19),20),(12,11))))),((32,36),(33,(34,35))));
Tree Score: 12178.42745071288
Score Improvement: 0.013400117256428201

Step Number: 8
Time Spent: 27.81051969 seconds
New Tree:
Tree: (((((0,1),((2,3),(4,5))),(((6,7),8),(9,10))),((((23,(24,25)),((21,22),(30,31))),((27,28),(26,29))),(((13,17),(14,(15,16))),(((18,19),20),(12,11))))),((32,36),(33,(34,35))));
Tree Score: 12320.07482611166
Score Improvement: 0.011631007038637842

Step Number: 9
Time Spent: 27.783301774 seconds
New Tree:
Tree: (((((4,5),((2,3),(0,1))),(((6,7),8),(9,10))),((((23,(24,25)),((21,22),(30,31))),((27,28),(26,29))),(((13,17),(14,(15,16))),(((18,19),20),(12,11))))),((32,36),(33,(34,35))));
Tree Score: 12411.34777568245
Score Improvement: 0.007408473638272239

Step Number: 10
Time Spent: 27.584816478 seconds
New Tree:
Tree: (((((4,5),((2,3),(0,1))),(((6,7),8),(9,10))),((((23,(24,25)),((21,22),(30,31))),((27,28),(26,29))),(((13,17),(14,(15,16))),(((12,11),20),(18,19))))),((32,36),(33,(34,35))));
Tree Score: 12492.17185076011
Score Improvement: 0.006512111056626635

Step Number: 11
Time Spent: 27.594602009 seconds
New Tree:
Tree: (((((4,5),((2,3),(0,1))),(((6,7),8),(9,10))),((((21,22),((23,(24,25)),(30,31))),((27,28),(26,29))),(((13,17),(14,(15,16))),(((12,11),20),(18,19))))),((32,36),(33,(34,35))));
Tree Score: 12518.729900552535
Score Improvement: 0.002125975379598133

Step Number: 12
Time Spent: 27.579635791 seconds
New Tree:
Tree: (((((4,5),((2,3),(0,1))),(((6,7),8),(9,10))),((((21,22),((23,(24,25)),(30,31))),((27,28),(26,29))),(((13,17),(14,(15,16))),(((12,20),11),(18,19))))),((32,36),(33,(34,35))));
Tree Score: 12542.135450551861
Score Improvement: 0.001869642542434935

Step Number: 13
Time Spent: 27.585581869 seconds
New Tree:
Tree: (((((4,5),((2,3),(0,1))),(((6,8),7),(9,10))),((((21,22),((23,(24,25)),(30,31))),((27,28),(26,29))),(((13,17),(14,(15,16))),(((12,20),11),(18,19))))),((32,36),(33,(34,35))));
Tree Score: 12562.29160066053
Score Improvement: 0.001607074822954635

Step Number: 14
Time Spent: 28.000140172 seconds
New Tree:
Tree: (((((4,5),((2,3),(0,1))),(((6,8),7),(9,10))),((((21,22),((25,(24,23)),(30,31))),((27,28),(26,29))),(((13,17),(14,(15,16))),(((12,20),11),(18,19))))),((32,36),(33,(34,35))));
Tree Score: 12575.455600709764
Score Improvement: 0.0010478979845158776

Step Number: 15
Time Spent: 28.748824345 seconds
New Tree:
Tree: (((((4,5),((2,3),(0,1))),(((6,8),7),(9,10))),((((21,22),((25,(24,23)),(30,31))),((27,28),(26,29))),(((13,17),(15,(14,16))),(((12,20),11),(18,19))))),((32,36),(33,(34,35))));
Tree Score: 12581.672850857714
Score Improvement: 4.943956183662834E-4

Step Number: 16
Time Spent: 28.762415459 seconds
New Tree:
Tree: (((((4,5),((2,3),(0,1))),(((6,8),7),(9,10))),((((21,22),((25,(24,23)),(30,31))),((27,28),(26,29))),(((14,16),(15,(13,17))),(((12,20),11),(18,19))))),((32,36),(33,(34,35))));
Tree Score: 12592.408000718318
Score Improvement: 8.532370844367421E-4

Step Number: 17
Time Spent: 25.922782499 seconds
New Tree:
Tree: (((((4,5),((2,3),(0,1))),(((6,8),7),(9,10))),((((21,22),((25,(24,23)),(30,31))),((27,28),(26,29))),(((14,16),(15,(13,17))),(((12,20),11),(18,19))))),((32,36),(33,(34,35))));
Tree Score: 12592.408000718318
Score Improvement: 0.0

TOTAL STEPS: 17
TOTAL TIME: 471.209762231 seconds
Final tree: Tree: (((((4,5),((2,3),(0,1))),(((6,8),7),(9,10))),((((21,22),((25,(24,23)),(30,31))),((27,28),(26,29))),(((14,16),(15,(13,17))),(((12,20),11),(18,19))))),((32,36),(33,(34,35))));
Tree Score: 12592.408000718318
Total Score Improvement: 0.38457136560339533

--------------ITERATION 5--------------
Input tree: (((((0,1),(2,3)),((4,5),((6,7),8))),(((9,(10,11)),12),(13,(14,15)))),(16,(((((17,18),19),((20,(21,(22,(23,24)))),25)),(26,((27,(28,29)),30))),((31,(32,33)),((34,35),36)))));
Initial Score: 10497.86844730188

Step Number: 1
Time Spent: 19.496707019 seconds
New Tree:
Tree: (((((((17,18),19),((20,(21,(22,(23,24)))),25)),(26,((27,(28,29)),30))),((31,(32,33)),((34,35),36))),(((9,(10,11)),12),(13,(14,15)))),(16,(((0,1),(2,3)),((4,5),((6,7),8)))));
Tree Score: 10882.884372214889
Score Improvement: 0.0366756286617369

Step Number: 2
Time Spent: 19.933015225 seconds
New Tree:
Tree: (((((((17,18),19),((20,(21,(22,(23,24)))),25)),(26,((27,(28,29)),30))),(((9,(10,11)),12),(13,(14,15)))),((31,(32,33)),((34,35),36))),(16,(((0,1),(2,3)),((4,5),((6,7),8)))));
Tree Score: 11793.439450188584
Score Improvement: 0.08366854290011894

Step Number: 3
Time Spent: 19.909890218 seconds
New Tree:
Tree: (((((((17,18),19),((20,(21,(22,(23,24)))),25)),((27,(28,29)),(26,30))),(((9,(10,11)),12),(13,(14,15)))),((31,(32,33)),((34,35),36))),(16,(((0,1),(2,3)),((4,5),((6,7),8)))));
Tree Score: 12077.717174869074
Score Improvement: 0.02410473432124549

Step Number: 4
Time Spent: 19.91942935 seconds
New Tree:
Tree: (((((((17,18),19),((20,(21,(22,(23,24)))),25)),(((9,(10,11)),12),(13,(14,15)))),((27,(28,29)),(26,30))),((31,(32,33)),((34,35),36))),(16,(((0,1),(2,3)),((4,5),((6,7),8)))));
Tree Score: 12317.022599033124
Score Improvement: 0.01981379599300337

Step Number: 5
Time Spent: 19.946963787 seconds
New Tree:
Tree: (((((((17,18),19),((20,(21,(22,(23,24)))),25)),(((9,(10,11)),12),(13,(14,15)))),((27,(28,29)),(26,30))),((31,(32,33)),((34,35),36))),(16,(((6,7),8),((4,5),((0,1),(2,3))))));
Tree Score: 12470.967625116042
Score Improvement: 0.01249855838496261

Step Number: 6
Time Spent: 19.987707725 seconds
New Tree:
Tree: (((((((17,18),19),((20,(21,(22,(23,24)))),25)),(((9,(10,11)),12),(13,(14,15)))),((27,(28,29)),(26,30))),((31,(32,33)),((34,35),36))),(((4,5),((0,1),(2,3))),(((6,7),8),16)));
Tree Score: 12586.350325255597
Score Improvement: 0.009252104857299104

Step Number: 7
Time Spent: 19.986107102 seconds
New Tree:
Tree: (((((((17,18),19),((20,(21,(22,(23,24)))),25)),(((9,(10,11)),12),(13,(14,15)))),((27,(28,29)),(26,30))),((31,(32,33)),((34,35),36))),(((4,5),((0,1),(2,3))),((16,8),(6,7))));
Tree Score: 12690.359900311509
Score Improvement: 0.008263680286032304

Step Number: 8
Time Spent: 19.914958251 seconds
New Tree:
Tree: (((((((17,18),19),((20,((23,24),(22,21))),25)),(((9,(10,11)),12),(13,(14,15)))),((27,(28,29)),(26,30))),((31,(32,33)),((34,35),36))),(((4,5),((0,1),(2,3))),((16,8),(6,7))));
Tree Score: 12768.82390002528
Score Improvement: 0.006182960950685379

Step Number: 9
Time Spent: 19.957749795 seconds
New Tree:
Tree: (((((((17,18),19),((20,((23,24),(22,21))),25)),(((9,12),(10,11)),(13,(14,15)))),((27,(28,29)),(26,30))),((31,(32,33)),((34,35),36))),(((4,5),((0,1),(2,3))),((16,8),(6,7))));
Tree Score: 12807.095325101109
Score Improvement: 0.00299725529739292

Step Number: 10
Time Spent: 19.923508011 seconds
New Tree:
Tree: (((((((17,18),19),(((23,24),(20,(22,21))),25)),(((9,12),(10,11)),(13,(14,15)))),((27,(28,29)),(26,30))),((31,(32,33)),((34,35),36))),(((4,5),((0,1),(2,3))),((16,8),(6,7))));
Tree Score: 12840.451925512461
Score Improvement: 0.0026045406522410275

Step Number: 11
Time Spent: 19.937964318 seconds
New Tree:
Tree: (((((((17,18),19),(((23,24),(20,(22,21))),25)),(((9,12),(10,11)),(13,(14,15)))),((29,(28,27)),(26,30))),((31,(32,33)),((34,35),36))),(((4,5),((0,1),(2,3))),((16,8),(6,7))));
Tree Score: 12859.402900542656
Score Improvement: 0.0014758806886339126

Step Number: 12
Time Spent: 25.573755225 seconds
New Tree:
Tree: (((((((17,18),19),(((23,24),(20,(22,21))),25)),(((9,12),(10,11)),(13,(14,15)))),((29,(26,30)),(28,27))),((31,(32,33)),((34,35),36))),(((4,5),((0,1),(2,3))),((16,8),(6,7))));
Tree Score: 12874.894226095697
Score Improvement: 0.0012046691182205915

Step Number: 13
Time Spent: 28.973446694 seconds
New Tree:
Tree: (((((((17,18),19),(((23,24),(20,(22,21))),25)),(((9,12),(10,11)),(13,(14,15)))),((30,(26,29)),(28,27))),((31,(32,33)),((34,35),36))),(((4,5),((0,1),(2,3))),((16,8),(6,7))));
Tree Score: 12879.17117610207
Score Improvement: 3.3219302087195146E-4

Step Number: 14
Time Spent: 28.972426173 seconds
New Tree:
Tree: (((((((17,18),19),(((23,24),(21,(22,20))),25)),(((9,12),(10,11)),(13,(14,15)))),((30,(26,29)),(28,27))),((31,(32,33)),((34,35),36))),(((4,5),((0,1),(2,3))),((16,8),(6,7))));
Tree Score: 12881.153025727777
Score Improvement: 1.5388021469764368E-4

Step Number: 15
Time Spent: 28.97991253 seconds
New Tree:
Tree: (((((((17,18),19),(((23,24),(21,(22,20))),25)),(((9,12),(10,11)),(13,(14,15)))),((30,(28,27)),(26,29))),((31,(32,33)),((34,35),36))),(((4,5),((0,1),(2,3))),((16,8),(6,7))));
Tree Score: 12881.677600953786
Score Improvement: 4.072424455792145E-5

Step Number: 16
Time Spent: 21.672384806 seconds
New Tree:
Tree: (((((((17,18),19),(((23,24),25),(21,(22,20)))),(((9,12),(10,11)),(13,(14,15)))),((30,(28,27)),(26,29))),((31,(32,33)),((34,35),36))),(((4,5),((0,1),(2,3))),((16,8),(6,7))));
Tree Score: 12882.145550437257
Score Improvement: 3.632675013043318E-5

Step Number: 17
Time Spent: 19.928860577 seconds
New Tree:
Tree: (((((((17,18),19),(((23,24),25),(21,(22,20)))),(((9,12),(10,11)),(13,(14,15)))),((30,(28,27)),(26,29))),((31,(32,33)),((34,35),36))),(((4,5),((0,1),(2,3))),((16,8),(6,7))));
Tree Score: 12882.145550437257
Score Improvement: 0.0

TOTAL STEPS: 17
TOTAL TIME: 373.014786806 seconds
Final tree: Tree: (((((((17,18),19),(((23,24),25),(21,(22,20)))),(((9,12),(10,11)),(13,(14,15)))),((30,(28,27)),(26,29))),((31,(32,33)),((34,35),36))),(((4,5),((0,1),(2,3))),((16,8),(6,7))));
Tree Score: 12882.145550437257
Total Score Improvement: 0.2271201163459211

--------------ITERATION 6--------------
Input tree: ((((((((0,1),(2,3)),4),(5,(6,7))),8),((9,10),((11,12),13))),((14,15),((16,((17,18),(19,20))),21))),((22,(((23,(24,25)),26),27)),(((28,(29,(30,31))),((32,33),(34,35))),36)));
Initial Score: 8895.721150045736

Step Number: 1
Time Spent: 19.966573892 seconds
New Tree:
Tree: (((((14,15),((16,((17,18),(19,20))),21)),((9,10),((11,12),13))),(((((0,1),(2,3)),4),(5,(6,7))),8)),((22,(((23,(24,25)),26),27)),(((28,(29,(30,31))),((32,33),(34,35))),36)));
Tree Score: 9647.80157560549
Score Improvement: 0.08454406482333221

Step Number: 2
Time Spent: 19.884598943 seconds
New Tree:
Tree: (((((14,15),((16,((17,18),(19,20))),21)),((9,10),((11,12),13))),((8,(5,(6,7))),(((0,1),(2,3)),4))),((22,(((23,(24,25)),26),27)),(((28,(29,(30,31))),((32,33),(34,35))),36)));
Tree Score: 10342.419601090654
Score Improvement: 0.07199754472993192

Step Number: 3
Time Spent: 19.575377847 seconds
New Tree:
Tree: (((((14,15),((16,((17,18),(19,20))),21)),((9,10),((11,12),13))),((8,(5,(6,7))),(((0,1),(2,3)),4))),((((23,(24,25)),26),(22,27)),(((28,(29,(30,31))),((32,33),(34,35))),36)));
Tree Score: 10835.84695150883
Score Improvement: 0.04770908254062167

Step Number: 4
Time Spent: 19.589559678 seconds
New Tree:
Tree: (((((14,15),((16,((17,18),(19,20))),21)),((9,10),((11,12),13))),((8,(5,(6,7))),(((0,1),(2,3)),4))),((((23,(24,25)),26),(22,27)),(((28,(29,(30,31))),36),((32,33),(34,35)))));
Tree Score: 11259.098702084326
Score Improvement: 0.039060329337390565

Step Number: 5
Time Spent: 26.684230656 seconds
New Tree:
Tree: (((((16,((17,18),(19,20))),((14,15),21)),((9,10),((11,12),13))),((8,(5,(6,7))),(((0,1),(2,3)),4))),((((23,(24,25)),26),(22,27)),(((28,(29,(30,31))),36),((32,33),(34,35)))));
Tree Score: 11622.345827485371
Score Improvement: 0.0322625402807597

Step Number: 6
Time Spent: 28.156487079 seconds
New Tree:
Tree: (((((16,((14,15),21)),((17,18),(19,20))),((9,10),((11,12),13))),((8,(5,(6,7))),(((0,1),(2,3)),4))),((((23,(24,25)),26),(22,27)),(((28,(29,(30,31))),36),((32,33),(34,35)))));
Tree Score: 12010.543377635937
Score Improvement: 0.03340096361893896

Step Number: 7
Time Spent: 28.062653709 seconds
New Tree:
Tree: (((((16,((14,15),21)),((17,18),(19,20))),((9,10),((11,12),13))),((8,(5,(6,7))),(((0,1),(2,3)),4))),((((22,27),26),(23,(24,25))),(((28,(29,(30,31))),36),((32,33),(34,35)))));
Tree Score: 12264.058502595808
Score Improvement: 0.02110771486258689

Step Number: 8
Time Spent: 21.853134746 seconds
New Tree:
Tree: (((((16,((14,15),21)),((17,18),(19,20))),((9,10),((11,12),13))),(((0,1),(2,3)),((8,(5,(6,7))),4))),((((22,27),26),(23,(24,25))),(((28,(29,(30,31))),36),((32,33),(34,35)))));
Tree Score: 12476.33822711644
Score Improvement: 0.01730909262017133

Step Number: 9
Time Spent: 19.307933153 seconds
New Tree:
Tree: (((((16,((14,15),21)),((17,18),(19,20))),((9,10),((11,12),13))),(((0,1),(2,3)),((8,(5,(6,7))),4))),((((22,27),26),(23,(24,25))),(((28,36),(29,(30,31))),((32,33),(34,35)))));
Tree Score: 12651.082652074803
Score Improvement: 0.01400606666614479

Step Number: 10
Time Spent: 19.20752234 seconds
New Tree:
Tree: (((((16,((14,15),21)),((17,18),(19,20))),((9,10),((11,12),13))),(((0,1),(2,3)),((8,4),(5,(6,7))))),((((22,27),26),(23,(24,25))),(((28,36),(29,(30,31))),((32,33),(34,35)))));
Tree Score: 12742.599002130382
Score Improvement: 0.007233874963307629

Step Number: 11
Time Spent: 19.160263467 seconds
New Tree:
Tree: ((((((14,15),(16,21)),((17,18),(19,20))),((9,10),((11,12),13))),(((0,1),(2,3)),((8,4),(5,(6,7))))),((((22,27),26),(23,(24,25))),(((28,36),(29,(30,31))),((32,33),(34,35)))));
Tree Score: 12786.512277029857
Score Improvement: 0.003446178828363955

Step Number: 12
Time Spent: 19.164515265 seconds
New Tree:
Tree: ((((((14,15),(16,21)),((17,18),(19,20))),((9,10),((11,12),13))),(((0,1),(2,3)),((8,4),(6,(5,7))))),((((22,27),26),(23,(24,25))),(((28,36),(29,(30,31))),((32,33),(34,35)))));
Tree Score: 12806.821476847437
Score Improvement: 0.0015883299040087007

Step Number: 13
Time Spent: 19.161201225 seconds
New Tree:
Tree: ((((((14,15),(16,21)),((17,18),(19,20))),((9,10),((11,12),13))),(((0,1),(2,3)),((8,4),(6,(5,7))))),((((22,27),26),(23,(24,25))),(((30,31),(29,(28,36))),((32,33),(34,35)))));
Tree Score: 12820.206551957448
Score Improvement: 0.0010451520023300187

Step Number: 14
Time Spent: 19.104032434 seconds
New Tree:
Tree: ((((((14,15),(16,21)),((17,18),(19,20))),((11,12),((9,10),13))),(((0,1),(2,3)),((8,4),(6,(5,7))))),((((22,27),26),(23,(24,25))),(((30,31),(29,(28,36))),((32,33),(34,35)))));
Tree Score: 12831.82012718617
Score Improvement: 9.058805083721477E-4

Step Number: 15
Time Spent: 19.092442133 seconds
New Tree:
Tree: ((((((14,15),(16,21)),((17,18),(19,20))),((11,12),((9,10),13))),(((0,1),(2,3)),((8,4),(6,(5,7))))),((((22,27),26),(25,(24,23))),(((30,31),(29,(28,36))),((32,33),(34,35)))));
Tree Score: 12840.116077256194
Score Improvement: 6.465138996492037E-4

Step Number: 16
Time Spent: 19.110812556 seconds
New Tree:
Tree: ((((((14,15),(16,21)),((17,18),(19,20))),((11,12),((13,10),9))),(((0,1),(2,3)),((8,4),(6,(5,7))))),((((22,27),26),(25,(24,23))),(((30,31),(29,(28,36))),((32,33),(34,35)))));
Tree Score: 12846.487877220652
Score Improvement: 4.962416169853601E-4

Step Number: 17
Time Spent: 19.098710458 seconds
New Tree:
Tree: ((((((14,15),(16,21)),((17,18),(19,20))),((13,10),((11,12),9))),(((0,1),(2,3)),((8,4),(6,(5,7))))),((((22,27),26),(25,(24,23))),(((30,31),(29,(28,36))),((32,33),(34,35)))));
Tree Score: 12850.539502460082
Score Improvement: 3.1538777587725164E-4

Step Number: 18
Time Spent: 19.095986159 seconds
New Tree:
Tree: ((((((14,15),(16,21)),((17,18),(19,20))),((13,10),((11,12),9))),(((0,1),(2,3)),((5,7),(6,(8,4))))),((((22,27),26),(25,(24,23))),(((30,31),(29,(28,36))),((32,33),(34,35)))));
Tree Score: 12853.1948775078
Score Improvement: 2.0663529707909412E-4

Step Number: 19
Time Spent: 19.127222463 seconds
New Tree:
Tree: ((((((14,15),(16,21)),((17,18),(19,20))),((13,10),((11,12),9))),(((0,1),(2,3)),((5,7),(8,(6,4))))),((((22,27),26),(25,(24,23))),(((30,31),(29,(28,36))),((32,33),(34,35)))));
Tree Score: 12857.580177665857
Score Improvement: 3.4118366677304834E-4

Step Number: 20
Time Spent: 19.164560871 seconds
New Tree:
Tree: ((((((14,15),(16,21)),((17,18),(19,20))),((13,10),((11,12),9))),(((0,1),(2,3)),((5,7),(8,(6,4))))),((((22,27),26),(25,(24,23))),(((30,31),(28,(29,36))),((32,33),(34,35)))));
Tree Score: 12857.604952655436
Score Improvement: 1.926878093527762E-6

Step Number: 21
Time Spent: 19.186244984 seconds
New Tree:
Tree: ((((((14,15),(16,21)),((17,18),(19,20))),((13,10),((11,12),9))),(((0,1),(2,3)),((5,7),(8,(6,4))))),((((22,27),26),(25,(24,23))),(((30,31),(28,(29,36))),((32,33),(34,35)))));
Tree Score: 12857.604952655436
Score Improvement: 0.0

TOTAL STEPS: 21
TOTAL TIME: 432.754064058 seconds
Final tree: Tree: ((((((14,15),(16,21)),((17,18),(19,20))),((13,10),((11,12),9))),(((0,1),(2,3)),((5,7),(8,(6,4))))),((((22,27),26),(25,(24,23))),(((30,31),(28,(29,36))),((32,33),(34,35)))));
Tree Score: 12857.604952655436
Total Score Improvement: 0.4453696036312167

--------------ITERATION 7--------------
Input tree: ((((0,((1,2),3)),((4,5),(6,((7,8),((9,10),11))))),(12,((((13,14),15),(((16,17),18),19)),(((20,21),(22,23)),(24,(((25,((26,27),28)),(29,(30,31))),32)))))),(33,(34,(35,36))));
Initial Score: 6772.123752121315

Step Number: 1
Time Spent: 19.656927743 seconds
New Tree:
Tree: ((12,(((0,((1,2),3)),((4,5),(6,((7,8),((9,10),11))))),((((13,14),15),(((16,17),18),19)),(((20,21),(22,23)),(24,(((25,((26,27),28)),(29,(30,31))),32)))))),(33,(34,(35,36))));
Tree Score: 8255.545576932545
Score Improvement: 0.2190482452932967

Step Number: 2
Time Spent: 19.63273102 seconds
New Tree:
Tree: ((12,((((((13,14),15),(((16,17),18),19)),(((20,21),(22,23)),(24,(((25,((26,27),28)),(29,(30,31))),32)))),((4,5),(6,((7,8),((9,10),11))))),(0,((1,2),3)))),(33,(34,(35,36))));
Tree Score: 9178.44372581955
Score Improvement: 0.11179129716947434

Step Number: 3
Time Spent: 20.69505382 seconds
New Tree:
Tree: ((12,((((((13,14),15),(((16,17),18),19)),((4,5),(6,((7,8),((9,10),11))))),(((20,21),(22,23)),(24,(((25,((26,27),28)),(29,(30,31))),32)))),(0,((1,2),3)))),(33,(34,(35,36))));
Tree Score: 10466.77512609759
Score Improvement: 0.14036490703253768

Step Number: 4
Time Spent: 20.485835594 seconds
New Tree:
Tree: ((12,((((((13,14),15),(((16,17),18),19)),((4,5),(6,((7,8),((9,10),11))))),(((20,21),(22,23)),(((25,((26,27),28)),(29,(30,31))),(24,32)))),(0,((1,2),3)))),(33,(34,(35,36))));
Tree Score: 10824.514326574728
Score Improvement: 0.034178550333537006

Step Number: 5
Time Spent: 20.444562679 seconds
New Tree:
Tree: ((12,((((((13,14),15),(((16,17),18),19)),((4,5),(6,((7,8),((9,10),11))))),(((25,((26,27),28)),(29,(30,31))),(((20,21),(22,23)),(24,32)))),(0,((1,2),3)))),(33,(34,(35,36))));
Tree Score: 11358.751974559138
Score Improvement: 0.04935442199682161

Step Number: 6
Time Spent: 20.518997284 seconds
New Tree:
Tree: ((12,((((((13,14),15),(((16,17),18),19)),((4,5),(((9,10),11),((7,8),6)))),(((25,((26,27),28)),(29,(30,31))),(((20,21),(22,23)),(24,32)))),(0,((1,2),3)))),(33,(34,(35,36))));
Tree Score: 11563.890499870973
Score Improvement: 0.01805995286905593

Step Number: 7
Time Spent: 20.716719005 seconds
New Tree:
Tree: ((12,((((((16,17),18),(((13,14),15),19)),((4,5),(((9,10),11),((7,8),6)))),(((25,((26,27),28)),(29,(30,31))),(((20,21),(22,23)),(24,32)))),(0,((1,2),3)))),(33,(34,(35,36))));
Tree Score: 11721.645551075151
Score Improvement: 0.013642039519998761

Step Number: 8
Time Spent: 20.70739212 seconds
New Tree:
Tree: ((12,((((((16,17),18),(((13,14),15),19)),((4,5),(((9,10),11),((7,8),6)))),(((25,((26,27),28)),(29,(30,31))),(((20,21),(24,32)),(22,23)))),(0,((1,2),3)))),(33,(34,(35,36))));
Tree Score: 11875.839776807428
Score Improvement: 0.013154656917443885

Step Number: 9
Time Spent: 20.718491507 seconds
New Tree:
Tree: ((12,((((((16,17),18),(((13,14),15),19)),(((7,8),6),(((9,10),11),(4,5)))),(((25,((26,27),28)),(29,(30,31))),(((20,21),(24,32)),(22,23)))),(0,((1,2),3)))),(33,(34,(35,36))));
Tree Score: 11980.450126898206
Score Improvement: 0.008808669707305539

Step Number: 10
Time Spent: 20.730034875 seconds
New Tree:
Tree: ((12,((((((16,17),18),((19,15),(13,14))),(((7,8),6),(((9,10),11),(4,5)))),(((25,((26,27),28)),(29,(30,31))),(((20,21),(24,32)),(22,23)))),(0,((1,2),3)))),(33,(34,(35,36))));
Tree Score: 12074.177251926121
Score Improvement: 0.00782333919303091

Step Number: 11
Time Spent: 28.659212949 seconds
New Tree:
Tree: (((34,(35,36)),((((((16,17),18),((19,15),(13,14))),(((7,8),6),(((9,10),11),(4,5)))),(((25,((26,27),28)),(29,(30,31))),(((20,21),(24,32)),(22,23)))),(0,((1,2),3)))),(33,12));
Tree Score: 12153.664776994345
Score Improvement: 0.006583266371672947

Step Number: 12
Time Spent: 30.275417566 seconds
New Tree:
Tree: (((34,(35,36)),((((((16,17),18),((19,15),(13,14))),(((7,8),6),(((9,10),11),(4,5)))),((((26,27),(25,28)),(29,(30,31))),(((20,21),(24,32)),(22,23)))),(0,((1,2),3)))),(33,12));
Tree Score: 12212.630252112132
Score Improvement: 0.004851662128233292

Step Number: 13
Time Spent: 30.295696472 seconds
New Tree:
Tree: (((34,(35,36)),((((((16,17),18),((19,15),(13,14))),(((7,8),6),(((9,10),11),(4,5)))),((((26,27),(25,28)),(29,(30,31))),(((20,21),(24,32)),(22,23)))),((1,2),(0,3)))),(33,12));
Tree Score: 12260.886201949288
Score Improvement: 0.003951315059981475

Step Number: 14
Time Spent: 30.295777069 seconds
New Tree:
Tree: (((((((((16,17),18),((19,15),(13,14))),(((7,8),6),(((9,10),11),(4,5)))),((((26,27),(25,28)),(29,(30,31))),(((20,21),(24,32)),(22,23)))),((1,2),(0,3))),(35,36)),34),(33,12));
Tree Score: 12275.461777454671
Score Improvement: 0.0011887864600739206

Step Number: 15
Time Spent: 33.187736723 seconds
New Tree:
Tree: (((((((((16,17),18),((19,15),(13,14))),(((7,8),6),(((9,10),11),(4,5)))),((((26,27),(25,28)),(29,(30,31))),(((20,21),(24,32)),(22,23)))),((1,2),(0,3))),(35,36)),12),(33,34));
Tree Score: 12286.24602762187
Score Improvement: 8.78520935726046E-4

Step Number: 16
Time Spent: 23.720710784 seconds
New Tree:
Tree: (((((((((16,17),18),((19,15),(13,14))),(((7,8),6),(((11,10),9),(4,5)))),((((26,27),(25,28)),(29,(30,31))),(((20,21),(24,32)),(22,23)))),((1,2),(0,3))),(35,36)),12),(33,34));
Tree Score: 12291.613927695398
Score Improvement: 4.3690318926215E-4

Step Number: 17
Time Spent: 27.121576355 seconds
New Tree:
Tree: (((((((((16,17),18),((19,15),(13,14))),(((7,8),6),(((11,10),9),(4,5)))),((((26,27),(25,28)),(30,(29,31))),(((20,21),(24,32)),(22,23)))),((1,2),(0,3))),(35,36)),12),(33,34));
Tree Score: 12294.262227836494
Score Improvement: 2.1545585117421773E-4

Step Number: 18
Time Spent: 33.229764414 seconds
New Tree:
Tree: (((((((((16,18),17),((19,15),(13,14))),(((7,8),6),(((11,10),9),(4,5)))),((((26,27),(25,28)),(30,(29,31))),(((20,21),(24,32)),(22,23)))),((1,2),(0,3))),(35,36)),12),(33,34));
Tree Score: 12294.362802329088
Score Improvement: 8.18060414919941E-6

Step Number: 19
Time Spent: 33.420956255 seconds
New Tree:
Tree: (((((((((16,18),17),((19,15),(13,14))),(((6,8),7),(((11,10),9),(4,5)))),((((26,27),(25,28)),(30,(29,31))),(((20,21),(24,32)),(22,23)))),((1,2),(0,3))),(35,36)),12),(33,34));
Tree Score: 12294.415752417488
Score Improvement: 4.306859107128247E-6

Step Number: 20
Time Spent: 31.545588515 seconds
New Tree:
Tree: (((((((((16,18),17),((19,15),(13,14))),(((6,8),7),(((11,10),9),(4,5)))),((((26,27),(25,28)),(30,(29,31))),(((20,21),(24,32)),(22,23)))),((1,2),(0,3))),(35,36)),12),(33,34));
Tree Score: 12294.415752417488
Score Improvement: 0.0

TOTAL STEPS: 20
TOTAL TIME: 506.059182749 seconds
Final tree: Tree: (((((((((16,18),17),((19,15),(13,14))),(((6,8),7),(((11,10),9),(4,5)))),((((26,27),(25,28)),(30,(29,31))),(((20,21),(24,32)),(22,23)))),((1,2),(0,3))),(35,36)),12),(33,34));
Tree Score: 12294.415752417488
Total Score Improvement: 0.8154446378163656

--------------ITERATION 8--------------
Input tree: ((((0,(1,2)),(3,4)),(((5,6),((7,(8,9)),((10,11),12))),((13,14),15))),((((16,17),(((18,19),20),21)),(22,((23,24),25))),(((26,27),(28,((29,30),31))),(32,(33,((34,35),36))))));
Initial Score: 10666.005772130127

Step Number: 1
Time Spent: 19.549522744 seconds
New Tree:
Tree: ((((0,(1,2)),(3,4)),(((26,27),(28,((29,30),31))),(32,(33,((34,35),36))))),((((16,17),(((18,19),20),21)),(22,((23,24),25))),(((5,6),((7,(8,9)),((10,11),12))),((13,14),15))));
Tree Score: 11836.492123179632
Score Improvement: 0.10973989476997481

Step Number: 2
Time Spent: 19.521436002 seconds
New Tree:
Tree: ((((26,27),(28,((29,30),31))),(((0,(1,2)),(3,4)),(32,(33,((34,35),36))))),((((16,17),(((18,19),20),21)),(22,((23,24),25))),(((5,6),((7,(8,9)),((10,11),12))),((13,14),15))));
Tree Score: 12850.748924277636
Score Improvement: 0.08568896853416264

Step Number: 3
Time Spent: 19.601650741 seconds
New Tree:
Tree: ((((26,27),(28,((29,30),31))),(((0,(1,2)),(3,4)),(32,(33,((34,35),36))))),((((16,17),(22,((23,24),25))),(((18,19),20),21)),(((5,6),((7,(8,9)),((10,11),12))),((13,14),15))));
Tree Score: 13298.69150083118
Score Improvement: 0.034857312923396444

Step Number: 4
Time Spent: 21.321122051 seconds
New Tree:
Tree: ((((26,27),(28,((29,30),31))),(((0,(1,2)),(3,4)),(32,(33,((34,35),36))))),((((16,17),(22,((23,24),25))),(((18,19),20),21)),(((5,6),((13,14),15)),((7,(8,9)),((10,11),12)))));
Tree Score: 13638.624100831908
Score Improvement: 0.02556135691842165

Step Number: 5
Time Spent: 26.76908586 seconds
New Tree:
Tree: ((((26,27),(28,((29,30),31))),(((0,(1,2)),(3,4)),(32,(33,((34,35),36))))),(((((23,24),25),(22,(16,17))),(((18,19),20),21)),(((5,6),((13,14),15)),((7,(8,9)),((10,11),12)))));
Tree Score: 13790.12527603946
Score Improvement: 0.011108244797091382

Step Number: 6
Time Spent: 20.928082405 seconds
New Tree:
Tree: ((((26,27),(28,((29,30),31))),(((0,(1,2)),(3,4)),(32,(33,((34,35),36))))),(((((23,24),25),(22,(16,17))),((21,20),(18,19))),(((5,6),((13,14),15)),((7,(8,9)),((10,11),12)))));
Tree Score: 13928.38310117937
Score Improvement: 0.010025857080510736

Step Number: 7
Time Spent: 19.655079672 seconds
New Tree:
Tree: ((((26,27),(28,((29,30),31))),(((0,(1,2)),(3,4)),(((34,35),36),(33,32)))),(((((23,24),25),(22,(16,17))),((21,20),(18,19))),(((5,6),((13,14),15)),((7,(8,9)),((10,11),12)))));
Tree Score: 14039.755275901513
Score Improvement: 0.007996059119935728

Step Number: 8
Time Spent: 19.712059055 seconds
New Tree:
Tree: ((((26,27),(28,((29,30),31))),(((0,(1,2)),(3,4)),(((34,35),36),(33,32)))),(((((23,24),(22,(16,17))),25),((21,20),(18,19))),(((5,6),((13,14),15)),((7,(8,9)),((10,11),12)))));
Tree Score: 14075.35932653661
Score Improvement: 0.002535945245157656

Step Number: 9
Time Spent: 19.689999057 seconds
New Tree:
Tree: ((((26,27),(28,((29,30),31))),(((0,(1,2)),(3,4)),(((34,35),36),(33,32)))),(((((23,24),(22,(16,17))),25),((21,20),(18,19))),(((5,6),((13,14),15)),((9,(8,7)),((10,11),12)))));
Tree Score: 14108.277226663038
Score Improvement: 0.0023386898595452177

Step Number: 10
Time Spent: 19.791239376 seconds
New Tree:
Tree: ((((26,27),(28,((29,30),31))),(((0,(3,4)),(1,2)),(((34,35),36),(33,32)))),(((((23,24),(22,(16,17))),25),((21,20),(18,19))),(((5,6),((13,14),15)),((9,(8,7)),((10,11),12)))));
Tree Score: 14137.765451188974
Score Improvement: 0.0020901364533869593

Step Number: 11
Time Spent: 19.76968426 seconds
New Tree:
Tree: ((((26,27),(28,((29,30),31))),(((0,(3,4)),(1,2)),(((34,35),36),(33,32)))),(((((23,24),(22,(16,17))),25),((21,20),(18,19))),(((13,14),((5,6),15)),((9,(8,7)),((10,11),12)))));
Tree Score: 14159.05542610151
Score Improvement: 0.0015058939113143932

Step Number: 12
Time Spent: 19.853196416 seconds
New Tree:
Tree: ((((26,27),((29,30),(28,31))),(((0,(3,4)),(1,2)),(((34,35),36),(33,32)))),(((((23,24),(22,(16,17))),25),((21,20),(18,19))),(((13,14),((5,6),15)),((9,(8,7)),((10,11),12)))));
Tree Score: 14171.779451210477
Score Improvement: 8.986492902280929E-4

Step Number: 13
Time Spent: 19.908719887 seconds
New Tree:
Tree: ((((29,30),((26,27),(28,31))),(((0,(3,4)),(1,2)),(((34,35),36),(33,32)))),(((((23,24),(22,(16,17))),25),((21,20),(18,19))),(((13,14),((5,6),15)),((9,(8,7)),((10,11),12)))));
Tree Score: 14188.995726137731
Score Improvement: 0.00121482803105466

Step Number: 14
Time Spent: 19.821158264 seconds
New Tree:
Tree: ((((29,30),((26,27),(28,31))),(((0,(3,4)),(1,2)),(((34,35),36),(33,32)))),(((((23,24),(16,(22,17))),25),((21,20),(18,19))),(((13,14),((5,6),15)),((9,(8,7)),((10,11),12)))));
Tree Score: 14200.803350942519
Score Improvement: 8.32167761037228E-4

Step Number: 15
Time Spent: 19.729656264 seconds
New Tree:
Tree: ((((29,30),((26,27),(28,31))),(((0,(3,4)),(1,2)),(((33,32),36),(34,35)))),(((((23,24),(16,(22,17))),25),((21,20),(18,19))),(((13,14),((5,6),15)),((9,(8,7)),((10,11),12)))));
Tree Score: 14207.682576312061
Score Improvement: 4.8442508494317416E-4

Step Number: 16
Time Spent: 19.674071753 seconds
New Tree:
Tree: ((((29,30),((26,27),(28,31))),(((0,(3,4)),(1,2)),(((36,32),33),(34,35)))),(((((23,24),(16,(22,17))),25),((21,20),(18,19))),(((13,14),((5,6),15)),((9,(8,7)),((10,11),12)))));
Tree Score: 14218.26642625251
Score Improvement: 7.449385136246711E-4

Step Number: 17
Time Spent: 19.76299088 seconds
New Tree:
Tree: ((((29,30),((26,27),(28,31))),(((0,(3,4)),(1,2)),(((36,32),33),(34,35)))),(((((23,24),(16,(22,17))),25),((21,20),(18,19))),(((13,14),((15,6),5)),((9,(8,7)),((10,11),12)))));
Tree Score: 14223.802901475534
Score Improvement: 3.8939172027330216E-4

Step Number: 18
Time Spent: 20.101140516 seconds
New Tree:
Tree: ((((29,30),((26,27),(28,31))),(((0,(3,4)),(1,2)),(((36,32),33),(34,35)))),(((((23,24),(16,(22,17))),25),((21,20),(18,19))),(((13,14),((15,6),5)),((9,(8,7)),((10,11),12)))));
Tree Score: 14223.802901475534
Score Improvement: 0.0

TOTAL STEPS: 18
TOTAL TIME: 365.159895203 seconds
Final tree: Tree: ((((29,30),((26,27),(28,31))),(((0,(3,4)),(1,2)),(((36,32),33),(34,35)))),(((((23,24),(16,(22,17))),25),((21,20),(18,19))),(((13,14),((15,6),5)),((9,(8,7)),((10,11),12)))));
Tree Score: 14223.802901475534
Total Score Improvement: 0.3335641481314211

--------------ITERATION 9--------------
Input tree: (((0,((1,2),(((((3,4),5),(6,((7,(8,9)),10))),11),(((12,13),((((14,15),16),((17,(18,19)),20)),21)),(22,23))))),((((24,25),26),((27,28),29)),(30,31))),(((32,(33,34)),35),36));
Initial Score: 7875.872351657366

Step Number: 1
Time Spent: 21.702737339 seconds
New Tree:
Tree: (((0,((1,2),(((((3,4),5),(6,((7,(8,9)),10))),11),(((12,13),(22,23)),((((14,15),16),((17,(18,19)),20)),21))))),((((24,25),26),((27,28),29)),(30,31))),(((32,(33,34)),35),36));
Tree Score: 8530.315877033565
Score Improvement: 0.08309473492653541

Step Number: 2
Time Spent: 21.376594398 seconds
New Tree:
Tree: (((0,((1,2),(((((3,4),5),(6,((7,(8,9)),10))),11),((((14,15),16),((17,(18,19)),20)),(((12,13),(22,23)),21))))),((((24,25),26),((27,28),29)),(30,31))),(((32,(33,34)),35),36));
Tree Score: 9133.287178079467
Score Improvement: 0.07068569437965366

Step Number: 3
Time Spent: 21.48645816 seconds
New Tree:
Tree: ((((((((3,4),5),(6,((7,(8,9)),10))),11),((((14,15),16),((17,(18,19)),20)),(((12,13),(22,23)),21))),((1,2),0)),((((24,25),26),((27,28),29)),(30,31))),(((32,(33,34)),35),36));
Tree Score: 9708.672602157621
Score Improvement: 0.06299872245987403

Step Number: 4
Time Spent: 21.982965851 seconds
New Tree:
Tree: ((((((((3,4),5),(6,((7,(8,9)),10))),11),((((14,15),16),((17,(18,19)),20)),(((12,13),(22,23)),21))),((((24,25),26),((27,28),29)),(30,31))),((1,2),0)),(((32,(33,34)),35),36));
Tree Score: 11780.240278994184
Score Improvement: 0.21337290500208916

Step Number: 5
Time Spent: 22.376076037 seconds
New Tree:
Tree: ((((((((3,4),5),(6,((7,(8,9)),10))),11),((((14,15),16),((17,(18,19)),20)),(((12,13),(22,23)),21))),((((24,25),26),(30,31)),((27,28),29))),((1,2),0)),(((32,(33,34)),35),36));
Tree Score: 12323.247953494647
Score Improvement: 0.04609478768176922

Step Number: 6
Time Spent: 22.580680546 seconds
New Tree:
Tree: ((36,((1,2),0)),(((32,(33,34)),35),((((((3,4),5),(6,((7,(8,9)),10))),11),((((14,15),16),((17,(18,19)),20)),(((12,13),(22,23)),21))),((((24,25),26),(30,31)),((27,28),29)))));
Tree Score: 12619.75195371882
Score Improvement: 0.02406053999263147

Step Number: 7
Time Spent: 21.553944884 seconds
New Tree:
Tree: ((36,((1,2),0)),(((32,(33,34)),35),((((((3,4),5),(6,((7,(8,9)),10))),11),(((17,(18,19)),(((14,15),16),20)),(((12,13),(22,23)),21))),((((24,25),26),(30,31)),((27,28),29)))));
Tree Score: 12742.454453117083
Score Improvement: 0.009723051597864796

Step Number: 8
Time Spent: 21.573010019 seconds
New Tree:
Tree: ((36,((1,2),0)),(((32,(33,34)),35),((((((3,4),5),((7,(8,9)),(6,10))),11),(((17,(18,19)),(((14,15),16),20)),(((12,13),(22,23)),21))),((((24,25),26),(30,31)),((27,28),29)))));
Tree Score: 12846.613727757576
Score Improvement: 0.00817419242295303

Step Number: 9
Time Spent: 21.506604925 seconds
New Tree:
Tree: ((36,((1,2),0)),(((32,35),(33,34)),((((((3,4),5),((7,(8,9)),(6,10))),11),(((17,(18,19)),(((14,15),16),20)),(((12,13),(22,23)),21))),((((24,25),26),(30,31)),((27,28),29)))));
Tree Score: 12924.394327627364
Score Improvement: 0.00605456048715225

Step Number: 10
Time Spent: 21.486439722 seconds
New Tree:
Tree: ((36,((1,2),0)),(((32,35),(33,34)),((((((3,4),5),11),((7,(8,9)),(6,10))),(((17,(18,19)),(((14,15),16),20)),(((12,13),(22,23)),21))),((((24,25),26),(30,31)),((27,28),29)))));
Tree Score: 12994.80565253539
Score Improvement: 0.00544794000578519

Step Number: 11
Time Spent: 21.347278939 seconds
New Tree:
Tree: ((36,((1,2),0)),(((32,35),(33,34)),(((((11,5),(3,4)),((7,(8,9)),(6,10))),(((17,(18,19)),(((14,15),16),20)),(((12,13),(22,23)),21))),((((24,25),26),(30,31)),((27,28),29)))));
Tree Score: 13171.143177539678
Score Improvement: 0.01356984703883457

Step Number: 12
Time Spent: 22.081602486 seconds
New Tree:
Tree: ((36,((1,2),0)),(((32,35),(33,34)),(((((11,5),(3,4)),((7,(8,9)),(6,10))),(((17,(18,19)),((20,16),(14,15))),(((12,13),(22,23)),21))),((((24,25),26),(30,31)),((27,28),29)))));
Tree Score: 13238.855202402789
Score Improvement: 0.005140937574695803

Step Number: 13
Time Spent: 21.13831731 seconds
New Tree:
Tree: ((36,((1,2),0)),(((32,35),(33,34)),(((((11,5),(3,4)),((7,(6,10)),(8,9))),(((17,(18,19)),((20,16),(14,15))),(((12,13),(22,23)),21))),((((24,25),26),(30,31)),((27,28),29)))));
Tree Score: 13288.243927877265
Score Improvement: 0.0037305888401524268

Step Number: 14
Time Spent: 21.130319576 seconds
New Tree:
Tree: ((36,((1,2),0)),(((32,35),(33,34)),(((((11,5),(3,4)),((7,(6,10)),(8,9))),(((17,(18,19)),((20,16),(14,15))),(((12,13),21),(22,23)))),((((24,25),26),(30,31)),((27,28),29)))));
Tree Score: 13327.423252882356
Score Improvement: 0.0029484200634590785

Step Number: 15
Time Spent: 21.092199295 seconds
New Tree:
Tree: ((36,((1,2),0)),(((32,35),(33,34)),(((((11,5),(3,4)),((7,(6,10)),(8,9))),(((17,(18,19)),((20,16),(14,15))),(((12,13),21),(22,23)))),((((30,31),26),(24,25)),((27,28),29)))));
Tree Score: 13355.747528293206
Score Improvement: 0.0021252626913250694

Step Number: 16
Time Spent: 21.062623257 seconds
New Tree:
Tree: (((1,2),(36,0)),(((32,35),(33,34)),(((((11,5),(3,4)),((7,(6,10)),(8,9))),(((17,(18,19)),((20,16),(14,15))),(((12,13),21),(22,23)))),((((30,31),26),(24,25)),((27,28),29)))));
Tree Score: 13371.875878296829
Score Improvement: 0.001207596203017136

Step Number: 17
Time Spent: 21.05550671 seconds
New Tree:
Tree: (((1,2),(36,0)),(((32,35),(33,34)),(((((11,5),(3,4)),((7,(6,10)),(8,9))),(((19,(18,17)),((20,16),(14,15))),(((12,13),21),(22,23)))),((((30,31),26),(24,25)),((27,28),29)))));
Tree Score: 13383.741002909876
Score Improvement: 8.873193799461276E-4

Step Number: 18
Time Spent: 21.110920321 seconds
New Tree:
Tree: (((1,2),(36,0)),(((32,35),(33,34)),(((((11,5),(3,4)),((7,(6,10)),(8,9))),(((19,(18,17)),((20,16),(14,15))),(((12,21),13),(22,23)))),((((30,31),26),(24,25)),((27,28),29)))));
Tree Score: 13392.679527996144
Score Improvement: 6.678644696072045E-4

Step Number: 19
Time Spent: 21.127865352 seconds
New Tree:
Tree: (((1,2),(36,0)),(((32,35),(33,34)),(((((11,5),(3,4)),((7,(6,10)),(8,9))),(((19,(18,17)),((20,16),(14,15))),(((22,23),13),(12,21)))),((((30,31),26),(24,25)),((27,28),29)))));
Tree Score: 13444.944652850027
Score Improvement: 0.0039025144105500065

Step Number: 20
Time Spent: 21.099611271 seconds
New Tree:
Tree: (((1,2),(36,0)),(((32,35),(33,34)),(((((11,5),(3,4)),((7,(6,10)),(8,9))),(((19,(18,17)),((20,16),(14,15))),(((22,13),23),(12,21)))),((((30,31),26),(24,25)),((27,28),29)))));
Tree Score: 13457.402502659286
Score Improvement: 9.265824539201883E-4

Step Number: 21
Time Spent: 25.371290093 seconds
New Tree:
Tree: (((1,2),(36,0)),(((32,35),(33,34)),(((((11,5),(3,4)),((7,(6,10)),(8,9))),(((19,(18,17)),((20,16),(14,15))),(((22,13),23),(12,21)))),((((30,26),31),(24,25)),((27,28),29)))));
Tree Score: 13464.634077785115
Score Improvement: 5.37367825953039E-4

Step Number: 22
Time Spent: 29.718221012 seconds
New Tree:
Tree: (((1,2),(36,0)),(((32,35),(33,34)),(((((11,5),(3,4)),((7,(6,10)),(8,9))),(((19,(18,17)),((20,16),(14,15))),(((22,13),23),(12,21)))),((((30,26),31),(24,25)),((27,28),29)))));
Tree Score: 13464.634077785115
Score Improvement: 0.0

TOTAL STEPS: 22
TOTAL TIME: 484.961267503 seconds
Final tree: Tree: (((1,2),(36,0)),(((32,35),(33,34)),(((((11,5),(3,4)),((7,(6,10)),(8,9))),(((19,(18,17)),((20,16),(14,15))),(((22,13),23),(12,21)))),((((30,26),31),(24,25)),((27,28),29)))));
Tree Score: 13464.634077785115
Total Score Improvement: 0.7096054223062251

--------------ITERATION 10--------------
Input tree: ((0,1),(((2,3),4),((((5,(6,7)),(8,(9,(10,11)))),(((12,13),14),((15,(((16,17),18),19)),((20,((21,22),23)),(24,25))))),((26,27),(28,((29,(((30,31),32),(33,34))),(35,36)))))));
Initial Score: 9917.496899087015

Step Number: 1
Time Spent: 29.53981257 seconds
New Tree:
Tree: ((0,1),(((2,3),4),((((15,(((16,17),18),19)),((20,((21,22),23)),(24,25))),(((12,13),14),((5,(6,7)),(8,(9,(10,11)))))),((26,27),(28,((29,(((30,31),32),(33,34))),(35,36)))))));
Tree Score: 12057.552899995386
Score Improvement: 0.21578590068481707

Step Number: 2
Time Spent: 29.669319612 seconds
New Tree:
Tree: ((0,1),(((2,3),4),((((15,(((16,17),18),19)),((20,((21,22),23)),(24,25))),(((12,13),14),((5,(6,7)),(8,(9,(10,11)))))),(((29,(((30,31),32),(33,34))),(35,36)),(28,(26,27))))));
Tree Score: 12392.028649718766
Score Improvement: 0.027739936328498915

Step Number: 3
Time Spent: 30.048000379 seconds
New Tree:
Tree: ((0,1),(((2,3),4),((28,(26,27)),(((29,(((30,31),32),(33,34))),(35,36)),(((15,(((16,17),18),19)),((20,((21,22),23)),(24,25))),(((12,13),14),((5,(6,7)),(8,(9,(10,11))))))))));
Tree Score: 12834.1158239783
Score Improvement: 0.03567512525639338

Step Number: 4
Time Spent: 29.430109933 seconds
New Tree:
Tree: ((0,1),(((2,3),4),((28,(26,27)),(((29,(((30,31),32),(33,34))),(35,36)),(((((16,17),18),(15,19)),((20,((21,22),23)),(24,25))),(((12,13),14),((5,(6,7)),(8,(9,(10,11))))))))));
Tree Score: 13133.755073393437
Score Improvement: 0.02334708939242347

Step Number: 5
Time Spent: 29.536731033 seconds
New Tree:
Tree: ((0,1),(((2,3),4),((28,(26,27)),(((29,(((30,31),32),(33,34))),(35,36)),(((((16,17),18),(15,19)),((20,((21,22),23)),(24,25))),(((12,13),14),((5,(6,7)),((10,11),(9,8)))))))));
Tree Score: 13238.315923589023
Score Improvement: 0.007961230402979469

Step Number: 6
Time Spent: 29.591570619 seconds
New Tree:
Tree: ((0,1),(((2,3),4),((28,(26,27)),(((29,(35,36)),(((30,31),32),(33,34))),(((((16,17),18),(15,19)),((20,((21,22),23)),(24,25))),(((12,13),14),((5,(6,7)),((10,11),(9,8)))))))));
Tree Score: 13304.407798104661
Score Improvement: 0.004992468445164544

Step Number: 7
Time Spent: 29.454630998 seconds
New Tree:
Tree: ((0,1),(((2,3),4),((28,(26,27)),(((36,(35,29)),(((30,31),32),(33,34))),(((((16,17),18),(15,19)),((20,((21,22),23)),(24,25))),(((12,13),14),((5,(6,7)),((10,11),(9,8)))))))));
Tree Score: 13390.059298201206
Score Improvement: 0.00643782883058841

Step Number: 8
Time Spent: 29.462914663 seconds
New Tree:
Tree: ((0,1),(((2,3),4),((28,(26,27)),(((36,(35,29)),(((30,31),32),(33,34))),(((((16,17),18),(15,19)),((20,((21,22),23)),(24,25))),(((12,13),14),((6,(5,7)),((10,11),(9,8)))))))));
Tree Score: 13446.892948284472
Score Improvement: 0.004244465899482686

Step Number: 9
Time Spent: 29.548974909 seconds
New Tree:
Tree: ((0,1),((((36,(35,29)),(((30,31),32),(33,34))),(((((16,17),18),(15,19)),((20,((21,22),23)),(24,25))),(((12,13),14),((6,(5,7)),((10,11),(9,8)))))),((28,(26,27)),((2,3),4))));
Tree Score: 13486.181098423422
Score Improvement: 0.0029217269959720404

Step Number: 10
Time Spent: 29.12823642 seconds
New Tree:
Tree: ((0,1),(((((30,31),32),((36,(35,29)),(33,34))),(((((16,17),18),(15,19)),((20,((21,22),23)),(24,25))),(((12,13),14),((6,(5,7)),((10,11),(9,8)))))),((28,(26,27)),((2,3),4))));
Tree Score: 13504.532847213548
Score Improvement: 0.0013607817258416421

Step Number: 11
Time Spent: 29.173024168 seconds
New Tree:
Tree: ((0,1),(((((30,31),32),((36,(35,29)),(33,34))),(((((16,17),18),(15,19)),((20,((21,22),23)),(24,25))),(((10,11),(9,8)),((6,(5,7)),((12,13),14))))),((28,(26,27)),((2,3),4))));
Tree Score: 13522.257771436929
Score Improvement: 0.0013125166508101138

Step Number: 12
Time Spent: 20.102058928 seconds
New Tree:
Tree: ((0,1),(((((30,31),32),((36,(35,29)),(33,34))),(((((15,19),18),(16,17)),((20,((21,22),23)),(24,25))),(((10,11),(9,8)),((6,(5,7)),((12,13),14))))),((28,(26,27)),((2,3),4))));
Tree Score: 13537.609571243742
Score Improvement: 0.001135298562289

Step Number: 13
Time Spent: 20.097744763 seconds
New Tree:
Tree: ((0,1),(((((30,31),32),((36,(35,29)),(33,34))),(((((15,19),18),(16,17)),((20,((21,22),23)),(24,25))),(((10,11),(9,8)),((6,(5,7)),((14,13),12))))),((28,(26,27)),((2,3),4))));
Tree Score: 13552.715696561256
Score Improvement: 0.0011158635679375806

Step Number: 14
Time Spent: 20.140642955 seconds
New Tree:
Tree: ((0,1),(((((30,31),32),((36,(35,29)),(33,34))),(((((15,19),18),(16,17)),(((21,22),(20,23)),(24,25))),(((10,11),(9,8)),((6,(5,7)),((14,13),12))))),((28,(26,27)),((2,3),4))));
Tree Score: 13560.452696458906
Score Improvement: 5.708818860277187E-4

Step Number: 15
Time Spent: 23.307250455 seconds
New Tree:
Tree: ((0,1),(((((30,31),32),((36,(35,29)),(33,34))),(((((15,19),18),(16,17)),(((21,22),(20,23)),(24,25))),(((10,11),(9,8)),((6,(5,7)),((14,13),12))))),((28,(26,27)),((4,3),2))));
Tree Score: 13560.828096301764
Score Improvement: 2.7683429990155162E-5

Step Number: 16
Time Spent: 29.224761893 seconds
New Tree:
Tree: ((0,1),(((((30,32),31),((36,(35,29)),(33,34))),(((((15,19),18),(16,17)),(((21,22),(20,23)),(24,25))),(((10,11),(9,8)),((6,(5,7)),((14,13),12))))),((28,(26,27)),((4,3),2))));
Tree Score: 13560.884621518202
Score Improvement: 4.1682717335511654E-6

Step Number: 17
Time Spent: 29.220272564 seconds
New Tree:
Tree: ((0,1),(((((30,32),31),((36,(35,29)),(33,34))),(((((15,19),18),(16,17)),(((21,22),(20,23)),(24,25))),(((10,11),(9,8)),((6,(5,7)),((14,13),12))))),((28,(26,27)),((4,3),2))));
Tree Score: 13560.884621518202
Score Improvement: 0.0

TOTAL STEPS: 17
TOTAL TIME: 466.676056862 seconds
Final tree: Tree: ((0,1),(((((30,32),31),((36,(35,29)),(33,34))),(((((15,19),18),(16,17)),(((21,22),(20,23)),(24,25))),(((10,11),(9,8)),((6,(5,7)),((14,13),12))))),((28,(26,27)),((4,3),2))));
Tree Score: 13560.884621518202
Total Score Improvement: 0.36736968607135045

===========================================================
RESULTS FROM 10 ITERATION(S):
AVERAGE TIME PER RUN: 469.734744681 seconds
AVERAGE IMPROVEMENT: 0.42107880114853735
BEST Tree: ((((6,7),(((3,5),4),(1,(0,2)))),((35,36),(33,(32,34)))),((((26,27),(28,29)),(((30,25),31),(23,24))),((((13,14),((11,12),15)),((10,(21,8)),(9,22))),(((16,18),17),(19,20)))));
Tree Score: 15044.57048101339
BEST'S IMPROVEMENT :0.29998400671743886
