--------------ITERATION 1--------------
Input tree: ((0,1),(((((((((2,3),(((4,5),6),7)),8),((9,(10,11)),((12,13),14))),15),16),((17,18),19)),((20,21),(22,23))),((24,(25,((((26,(27,28)),29),(30,31)),(32,33)))),((34,35),36))));
Initial Score: 6736.3238277887285

Step Number: 1
Time Spent: 14.42771703 seconds
New Tree:
Tree: ((0,1),(((((20,21),(22,23)),((17,18),19)),((((((2,3),(((4,5),6),7)),8),((9,(10,11)),((12,13),14))),15),16)),((24,(25,((((26,(27,28)),29),(30,31)),(32,33)))),((34,35),36))));
Tree Score: 8026.212950554043
Score Improvement: 0.19148264776765256

Step Number: 2
Time Spent: 13.973393824 seconds
New Tree:
Tree: ((0,1),(((34,35),36),((24,(25,((((26,(27,28)),29),(30,31)),(32,33)))),((((20,21),(22,23)),((17,18),19)),((((((2,3),(((4,5),6),7)),8),((9,(10,11)),((12,13),14))),15),16)))));
Tree Score: 9680.396476303507
Score Improvement: 0.20609763732163078

Step Number: 3
Time Spent: 13.303939489 seconds
New Tree:
Tree: ((0,1),(((34,35),36),((((((26,(27,28)),29),(30,31)),(32,33)),(25,24)),((((20,21),(22,23)),((17,18),19)),((((((2,3),(((4,5),6),7)),8),((9,(10,11)),((12,13),14))),15),16)))));
Tree Score: 10212.072001815122
Score Improvement: 0.054922908045460295

Step Number: 4
Time Spent: 12.788744504 seconds
New Tree:
Tree: ((0,1),(((34,35),36),(((((32,33),(30,31)),((26,(27,28)),29)),(25,24)),((((20,21),(22,23)),((17,18),19)),((((((2,3),(((4,5),6),7)),8),((9,(10,11)),((12,13),14))),15),16)))));
Tree Score: 10309.65222659735
Score Improvement: 0.009555379629607508

Step Number: 5
Time Spent: 12.721754981 seconds
New Tree:
Tree: ((0,1),(((34,35),36),((((25,24),((26,(27,28)),29)),((32,33),(30,31))),((((20,21),(22,23)),((17,18),19)),((((((2,3),(((4,5),6),7)),8),((9,(10,11)),((12,13),14))),15),16)))));
Tree Score: 10425.229976191466
Score Improvement: 0.011210635145959769

Step Number: 6
Time Spent: 12.660658105 seconds
New Tree:
Tree: ((0,1),(((34,35),36),((((25,24),((26,(27,28)),29)),((((20,21),(22,23)),((17,18),19)),((((((2,3),(((4,5),6),7)),8),((9,(10,11)),((12,13),14))),15),16))),((32,33),(30,31)))));
Tree Score: 11161.122702982673
Score Improvement: 0.07058767321889259

Step Number: 7
Time Spent: 12.833996418 seconds
New Tree:
Tree: ((0,1),(((34,35),36),((((25,24),((26,(27,28)),29)),((((20,21),(22,23)),((17,18),19)),((((((2,3),((7,6),(4,5))),8),((9,(10,11)),((12,13),14))),15),16))),((32,33),(30,31)))));
Tree Score: 11208.84010292024
Score Improvement: 0.00427532258245078

Step Number: 8
Time Spent: 12.070337716 seconds
New Tree:
Tree: ((0,1),(((34,35),36),((((25,24),((26,(27,28)),29)),((((20,21),(22,23)),((17,18),19)),((((((7,6),((2,3),(4,5))),8),((9,(10,11)),((12,13),14))),15),16))),((32,33),(30,31)))));
Tree Score: 11305.006627774263
Score Improvement: 0.008579525086540363

Step Number: 9
Time Spent: 12.834970984 seconds
New Tree:
Tree: ((0,1),(((34,35),36),((((25,24),((26,(27,28)),29)),((((20,21),(22,23)),((17,18),19)),((((((7,6),8),((2,3),(4,5))),((9,(10,11)),((12,13),14))),15),16))),((32,33),(30,31)))));
Tree Score: 11450.562127923873
Score Improvement: 0.012875313119411036

Step Number: 10
Time Spent: 12.063056063 seconds
New Tree:
Tree: ((0,1),(((34,35),36),((((25,24),((26,(27,28)),29)),((((20,21),(22,23)),((17,18),19)),((((((7,6),8),((9,(10,11)),((12,13),14))),((2,3),(4,5))),15),16))),((32,33),(30,31)))));
Tree Score: 11915.12525141791
Score Improvement: 0.04057120674985315

Step Number: 11
Time Spent: 12.322463353 seconds
New Tree:
Tree: ((0,1),(((36,35),34),((((25,24),((26,(27,28)),29)),((((20,21),(22,23)),((17,18),19)),((((((7,6),8),((9,(10,11)),((12,13),14))),((2,3),(4,5))),15),16))),((32,33),(30,31)))));
Tree Score: 11931.733026286518
Score Improvement: 0.0013938397220483179

Step Number: 12
Time Spent: 12.3458745 seconds
New Tree:
Tree: ((0,1),(((36,35),34),((((25,24),((28,(27,26)),29)),((((20,21),(22,23)),((17,18),19)),((((((7,6),8),((9,(10,11)),((12,13),14))),((2,3),(4,5))),15),16))),((32,33),(30,31)))));
Tree Score: 11933.091426274204
Score Improvement: 1.1384766862398976E-4

Step Number: 13
Time Spent: 12.369724181 seconds
New Tree:
Tree: ((0,1),(((36,35),34),((((25,24),((28,29),(27,26))),((((20,21),(22,23)),((17,18),19)),((((((7,6),8),((9,(10,11)),((12,13),14))),((2,3),(4,5))),15),16))),((32,33),(30,31)))));
Tree Score: 12001.822675876716
Score Improvement: 0.0057597186803730605

Step Number: 14
Time Spent: 12.330264554 seconds
New Tree:
Tree: ((0,1),(((36,35),34),((((25,24),((28,29),(27,26))),((((20,21),(22,23)),((17,18),19)),((((((7,6),8),((9,(10,11)),((12,13),14))),((2,3),(4,5))),15),16))),((32,33),(30,31)))));
Tree Score: 12001.822675876716
Score Improvement: 0.0

TOTAL STEPS: 14
TOTAL TIME: 179.046895702 seconds
Final tree: Tree: ((0,1),(((36,35),34),((((25,24),((28,29),(27,26))),((((20,21),(22,23)),((17,18),19)),((((((7,6),8),((9,(10,11)),((12,13),14))),((2,3),(4,5))),15),16))),((32,33),(30,31)))));
Tree Score: 12001.822675876716
Total Score Improvement: 0.7816576196005773

--------------ITERATION 2--------------
Input tree: (((0,(1,((2,3),(4,(5,6))))),7),((((8,9),(10,11)),((12,((13,14),15)),(((16,((17,18),19)),((20,(21,22)),((23,24),25))),26))),(((((27,28),29),((30,31),32)),((33,34),35)),36)));
Initial Score: 8098.681123028335

Step Number: 1
Time Spent: 11.487811265 seconds
New Tree:
Tree: (((0,(1,((2,3),(4,(5,6))))),7),(((((16,((17,18),19)),((20,(21,22)),((23,24),25))),26),((12,((13,14),15)),((8,9),(10,11)))),(((((27,28),29),((30,31),32)),((33,34),35)),36)));
Tree Score: 10106.624475491233
Score Improvement: 0.24793461082859247

Step Number: 2
Time Spent: 11.567487877 seconds
New Tree:
Tree: (((0,(1,((2,3),(4,(5,6))))),7),(36,(((((27,28),29),((30,31),32)),((33,34),35)),((((16,((17,18),19)),((20,(21,22)),((23,24),25))),26),((12,((13,14),15)),((8,9),(10,11)))))));
Tree Score: 10942.602376456663
Score Improvement: 0.08271583682491546

Step Number: 3
Time Spent: 10.95460156 seconds
New Tree:
Tree: (((0,(1,((2,3),(4,(5,6))))),7),(36,(((((27,28),29),((30,31),32)),((33,34),35)),(((((23,24),25),((20,(21,22)),(16,((17,18),19)))),26),((12,((13,14),15)),((8,9),(10,11)))))));
Tree Score: 11429.55072748987
Score Improvement: 0.04450023260288516

Step Number: 4
Time Spent: 11.20992041 seconds
New Tree:
Tree: (((0,(1,((2,3),(4,(5,6))))),7),(36,(((((27,28),29),((30,31),32)),((33,34),35)),(((((23,24),25),26),((20,(21,22)),(16,((17,18),19)))),((12,((13,14),15)),((8,9),(10,11)))))));
Tree Score: 11735.137752312701
Score Improvement: 0.02673657365095261

Step Number: 5
Time Spent: 9.17520573 seconds
New Tree:
Tree: (((0,(1,((2,3),(4,(5,6))))),7),(36,(((((27,28),29),((30,31),32)),((33,34),35)),((((12,((13,14),15)),((8,9),(10,11))),((20,(21,22)),(16,((17,18),19)))),(((23,24),25),26)))));
Tree Score: 12181.589426761144
Score Improvement: 0.03804400799304286

Step Number: 6
Time Spent: 9.195562927 seconds
New Tree:
Tree: (((0,(1,((2,3),(4,(5,6))))),7),(36,((((12,((13,14),15)),((8,9),(10,11))),((20,(21,22)),(16,((17,18),19)))),(((((27,28),29),((30,31),32)),((33,34),35)),(((23,24),25),26)))));
Tree Score: 13403.39552563848
Score Improvement: 0.10029939904173824

Step Number: 7
Time Spent: 8.599731363 seconds
New Tree:
Tree: (((0,((4,(5,6)),((2,3),1))),7),(36,((((12,((13,14),15)),((8,9),(10,11))),((20,(21,22)),(16,((17,18),19)))),(((((27,28),29),((30,31),32)),((33,34),35)),(((23,24),25),26)))));
Tree Score: 13531.925575994275
Score Improvement: 0.00958936488220008

Step Number: 8
Time Spent: 8.608547777 seconds
New Tree:
Tree: (((0,((4,(5,6)),((2,3),1))),7),(36,((((12,((13,14),15)),((8,9),(10,11))),((21,(20,22)),(16,((17,18),19)))),(((((27,28),29),((30,31),32)),((33,34),35)),(((23,24),25),26)))));
Tree Score: 13551.300476074539
Score Improvement: 0.0014317918001731655

Step Number: 9
Time Spent: 8.045813717 seconds
New Tree:
Tree: (((0,((4,(5,6)),((2,3),1))),7),(36,((((12,((13,14),15)),((8,9),(10,11))),((21,(20,22)),(16,((17,18),19)))),(((((27,28),29),((30,31),32)),((33,34),35)),(((23,24),25),26)))));
Tree Score: 13551.300476074539
Score Improvement: 0.0

TOTAL STEPS: 9
TOTAL TIME: 88.844682626 seconds
Final tree: Tree: (((0,((4,(5,6)),((2,3),1))),7),(36,((((12,((13,14),15)),((8,9),(10,11))),((21,(20,22)),(16,((17,18),19)))),(((((27,28),29),((30,31),32)),((33,34),35)),(((23,24),25),26)))));
Tree Score: 13551.300476074539
Total Score Improvement: 0.6732725082287607

--------------ITERATION 3--------------
Input tree: (((((0,((1,2),(3,4))),(5,((6,7),8))),((9,10),((11,12),(13,14)))),((15,(16,17)),((18,19),20))),((21,(((22,23),24),(((25,((26,27),28)),29),((30,31),32)))),((33,34),(35,36))));
Initial Score: 9965.946475386228

Step Number: 1
Time Spent: 9.032180908 seconds
New Tree:
Tree: (((((15,(16,17)),((18,19),20)),((9,10),((11,12),(13,14)))),((0,((1,2),(3,4))),(5,((6,7),8)))),((21,(((22,23),24),(((25,((26,27),28)),29),((30,31),32)))),((33,34),(35,36))));
Tree Score: 10451.201878391252
Score Improvement: 0.0486913515142291

Step Number: 2
Time Spent: 10.123052869 seconds
New Tree:
Tree: ((((33,34),(35,36)),((0,((1,2),(3,4))),(5,((6,7),8)))),((21,(((22,23),24),(((25,((26,27),28)),29),((30,31),32)))),(((15,(16,17)),((18,19),20)),((9,10),((11,12),(13,14))))));
Tree Score: 10933.908154446515
Score Improvement: 0.04618667610404703

Step Number: 3
Time Spent: 8.442504735 seconds
New Tree:
Tree: ((((33,34),(35,36)),((0,((1,2),(3,4))),(5,((6,7),8)))),((21,(((30,31),32),(((25,((26,27),28)),29),((22,23),24)))),(((15,(16,17)),((18,19),20)),((9,10),((11,12),(13,14))))));
Tree Score: 11115.194904947537
Score Improvement: 0.01658023352128657

Step Number: 4
Time Spent: 7.850640085 seconds
New Tree:
Tree: ((((33,34),(35,36)),(((6,7),8),(5,(0,((1,2),(3,4)))))),((21,(((30,31),32),(((25,((26,27),28)),29),((22,23),24)))),(((15,(16,17)),((18,19),20)),((9,10),((11,12),(13,14))))));
Tree Score: 11205.10180534015
Score Improvement: 0.00808864812191401

Step Number: 5
Time Spent: 7.809631588 seconds
New Tree:
Tree: ((((33,34),(35,36)),(((6,7),8),(5,(0,((1,2),(3,4)))))),((21,(((30,31),32),(((25,((26,27),28)),29),((22,23),24)))),(((15,(16,17)),((18,19),20)),((9,10),((11,12),(13,14))))));
Tree Score: 11205.10180534015
Score Improvement: 0.0

TOTAL STEPS: 5
TOTAL TIME: 43.258010185 seconds
Final tree: Tree: ((((33,34),(35,36)),(((6,7),8),(5,(0,((1,2),(3,4)))))),((21,(((30,31),32),(((25,((26,27),28)),29),((22,23),24)))),(((15,(16,17)),((18,19),20)),((9,10),((11,12),(13,14))))));
Tree Score: 11205.10180534015
Total Score Improvement: 0.12433895094804814

--------------ITERATION 4--------------
Input tree: ((((0,1),(2,3)),(((((4,5),(6,7)),(8,9)),10),((11,12),13))),(((14,(((15,(16,17)),((18,19),20)),(((21,22),23),(24,25)))),((26,(27,28)),(29,30))),((31,((32,33),34)),(35,36))));
Initial Score: 9798.339248698285

Step Number: 1
Time Spent: 9.074840104 seconds
New Tree:
Tree: ((((0,1),(2,3)),((31,((32,33),34)),(35,36))),(((14,(((15,(16,17)),((18,19),20)),(((21,22),23),(24,25)))),((26,(27,28)),(29,30))),(((((4,5),(6,7)),(8,9)),10),((11,12),13))));
Tree Score: 11276.212374358758
Score Improvement: 0.15082894030810468

Step Number: 2
Time Spent: 10.189240685 seconds
New Tree:
Tree: (((31,((32,33),34)),(((0,1),(2,3)),(35,36))),(((14,(((15,(16,17)),((18,19),20)),(((21,22),23),(24,25)))),((26,(27,28)),(29,30))),(((((4,5),(6,7)),(8,9)),10),((11,12),13))));
Tree Score: 11468.352074923314
Score Improvement: 0.017039382922714896

Step Number: 3
Time Spent: 9.642575359 seconds
New Tree:
Tree: (((31,((32,33),34)),(((0,1),(2,3)),(35,36))),(((14,(((15,(16,17)),((18,19),20)),(((21,22),23),(24,25)))),((26,(27,28)),(29,30))),((((11,12),13),10),(((4,5),(6,7)),(8,9)))));
Tree Score: 11605.431848623644
Score Improvement: 0.011952874554668425

Step Number: 4
Time Spent: 9.010704015 seconds
New Tree:
Tree: (((31,((32,33),34)),(((0,1),(2,3)),(35,36))),(((14,(((15,(16,17)),((18,19),20)),(((21,22),23),(24,25)))),((26,(27,28)),(29,30))),((((11,12),13),10),(((8,9),(6,7)),(4,5)))));
Tree Score: 11667.512298595946
Score Improvement: 0.005349258070018736

Step Number: 5
Time Spent: 8.453219365 seconds
New Tree:
Tree: (((31,((32,33),34)),((((2,3),1),0),(35,36))),(((14,(((15,(16,17)),((18,19),20)),(((21,22),23),(24,25)))),((26,(27,28)),(29,30))),((((11,12),13),10),(((8,9),(6,7)),(4,5)))));
Tree Score: 11677.973048469838
Score Improvement: 8.965707175769833E-4

Step Number: 6
Time Spent: 7.901378661 seconds
New Tree:
Tree: (((31,((32,33),34)),((((2,1),3),0),(35,36))),(((14,(((15,(16,17)),((18,19),20)),(((21,22),23),(24,25)))),((26,(27,28)),(29,30))),((((11,12),13),10),(((8,9),(6,7)),(4,5)))));
Tree Score: 11694.818198281195
Score Improvement: 0.0014424720575600958

Step Number: 7
Time Spent: 7.349362094 seconds
New Tree:
Tree: (((31,((32,34),33)),((((2,1),3),0),(35,36))),(((14,(((15,(16,17)),((18,19),20)),(((21,22),23),(24,25)))),((26,(27,28)),(29,30))),((((11,12),13),10),(((8,9),(6,7)),(4,5)))));
Tree Score: 11700.352573315467
Score Improvement: 4.7323309695279647E-4

Step Number: 8
Time Spent: 6.772074089 seconds
New Tree:
Tree: (((31,((32,34),33)),((((2,1),3),0),(35,36))),(((14,(((15,(16,17)),((18,19),20)),(((21,22),23),(24,25)))),((26,(27,28)),(29,30))),((((13,12),11),10),(((8,9),(6,7)),(4,5)))));
Tree Score: 11702.14869840708
Score Improvement: 1.5351033914212664E-4

Step Number: 9
Time Spent: 6.219251484 seconds
New Tree:
Tree: (((31,((32,34),33)),((((2,1),3),0),(35,36))),(((14,(((15,(16,17)),((18,19),20)),(((21,22),23),(24,25)))),((26,(27,28)),(29,30))),((((13,12),11),10),(((8,9),(6,7)),(4,5)))));
Tree Score: 11702.14869840708
Score Improvement: 0.0

TOTAL STEPS: 9
TOTAL TIME: 74.612645856 seconds
Final tree: Tree: (((31,((32,34),33)),((((2,1),3),0),(35,36))),(((14,(((15,(16,17)),((18,19),20)),(((21,22),23),(24,25)))),((26,(27,28)),(29,30))),((((13,12),11),10),(((8,9),(6,7)),(4,5)))));
Tree Score: 11702.14869840708
Total Score Improvement: 0.19429919717892163

--------------ITERATION 5--------------
Input tree: (((0,(1,(((2,(3,(4,5))),(6,7)),8))),(((((9,10),11),(12,13)),14),((15,(16,17)),((((18,19),(20,(((21,22),23),(((24,25),(26,(27,28))),((29,30),31))))),32),(33,34))))),(35,36));
Initial Score: 7074.131126776949

Step Number: 1
Time Spent: 10.552614547 seconds
New Tree:
Tree: (((0,(1,(((2,(3,(4,5))),(6,7)),8))),(((14,(12,13)),((9,10),11)),((15,(16,17)),((((18,19),(20,(((21,22),23),(((24,25),(26,(27,28))),((29,30),31))))),32),(33,34))))),(35,36));
Tree Score: 7782.008976460347
Score Improvement: 0.10006569527725384

Step Number: 2
Time Spent: 10.514639956 seconds
New Tree:
Tree: (((0,(1,(((2,(3,(4,5))),(6,7)),8))),(((14,(12,13)),((9,10),11)),((15,(16,17)),(((33,34),32),((18,19),(20,(((21,22),23),(((24,25),(26,(27,28))),((29,30),31))))))))),(35,36));
Tree Score: 8470.27612658164
Score Improvement: 0.08844337653724388

Step Number: 3
Time Spent: 10.275131775 seconds
New Tree:
Tree: (((0,(1,(((2,(3,(4,5))),(6,7)),8))),(((14,(12,13)),((9,10),11)),((15,(16,17)),(((33,34),32),((((21,22),23),(((24,25),(26,(27,28))),((29,30),31))),(20,(18,19))))))),(35,36));
Tree Score: 9149.810802590295
Score Improvement: 0.08022579970871568

Step Number: 4
Time Spent: 10.36697879 seconds
New Tree:
Tree: (((0,(1,(((2,(3,(4,5))),(6,7)),8))),(((14,(12,13)),((9,10),11)),((15,(16,17)),(((33,34),32),((((21,22),23),(20,(18,19))),(((24,25),(26,(27,28))),((29,30),31))))))),(35,36));
Tree Score: 10225.293124361153
Score Improvement: 0.11754148200161585

Step Number: 5
Time Spent: 9.722165717 seconds
New Tree:
Tree: (((0,(1,(((2,(3,(4,5))),(6,7)),8))),((((33,34),32),((((21,22),23),(20,(18,19))),(((24,25),(26,(27,28))),((29,30),31)))),((15,(16,17)),((14,(12,13)),((9,10),11))))),(35,36));
Tree Score: 10339.074374060096
Score Improvement: 0.011127431587057979

Step Number: 6
Time Spent: 9.254623511 seconds
New Tree:
Tree: (((0,(1,(((2,(3,(4,5))),(6,7)),8))),((((15,(16,17)),((14,(12,13)),((9,10),11))),((((21,22),23),(20,(18,19))),(((24,25),(26,(27,28))),((29,30),31)))),((33,34),32))),(35,36));
Tree Score: 10862.20685225688
Score Improvement: 0.05059761244287819

Step Number: 7
Time Spent: 9.337551584 seconds
New Tree:
Tree: (((0,(1,(((2,(3,(4,5))),(6,7)),8))),(((((24,25),(26,(27,28))),((29,30),31)),((((21,22),23),(20,(18,19))),((15,(16,17)),((14,(12,13)),((9,10),11))))),((33,34),32))),(35,36));
Tree Score: 12216.527151247752
Score Improvement: 0.1246818733441335

Step Number: 8
Time Spent: 9.317039967 seconds
New Tree:
Tree: (((0,(1,(((2,(3,(4,5))),(6,7)),8))),(((((24,25),(26,(27,28))),((29,30),31)),(((14,(12,13)),((9,10),11)),((15,(16,17)),(((21,22),23),(20,(18,19)))))),((33,34),32))),(35,36));
Tree Score: 12873.943278992589
Score Improvement: 0.05381366730541659

Step Number: 9
Time Spent: 9.281744627 seconds
New Tree:
Tree: ((((33,34),32),(((((24,25),(26,(27,28))),((29,30),31)),(((14,(12,13)),((9,10),11)),((15,(16,17)),(((21,22),23),(20,(18,19)))))),(0,(1,(((2,(3,(4,5))),(6,7)),8))))),(35,36));
Tree Score: 13409.064754707779
Score Improvement: 0.04156624463216252

Step Number: 10
Time Spent: 9.220328298 seconds
New Tree:
Tree: ((((33,34),32),(((((24,25),(26,(27,28))),((29,30),31)),(((14,(12,13)),((9,10),11)),((15,(16,17)),(((21,22),23),(20,(18,19)))))),(0,(1,((8,(6,7)),(2,(3,(4,5)))))))),(35,36));
Tree Score: 13459.255979841644
Score Improvement: 0.003743081717630048

Step Number: 11
Time Spent: 8.611599143 seconds
New Tree:
Tree: ((((33,34),32),(((((24,25),(26,(27,28))),((29,30),31)),(((14,(12,13)),((9,10),11)),((15,(16,17)),(((21,22),23),(20,(18,19)))))),(0,((8,(6,7)),(1,(2,(3,(4,5)))))))),(35,36));
Tree Score: 13521.401654738856
Score Improvement: 0.0046173187426028495

Step Number: 12
Time Spent: 9.173139964 seconds
New Tree:
Tree: ((((33,34),32),(((((24,25),(26,(27,28))),((29,30),31)),(((14,(12,13)),((9,10),11)),((15,(16,17)),(((21,22),23),(20,(18,19)))))),(0,((8,(6,7)),((3,(4,5)),(2,1)))))),(35,36));
Tree Score: 13729.317480001522
Score Improvement: 0.015376795288807754

Step Number: 13
Time Spent: 8.668707034 seconds
New Tree:
Tree: ((((32,34),33),(((((24,25),(26,(27,28))),((29,30),31)),(((14,(12,13)),((9,10),11)),((15,(16,17)),(((21,22),23),(20,(18,19)))))),(0,((8,(6,7)),((3,(4,5)),(2,1)))))),(35,36));
Tree Score: 13731.135254997684
Score Improvement: 1.3240097323197197E-4

Step Number: 14
Time Spent: 7.979514923 seconds
New Tree:
Tree: ((((32,34),33),(((((24,25),(26,(27,28))),((29,30),31)),(((14,(12,13)),((11,10),9)),((15,(16,17)),(((21,22),23),(20,(18,19)))))),(0,((8,(6,7)),((3,(4,5)),(2,1)))))),(35,36));
Tree Score: 13732.372754905296
Score Improvement: 9.012364124538763E-5

Step Number: 15
Time Spent: 7.388437035 seconds
New Tree:
Tree: ((((32,34),33),(((((24,25),(26,(27,28))),((29,30),31)),(((14,(12,13)),((11,10),9)),((15,(16,17)),(((21,22),23),(20,(18,19)))))),(0,((8,(6,7)),((3,(4,5)),(2,1)))))),(35,36));
Tree Score: 13732.372754905296
Score Improvement: 0.0

TOTAL STEPS: 15
TOTAL TIME: 139.664216871 seconds
Final tree: Tree: ((((32,34),33),(((((24,25),(26,(27,28))),((29,30),31)),(((14,(12,13)),((11,10),9)),((15,(16,17)),(((21,22),23),(20,(18,19)))))),(0,((8,(6,7)),((3,(4,5)),(2,1)))))),(35,36));
Tree Score: 13732.372754905296
Total Score Improvement: 0.9412098120326919

--------------ITERATION 6--------------
Input tree: (((0,((1,2),(3,4))),(5,6)),(((7,((8,(9,10)),((11,(12,13)),(14,15)))),16),(((17,18),(((19,20),21),((22,23),(((24,25),26),(27,28))))),((((29,30),(31,(32,33))),34),(35,36)))));
Initial Score: 8402.387725713912

Step Number: 1
Time Spent: 10.001852192 seconds
New Tree:
Tree: (((0,((1,2),(3,4))),(5,6)),(((((29,30),(31,(32,33))),34),(35,36)),(((17,18),(((19,20),21),((22,23),(((24,25),26),(27,28))))),((7,((8,(9,10)),((11,(12,13)),(14,15)))),16))));
Tree Score: 10262.038127161113
Score Improvement: 0.22132404051720855

Step Number: 2
Time Spent: 10.585262902 seconds
New Tree:
Tree: (((0,((1,2),(3,4))),(5,6)),(((((29,30),(31,(32,33))),34),(35,36)),(((17,18),(((19,20),21),((22,23),(((24,25),26),(27,28))))),((7,16),((8,(9,10)),((11,(12,13)),(14,15)))))));
Tree Score: 11121.169102280883
Score Improvement: 0.08371933182024138

Step Number: 3
Time Spent: 10.514308 seconds
New Tree:
Tree: (((0,((1,2),(3,4))),(5,6)),(((((29,30),(31,(32,33))),34),(35,36)),(((8,(9,10)),((11,(12,13)),(14,15))),((7,16),((17,18),(((19,20),21),((22,23),(((24,25),26),(27,28)))))))));
Tree Score: 11716.530377268866
Score Improvement: 0.05353405469447248

Step Number: 4
Time Spent: 9.927412977 seconds
New Tree:
Tree: (((0,((1,2),(3,4))),(5,6)),(((((29,30),(31,(32,33))),34),(35,36)),(((8,(9,10)),((11,(12,13)),(14,15))),((((19,20),21),((22,23),(((24,25),26),(27,28)))),((17,18),(7,16))))));
Tree Score: 12422.875903579597
Score Improvement: 0.060286236929074644

Step Number: 5
Time Spent: 10.552427233 seconds
New Tree:
Tree: (((0,((1,2),(3,4))),(5,6)),(((((29,30),(31,(32,33))),34),(35,36)),(((8,(9,10)),((11,(12,13)),(14,15))),(((((24,25),26),(27,28)),((22,23),((19,20),21))),((17,18),(7,16))))));
Tree Score: 12840.45522848957
Score Improvement: 0.033613740340886045

Step Number: 6
Time Spent: 10.01685766 seconds
New Tree:
Tree: (((0,((1,2),(3,4))),(5,6)),((((35,36),34),((29,30),(31,(32,33)))),(((8,(9,10)),((11,(12,13)),(14,15))),(((((24,25),26),(27,28)),((22,23),((19,20),21))),((17,18),(7,16))))));
Tree Score: 12979.636853590238
Score Improvement: 0.010839306132376159

Step Number: 7
Time Spent: 9.409351078 seconds
New Tree:
Tree: (((0,((1,2),(3,4))),(5,6)),((((35,36),34),((29,30),(31,(32,33)))),(((8,(9,10)),((11,(12,13)),(14,15))),(((((27,28),26),(24,25)),((22,23),((19,20),21))),((17,18),(7,16))))));
Tree Score: 13013.04792957227
Score Improvement: 0.0025741148507394396

Step Number: 8
Time Spent: 8.864861796 seconds
New Tree:
Tree: (((0,((1,2),(3,4))),(5,6)),((((35,36),34),((29,30),(33,(32,31)))),(((8,(9,10)),((11,(12,13)),(14,15))),(((((27,28),26),(24,25)),((22,23),((19,20),21))),((17,18),(7,16))))));
Tree Score: 13019.847679475652
Score Improvement: 5.225332251277415E-4

Step Number: 9
Time Spent: 8.315052564 seconds
New Tree:
Tree: (((0,((1,2),(3,4))),(5,6)),((((35,36),34),((29,30),(33,(32,31)))),(((8,(9,10)),((11,(12,13)),(14,15))),(((((27,28),26),(24,25)),((22,23),((19,20),21))),((17,18),(7,16))))));
Tree Score: 13019.847679475652
Score Improvement: 0.0

TOTAL STEPS: 9
TOTAL TIME: 88.187386402 seconds
Final tree: Tree: (((0,((1,2),(3,4))),(5,6)),((((35,36),34),((29,30),(33,(32,31)))),(((8,(9,10)),((11,(12,13)),(14,15))),(((((27,28),26),(24,25)),((22,23),((19,20),21))),((17,18),(7,16))))));
Tree Score: 13019.847679475652
Total Score Improvement: 0.5495414047165283

--------------ITERATION 7--------------
Input tree: ((0,((1,2),3)),(((4,(5,6)),(((7,8),9),(10,(11,12)))),((((13,14),15),((((16,17),18),19),(20,21))),((((22,23),24),(25,((26,27),((28,(29,30)),(31,32))))),((33,34),(35,36))))));
Initial Score: 10220.468428446397

Step Number: 1
Time Spent: 8.858975782 seconds
New Tree:
Tree: ((0,((1,2),3)),(((4,(5,6)),(((7,8),9),(10,(11,12)))),((((13,14),15),((((16,17),18),19),(20,21))),((((26,27),((28,(29,30)),(31,32))),(25,((22,23),24))),((33,34),(35,36))))));
Tree Score: 10633.13550348994
Score Improvement: 0.04037653243905903

Step Number: 2
Time Spent: 8.898956635 seconds
New Tree:
Tree: ((0,((1,2),3)),((((((13,14),15),((((16,17),18),19),(20,21))),((((26,27),((28,(29,30)),(31,32))),(25,((22,23),24))),((33,34),(35,36)))),(((7,8),9),(10,(11,12)))),(4,(5,6))));
Tree Score: 10999.049201685559
Score Improvement: 0.034412586774194676

Step Number: 3
Time Spent: 8.505907839 seconds
New Tree:
Tree: ((0,((1,2),3)),((((((13,14),15),((((16,17),18),19),(20,21))),(((7,8),9),(10,(11,12)))),((((26,27),((28,(29,30)),(31,32))),(25,((22,23),24))),((33,34),(35,36)))),(4,(5,6))));
Tree Score: 11731.246772967048
Score Improvement: 0.0665691695577908

Step Number: 4
Time Spent: 9.545750336 seconds
New Tree:
Tree: ((0,((1,2),3)),((((33,34),(35,36)),((((26,27),((28,(29,30)),(31,32))),(25,((22,23),24))),((((13,14),15),((((16,17),18),19),(20,21))),(((7,8),9),(10,(11,12)))))),(4,(5,6))));
Tree Score: 13707.105198606958
Score Improvement: 0.1684269765932287

Step Number: 5
Time Spent: 10.058351904 seconds
New Tree:
Tree: ((0,((1,2),3)),((((33,34),(35,36)),((((26,27),((28,(29,30)),(31,32))),(25,((22,23),24))),((((13,14),15),(((7,8),9),(10,(11,12)))),((((16,17),18),19),(20,21))))),(4,(5,6))));
Tree Score: 14519.010677028557
Score Improvement: 0.05923245401984012

Step Number: 6
Time Spent: 10.619990084 seconds
New Tree:
Tree: ((0,((1,2),3)),((((33,34),(35,36)),((((26,27),((28,(29,30)),(31,32))),((22,23),(25,24))),((((13,14),15),(((7,8),9),(10,(11,12)))),((((16,17),18),19),(20,21))))),(4,(5,6))));
Tree Score: 14583.126751414027
Score Improvement: 0.004416008487886369

Step Number: 7
Time Spent: 10.066706598 seconds
New Tree:
Tree: ((0,((1,2),3)),((((33,34),(35,36)),((((31,32),((28,(29,30)),(26,27))),((22,23),(25,24))),((((13,14),15),(((7,8),9),(10,(11,12)))),((((16,17),18),19),(20,21))))),(4,(5,6))));
Tree Score: 14643.99010189296
Score Improvement: 0.004173546010839635

Step Number: 8
Time Spent: 9.515679263 seconds
New Tree:
Tree: ((0,((1,2),3)),((((33,34),(35,36)),((((31,32),((28,(29,30)),(26,27))),((22,23),(25,24))),((((13,14),15),(((7,8),9),(10,(11,12)))),(((19,18),(16,17)),(20,21))))),(4,(5,6))));
Tree Score: 14671.904201625723
Score Improvement: 0.00190618127563158

Step Number: 9
Time Spent: 8.949461172 seconds
New Tree:
Tree: ((0,((1,2),3)),((((33,34),(35,36)),((((31,32),((30,(29,28)),(26,27))),((22,23),(25,24))),((((13,14),15),(((7,8),9),(10,(11,12)))),(((19,18),(16,17)),(20,21))))),(4,(5,6))));
Tree Score: 14678.358951671857
Score Improvement: 4.399394896144049E-4

Step Number: 10
Time Spent: 8.402635349 seconds
New Tree:
Tree: ((0,((1,2),3)),((((33,34),(35,36)),((((31,32),((30,(29,28)),(26,27))),((22,23),(25,24))),((((13,14),15),(((7,8),9),(10,(11,12)))),(((19,18),(16,17)),(20,21))))),(4,(5,6))));
Tree Score: 14678.358951671857
Score Improvement: 0.0

TOTAL STEPS: 10
TOTAL TIME: 93.422414962 seconds
Final tree: Tree: ((0,((1,2),3)),((((33,34),(35,36)),((((31,32),((30,(29,28)),(26,27))),((22,23),(25,24))),((((13,14),15),(((7,8),9),(10,(11,12)))),(((19,18),(16,17)),(20,21))))),(4,(5,6))));
Tree Score: 14678.358951671857
Total Score Improvement: 0.4361728187347964

--------------ITERATION 8--------------
Input tree: (((((0,((1,2),3)),((((4,5),(6,7)),8),9)),10),((11,(12,(13,14))),((15,(((16,17),18),19)),(20,21)))),(((22,(((23,24),(25,26)),27)),28),((29,((30,31),(32,33))),(34,(35,36)))));
Initial Score: 10307.997477980718

Step Number: 1
Time Spent: 9.517895747 seconds
New Tree:
Tree: ((((10,((((4,5),(6,7)),8),9)),(0,((1,2),3))),((11,(12,(13,14))),((15,(((16,17),18),19)),(20,21)))),(((22,(((23,24),(25,26)),27)),28),((29,((30,31),(32,33))),(34,(35,36)))));
Tree Score: 10896.751103754863
Score Improvement: 0.057116198081325065

Step Number: 2
Time Spent: 9.459615221 seconds
New Tree:
Tree: (((((((4,5),(6,7)),8),(10,9)),(0,((1,2),3))),((11,(12,(13,14))),((15,(((16,17),18),19)),(20,21)))),(((22,(((23,24),(25,26)),27)),28),((29,((30,31),(32,33))),(34,(35,36)))));
Tree Score: 11117.598478694223
Score Improvement: 0.020267267999106497

Step Number: 3
Time Spent: 8.891837223 seconds
New Tree:
Tree: ((((((10,9),8),((4,5),(6,7))),(0,((1,2),3))),((11,(12,(13,14))),((15,(((16,17),18),19)),(20,21)))),(((22,(((23,24),(25,26)),27)),28),((29,((30,31),(32,33))),(34,(35,36)))));
Tree Score: 11210.13447943843
Score Improvement: 0.008323380352469378

Step Number: 4
Time Spent: 9.397140377 seconds
New Tree:
Tree: ((((((10,9),8),((4,5),(6,7))),(0,((1,2),3))),((11,(12,(13,14))),((15,(((16,17),18),19)),(20,21)))),(((22,((27,(25,26)),(23,24))),28),((29,((30,31),(32,33))),(34,(35,36)))));
Tree Score: 11298.357078790208
Score Improvement: 0.007869896611284677

Step Number: 5
Time Spent: 8.834943676 seconds
New Tree:
Tree: ((((((10,9),8),((4,5),(6,7))),(0,((1,2),3))),((11,(12,(13,14))),((15,((19,18),(16,17))),(20,21)))),(((22,((27,(25,26)),(23,24))),28),((29,((30,31),(32,33))),(34,(35,36)))));
Tree Score: 11340.257103513819
Score Improvement: 0.0037085059740471493

Step Number: 6
Time Spent: 8.277672321 seconds
New Tree:
Tree: ((((((10,9),8),((4,5),(6,7))),(0,((1,2),3))),((11,(12,(13,14))),((15,((19,18),(16,17))),(20,21)))),(((22,((27,(25,26)),(23,24))),28),((29,((30,31),(32,33))),(34,(35,36)))));
Tree Score: 11340.257103513819
Score Improvement: 0.0

TOTAL STEPS: 6
TOTAL TIME: 54.379104565 seconds
Final tree: Tree: ((((((10,9),8),((4,5),(6,7))),(0,((1,2),3))),((11,(12,(13,14))),((15,((19,18),(16,17))),(20,21)))),(((22,((27,(25,26)),(23,24))),28),((29,((30,31),(32,33))),(34,(35,36)))));
Tree Score: 11340.257103513819
Total Score Improvement: 0.10014162573653596

--------------ITERATION 9--------------
Input tree: (((((0,1),((2,3),4)),((((5,(6,7)),8),((((9,10),11),(12,13)),14)),15)),16),(((((17,((((18,(19,20)),21),22),23)),(24,25)),(26,27)),(28,(29,(((30,(31,32)),33),(34,35))))),36));
Initial Score: 6222.586950774337

Step Number: 1
Time Spent: 12.032490654 seconds
New Tree:
Tree: (((((0,1),((2,3),4)),((15,((((9,10),11),(12,13)),14)),((5,(6,7)),8))),16),(((((17,((((18,(19,20)),21),22),23)),(24,25)),(26,27)),(28,(29,(((30,(31,32)),33),(34,35))))),36));
Tree Score: 6950.194249848868
Score Improvement: 0.11693003325312912

Step Number: 2
Time Spent: 11.390139068 seconds
New Tree:
Tree: (((((0,1),((2,3),4)),((15,((((9,10),11),(12,13)),14)),((5,(6,7)),8))),16),(((((26,27),(24,25)),(17,((((18,(19,20)),21),22),23))),(28,(29,(((30,(31,32)),33),(34,35))))),36));
Tree Score: 7581.194299960542
Score Improvement: 0.09078883660343662

Step Number: 3
Time Spent: 10.714211633 seconds
New Tree:
Tree: (((((0,1),((2,3),4)),((15,((((9,10),11),(12,13)),14)),((5,(6,7)),8))),16),(((((26,27),(24,25)),(28,(29,(((30,(31,32)),33),(34,35))))),(17,((((18,(19,20)),21),22),23))),36));
Tree Score: 8529.724001168655
Score Improvement: 0.12511613126879628

Step Number: 4
Time Spent: 10.741347416 seconds
New Tree:
Tree: (((((0,1),((2,3),4)),((15,((((9,10),11),(12,13)),14)),((5,(6,7)),8))),16),(((((26,27),(24,25)),((((30,(31,32)),33),(34,35)),(29,28))),(17,((((18,(19,20)),21),22),23))),36));
Tree Score: 8865.916675918157
Score Improvement: 0.03941425006289068

Step Number: 5
Time Spent: 10.233586618 seconds
New Tree:
Tree: (((((0,1),((2,3),4)),((15,((((9,10),11),(12,13)),14)),((5,(6,7)),8))),16),((((((30,(31,32)),33),(34,35)),(((26,27),(24,25)),(29,28))),(17,((((18,(19,20)),21),22),23))),36));
Tree Score: 9411.49100104778
Score Improvement: 0.06153614398514784

Step Number: 6
Time Spent: 9.675983377 seconds
New Tree:
Tree: (((((0,1),((2,3),4)),((15,((14,(12,13)),((9,10),11))),((5,(6,7)),8))),16),((((((30,(31,32)),33),(34,35)),(((26,27),(24,25)),(29,28))),(17,((((18,(19,20)),21),22),23))),36));
Tree Score: 9555.85782611452
Score Improvement: 0.01533942125117771

Step Number: 7
Time Spent: 9.645888769 seconds
New Tree:
Tree: (((((0,1),((2,3),4)),((15,((14,(12,13)),((9,10),11))),((5,(6,7)),8))),16),((((((34,35),33),(30,(31,32))),(((26,27),(24,25)),(29,28))),(17,((((18,(19,20)),21),22),23))),36));
Tree Score: 9582.989950048624
Score Improvement: 0.002839318502621202

Step Number: 8
Time Spent: 9.053575668 seconds
New Tree:
Tree: (((((0,1),((2,3),4)),((15,((14,(12,13)),((9,10),11))),((5,(6,7)),8))),16),((((((34,35),33),(30,(31,32))),(((26,27),(24,25)),(29,28))),(17,((((20,(19,18)),21),22),23))),36));
Tree Score: 9604.51984999597
Score Improvement: 0.002246678756794074

Step Number: 9
Time Spent: 8.494363913 seconds
New Tree:
Tree: (((((0,1),((2,3),4)),((15,((14,(12,13)),((9,10),11))),((5,(6,7)),8))),16),((((((34,35),33),(30,(31,32))),(((26,27),(24,25)),(29,28))),(17,((((20,(19,18)),22),21),23))),36));
Tree Score: 9615.140724653731
Score Improvement: 0.0011058204703242591

Step Number: 10
Time Spent: 7.925137548 seconds
New Tree:
Tree: (((((0,1),((2,4),3)),((15,((14,(12,13)),((9,10),11))),((5,(6,7)),8))),16),((((((34,35),33),(30,(31,32))),(((26,27),(24,25)),(29,28))),(17,((((20,(19,18)),22),21),23))),36));
Tree Score: 9618.978549308496
Score Improvement: 3.991438882351428E-4

Step Number: 11
Time Spent: 7.36023268 seconds
New Tree:
Tree: (((((0,1),((2,4),3)),((15,((14,(12,13)),((11,10),9))),((5,(6,7)),8))),16),((((((34,35),33),(30,(31,32))),(((26,27),(24,25)),(29,28))),(17,((((20,(19,18)),22),21),23))),36));
Tree Score: 9620.21604921611
Score Improvement: 1.286519042815737E-4

Step Number: 12
Time Spent: 6.79087201 seconds
New Tree:
Tree: (((((0,1),((2,4),3)),((15,((14,(12,13)),((11,10),9))),((5,(6,7)),8))),16),((((((34,35),33),(30,(31,32))),(((26,27),(24,25)),(29,28))),(17,((((20,(19,18)),22),21),23))),36));
Tree Score: 9620.21604921611
Score Improvement: 0.0

TOTAL STEPS: 12
TOTAL TIME: 114.057829354 seconds
Final tree: Tree: (((((0,1),((2,4),3)),((15,((14,(12,13)),((11,10),9))),((5,(6,7)),8))),16),((((((34,35),33),(30,(31,32))),(((26,27),(24,25)),(29,28))),(17,((((20,(19,18)),22),21),23))),36));
Tree Score: 9620.21604921611
Total Score Improvement: 0.5460155278374972

--------------ITERATION 10--------------
Input tree: ((((0,1),2),((3,4),((((5,6),(7,((8,9),10))),(11,12)),(((13,14),((15,16),(17,18))),((19,20),21))))),(((22,23),24),(((25,(26,27)),(28,(29,30))),((((31,32),33),34),(35,36)))));
Initial Score: 10055.1369511026

Step Number: 1
Time Spent: 8.878109849 seconds
New Tree:
Tree: ((((((5,6),(7,((8,9),10))),(11,12)),(((13,14),((15,16),(17,18))),((19,20),21))),((3,4),((0,1),2))),(((22,23),24),(((25,(26,27)),(28,(29,30))),((((31,32),33),34),(35,36)))));
Tree Score: 12244.04352365459
Score Improvement: 0.21769037887763076

Step Number: 2
Time Spent: 8.414460666 seconds
New Tree:
Tree: (((((((8,9),10),(7,(5,6))),(11,12)),(((13,14),((15,16),(17,18))),((19,20),21))),((3,4),((0,1),2))),(((22,23),24),(((25,(26,27)),(28,(29,30))),((((31,32),33),34),(35,36)))));
Tree Score: 12320.884698559896
Score Improvement: 0.006275800535734177

Step Number: 3
Time Spent: 8.234046453 seconds
New Tree:
Tree: (((((((8,9),10),(7,(5,6))),(11,12)),(((13,14),((15,16),(17,18))),((19,20),21))),((3,4),((0,1),2))),(((22,23),24),(((25,(26,27)),(28,(29,30))),(((35,36),34),((31,32),33)))));
Tree Score: 12388.101773883582
Score Improvement: 0.005455539676590071

Step Number: 4
Time Spent: 9.409725008 seconds
New Tree:
Tree: (((((((8,9),10),(7,(5,6))),(11,12)),(((13,14),((15,16),(17,18))),((19,20),21))),((3,4),((0,1),2))),(((22,23),24),(((25,(26,27)),(28,(29,30))),(((35,36),34),((31,32),33)))));
Tree Score: 12388.101773883582
Score Improvement: 0.0

TOTAL STEPS: 4
TOTAL TIME: 34.936341976 seconds
Final tree: Tree: (((((((8,9),10),(7,(5,6))),(11,12)),(((13,14),((15,16),(17,18))),((19,20),21))),((3,4),((0,1),2))),(((22,23),24),(((25,(26,27)),(28,(29,30))),(((35,36),34),((31,32),33)))));
Tree Score: 12388.101773883582
Total Score Improvement: 0.23201721012115684

===========================================================
RESULTS FROM 10 ITERATION(S):
AVERAGE TIME PER RUN: 91.040952849 seconds
AVERAGE IMPROVEMENT: 0.4578666675135515
BEST Tree: ((0,((1,2),3)),((((33,34),(35,36)),((((31,32),((30,(29,28)),(26,27))),((22,23),(25,24))),((((13,14),15),(((7,8),9),(10,(11,12)))),(((19,18),(16,17)),(20,21))))),(4,(5,6))));
Tree Score: 14678.358951671857
BEST'S IMPROVEMENT :0.4361728187347964
