--------------ITERATION 1--------------
Input tree: (((0,(((((1,(2,3)),4),5),(6,7)),(8,9))),(((10,11),12),(((13,14),15),16))),(((((17,18),19),((20,((21,22),23)),(24,25))),(26,((((27,28),(29,30)),31),32))),((33,(34,35)),36)));
Initial Score: 9691.731750161798

Step Number: 1
Time Spent: 50.062656642 seconds
New Tree:
Tree: (((0,(((((1,(2,3)),4),5),(6,7)),(8,9))),(((10,11),12),(((13,14),15),16))),((((33,(34,35)),36),(26,((((27,28),(29,30)),31),32))),(((17,18),19),((20,((21,22),23)),(24,25)))));
Tree Score: 10750.629698268433
Score Improvement: 0.1092578679851468

Step Number: 2
Time Spent: 49.784008429 seconds
New Tree:
Tree: (((((17,18),19),((20,((21,22),23)),(24,25))),(((10,11),12),(((13,14),15),16))),((((33,(34,35)),36),(26,((((27,28),(29,30)),31),32))),(0,(((((1,(2,3)),4),5),(6,7)),(8,9)))));
Tree Score: 11100.49975206488
Score Improvement: 0.03254414519112303

Step Number: 3
Time Spent: 49.038452517 seconds
New Tree:
Tree: (((((17,18),19),((20,((21,22),23)),(24,25))),(((10,11),12),(((13,14),15),16))),((((33,(34,35)),36),(0,(((((1,(2,3)),4),5),(6,7)),(8,9)))),(26,((((27,28),(29,30)),31),32))));
Tree Score: 11370.940925057108
Score Improvement: 0.0243629727519179

Step Number: 4
Time Spent: 49.675559582 seconds
New Tree:
Tree: (((((17,18),19),((20,((21,22),23)),(24,25))),(((10,11),12),(((13,14),15),16))),((((33,(34,35)),36),(0,(((((1,(2,3)),4),5),(6,7)),(8,9)))),((((27,28),(29,30)),31),(26,32))));
Tree Score: 11707.953724755967
Score Improvement: 0.029638074977262008

Step Number: 5
Time Spent: 49.691367877 seconds
New Tree:
Tree: (((((17,18),19),((20,((21,22),23)),(24,25))),(((10,11),12),(((13,14),15),16))),((((33,(34,35)),36),(0,(((((1,(2,3)),4),5),(6,7)),(8,9)))),(((26,32),31),((27,28),(29,30)))));
Tree Score: 11928.446775060675
Score Improvement: 0.018832757242496

Step Number: 6
Time Spent: 47.705475886 seconds
New Tree:
Tree: (((((17,18),19),((20,((21,22),23)),(24,25))),(((10,11),12),(((13,14),15),16))),((((33,(34,35)),36),(0,((((5,4),(1,(2,3))),(6,7)),(8,9)))),(((26,32),31),((27,28),(29,30)))));
Tree Score: 12121.618674974019
Score Improvement: 0.016194220719265573

Step Number: 7
Time Spent: 43.955121598 seconds
New Tree:
Tree: (((((17,18),19),((20,((21,22),23)),(24,25))),(((10,11),12),(((13,14),15),16))),((((33,(34,35)),36),(0,(((8,9),(6,7)),((5,4),(1,(2,3)))))),(((26,32),31),((27,28),(29,30)))));
Tree Score: 12345.236749570995
Score Improvement: 0.018447872399966814

Step Number: 8
Time Spent: 47.136059063 seconds
New Tree:
Tree: (((((17,18),19),((20,((21,22),23)),(24,25))),(((10,11),12),(((13,14),15),16))),((((33,36),(34,35)),(0,(((8,9),(6,7)),((5,4),(1,(2,3)))))),(((26,32),31),((27,28),(29,30)))));
Tree Score: 12466.073974799543
Score Improvement: 0.009788165887766098

Step Number: 9
Time Spent: 43.510531613 seconds
New Tree:
Tree: (((((17,18),19),((20,((21,22),23)),(24,25))),(((10,11),12),((16,15),(13,14)))),((((33,36),(34,35)),(0,(((8,9),(6,7)),((5,4),(1,(2,3)))))),(((26,32),31),((27,28),(29,30)))));
Tree Score: 12485.681799438029
Score Improvement: 0.001572894936940239

Step Number: 10
Time Spent: 48.792553091 seconds
New Tree:
Tree: (((((17,18),19),(((21,22),(20,23)),(24,25))),(((10,11),12),((16,15),(13,14)))),((((33,36),(34,35)),(0,(((8,9),(6,7)),((5,4),(1,(2,3)))))),(((26,32),31),((27,28),(29,30)))));
Tree Score: 12493.418799335679
Score Improvement: 6.196697963261055E-4

Step Number: 11
Time Spent: 48.754078645 seconds
New Tree:
Tree: (((((17,18),19),(((21,22),(20,23)),(24,25))),(((10,12),11),((16,15),(13,14)))),((((33,36),(34,35)),(0,(((8,9),(6,7)),((5,4),(1,(2,3)))))),(((26,32),31),((27,28),(29,30)))));
Tree Score: 12494.221549580416
Score Improvement: 6.425384897679187E-5

Step Number: 12
Time Spent: 48.781219107 seconds
New Tree:
Tree: (((((17,18),19),(((21,22),(20,23)),(24,25))),(((10,12),11),((16,15),(13,14)))),((((33,36),(34,35)),(0,(((8,9),(6,7)),((5,4),(1,(2,3)))))),(((26,32),31),((27,28),(29,30)))));
Tree Score: 12494.221549580416
Score Improvement: 0.0

TOTAL STEPS: 12
TOTAL TIME: 576.88708405 seconds
Final tree: Tree: (((((17,18),19),(((21,22),(20,23)),(24,25))),(((10,12),11),((16,15),(13,14)))),((((33,36),(34,35)),(0,(((8,9),(6,7)),((5,4),(1,(2,3)))))),(((26,32),31),((27,28),(29,30)))));
Tree Score: 12494.221549580416
Total Score Improvement: 0.2891629557712254

--------------ITERATION 2--------------
Input tree: ((((0,1),(2,(3,4))),5),(6,((7,(((((8,(9,10)),11),12),(13,(14,(15,(16,(17,18)))))),((((19,((20,21),22)),(23,(24,25))),(26,(27,(28,29)))),30))),(((31,(32,33)),(34,35)),36))));
Initial Score: 7693.73982437345

Step Number: 1
Time Spent: 51.259854763 seconds
New Tree:
Tree: ((((0,1),(2,(3,4))),5),(6,(((((31,(32,33)),(34,35)),36),(((((8,(9,10)),11),12),(13,(14,(15,(16,(17,18)))))),((((19,((20,21),22)),(23,(24,25))),(26,(27,(28,29)))),30))),7)));
Tree Score: 10938.645202329906
Score Improvement: 0.42175917720491807

Step Number: 2
Time Spent: 51.870457551 seconds
New Tree:
Tree: ((((0,1),(2,(3,4))),5),(6,(((((31,(32,33)),(34,35)),36),(((((8,(9,10)),11),12),(13,(14,(15,(16,(17,18)))))),((30,(26,(27,(28,29)))),((19,((20,21),22)),(23,(24,25)))))),7)));
Tree Score: 11982.619576449448
Score Improvement: 0.09543909275868812

Step Number: 3
Time Spent: 51.150376246 seconds
New Tree:
Tree: ((((0,1),(2,(3,4))),5),(6,((((36,(34,35)),(31,(32,33))),(((((8,(9,10)),11),12),(13,(14,(15,(16,(17,18)))))),((30,(26,(27,(28,29)))),((19,((20,21),22)),(23,(24,25)))))),7)));
Tree Score: 12371.727051543945
Score Improvement: 0.032472655299784936

Step Number: 4
Time Spent: 50.898993721 seconds
New Tree:
Tree: ((((0,1),(2,(3,4))),5),(6,((((36,(34,35)),(31,(32,33))),(((((8,(9,10)),11),12),(13,(14,(15,(16,(17,18)))))),(((27,(28,29)),(26,30)),((19,((20,21),22)),(23,(24,25)))))),7)));
Tree Score: 12623.188801700191
Score Improvement: 0.020325517133427562

Step Number: 5
Time Spent: 49.716020035 seconds
New Tree:
Tree: ((((0,1),(2,(3,4))),5),(6,((((36,(34,35)),(31,(32,33))),((((12,11),(8,(9,10))),(13,(14,(15,(16,(17,18)))))),(((27,(28,29)),(26,30)),((19,((20,21),22)),(23,(24,25)))))),7)));
Tree Score: 12826.212302038388
Score Improvement: 0.01608337667506432

Step Number: 6
Time Spent: 50.192190572 seconds
New Tree:
Tree: ((((0,1),(2,(3,4))),5),((((36,(34,35)),(31,(32,33))),((((12,11),(8,(9,10))),(13,(14,(15,(16,(17,18)))))),(((27,(28,29)),(26,30)),((19,((20,21),22)),(23,(24,25)))))),(6,7)));
Tree Score: 13002.350327408269
Score Improvement: 0.013732660993135859

Step Number: 7
Time Spent: 37.540786438 seconds
New Tree:
Tree: ((((0,1),5),(2,(3,4))),((((36,(34,35)),(31,(32,33))),((((12,11),(8,(9,10))),(13,(14,(15,(16,(17,18)))))),(((27,(28,29)),(26,30)),((19,((20,21),22)),(23,(24,25)))))),(6,7)));
Tree Score: 13142.700926890459
Score Improvement: 0.010794248420328945

Step Number: 8
Time Spent: 37.423650452 seconds
New Tree:
Tree: ((((0,1),5),(2,(3,4))),((((36,(34,35)),(31,(32,33))),((((12,11),(8,(9,10))),((15,(16,(17,18))),(14,13))),(((27,(28,29)),(26,30)),((19,((20,21),22)),(23,(24,25)))))),(6,7)));
Tree Score: 13229.78597702396
Score Improvement: 0.006626115181189496

Step Number: 9
Time Spent: 37.623884156 seconds
New Tree:
Tree: ((((0,1),5),(2,(3,4))),((((36,(34,35)),(31,(32,33))),((((12,11),(8,(9,10))),((15,(16,(17,18))),(14,13))),(((27,(28,29)),(26,30)),(((20,21),(19,22)),(23,(24,25)))))),(6,7)));
Tree Score: 13313.481276714549
Score Improvement: 0.00632627767644478

Step Number: 10
Time Spent: 37.634216615 seconds
New Tree:
Tree: ((((0,1),5),(2,(3,4))),((((36,(34,35)),(31,(32,33))),((((12,11),(8,(9,10))),((15,(16,(17,18))),(14,13))),(((27,(28,29)),(26,30)),(((20,21),(23,(24,25))),(19,22))))),(6,7)));
Tree Score: 13402.112352175769
Score Improvement: 0.006657242656452178

Step Number: 11
Time Spent: 41.323220782 seconds
New Tree:
Tree: ((((0,1),5),(2,(3,4))),((((36,(34,35)),(31,(32,33))),((((12,11),(8,(9,10))),((15,(14,13)),(16,(17,18)))),(((27,(28,29)),(26,30)),(((20,21),(23,(24,25))),(19,22))))),(6,7)));
Tree Score: 13484.88347770866
Score Improvement: 0.006175976096742142

Step Number: 12
Time Spent: 48.364926085 seconds
New Tree:
Tree: ((((0,1),5),(6,7)),((((36,(34,35)),(31,(32,33))),((((12,11),(8,(9,10))),((15,(14,13)),(16,(17,18)))),(((27,(28,29)),(26,30)),(((20,21),(23,(24,25))),(19,22))))),(2,(3,4))));
Tree Score: 13566.676179336631
Score Improvement: 0.006065510448286737

Step Number: 13
Time Spent: 48.329349914 seconds
New Tree:
Tree: ((((0,1),5),(6,7)),((((36,(34,35)),(31,(32,33))),((((12,11),(8,(9,10))),((17,18),(16,(15,(14,13))))),(((27,(28,29)),(26,30)),(((20,21),(23,(24,25))),(19,22))))),(2,(3,4))));
Tree Score: 13619.158853377347
Score Improvement: 0.0038684990595303503

Step Number: 14
Time Spent: 48.35288468 seconds
New Tree:
Tree: ((((0,1),5),(6,7)),((((36,(34,35)),(31,(32,33))),((((12,11),(8,(9,10))),((17,18),((14,13),(15,16)))),(((27,(28,29)),(26,30)),(((20,21),(23,(24,25))),(19,22))))),(2,(3,4))));
Tree Score: 13685.073153118734
Score Improvement: 0.004839821640309383

Step Number: 15
Time Spent: 48.474917587 seconds
New Tree:
Tree: ((((0,1),5),(6,7)),((((36,(34,35)),(31,(32,33))),((((12,11),(8,(9,10))),((17,18),((14,13),(15,16)))),(((27,(26,30)),(28,29)),(((20,21),(23,(24,25))),(19,22))))),(2,(3,4))));
Tree Score: 13718.401752749589
Score Improvement: 0.0024353979885931576

Step Number: 16
Time Spent: 49.239261782 seconds
New Tree:
Tree: ((((0,1),5),(6,7)),((((36,(34,35)),(31,(32,33))),((((12,11),(8,(9,10))),((17,18),((14,13),(15,16)))),(((27,(26,30)),(28,29)),(((20,21),(25,(24,23))),(19,22))))),(2,(3,4))));
Tree Score: 13733.859377557543
Score Improvement: 0.001126780297483032

Step Number: 17
Time Spent: 49.37952466 seconds
New Tree:
Tree: ((((0,1),5),(6,7)),((((36,(34,35)),(31,(32,33))),((((9,10),(8,(12,11))),((17,18),((14,13),(15,16)))),(((27,(26,30)),(28,29)),(((20,21),(25,(24,23))),(19,22))))),(2,(3,4))));
Tree Score: 13739.137678412852
Score Improvement: 3.8432757393258576E-4

Step Number: 18
Time Spent: 36.586236211 seconds
New Tree:
Tree: ((((0,1),5),(6,7)),((((36,(34,35)),(31,(32,33))),((((9,10),(11,(12,8))),((17,18),((14,13),(15,16)))),(((27,(26,30)),(28,29)),(((20,21),(25,(24,23))),(19,22))))),(2,(3,4))));
Tree Score: 13748.519603414592
Score Improvement: 6.82861269851065E-4

Step Number: 19
Time Spent: 27.680840211 seconds
New Tree:
Tree: ((((0,1),5),(6,7)),((((36,(34,35)),(31,(32,33))),((((9,10),(11,(12,8))),((17,18),((14,13),(15,16)))),(((27,(26,30)),(28,29)),(((20,21),(25,(24,23))),(19,22))))),(3,(2,4))));
Tree Score: 13753.494003105108
Score Improvement: 3.618134776692816E-4

Step Number: 20
Time Spent: 27.663408944 seconds
New Tree:
Tree: ((((0,5),1),(6,7)),((((36,(34,35)),(31,(32,33))),((((9,10),(11,(12,8))),((17,18),((14,13),(15,16)))),(((27,(26,30)),(28,29)),(((20,21),(25,(24,23))),(19,22))))),(3,(2,4))));
Tree Score: 13755.007478043568
Score Improvement: 1.1004294167848983E-4

Step Number: 21
Time Spent: 27.659324207 seconds
New Tree:
Tree: ((((0,5),1),(6,7)),((((36,(34,35)),(31,(32,33))),((((9,10),(11,(12,8))),((17,18),((14,13),(15,16)))),(((27,(26,30)),(28,29)),(((24,23),(25,(20,21))),(19,22))))),(3,(2,4))));
Tree Score: 13755.162577975669
Score Improvement: 1.1275888606165907E-5

Step Number: 22
Time Spent: 27.573572939 seconds
New Tree:
Tree: ((((0,5),1),(6,7)),((((36,(34,35)),(31,(32,33))),((((9,10),(11,(12,8))),((17,18),((14,13),(15,16)))),(((27,(26,30)),(28,29)),(((24,23),(19,22)),(25,(20,21)))))),(3,(2,4))));
Tree Score: 13804.253128435226
Score Improvement: 0.003568881878441843

Step Number: 23
Time Spent: 26.819891064 seconds
New Tree:
Tree: ((((0,5),1),(6,7)),((((36,(34,35)),(31,(32,33))),((((9,10),(11,(12,8))),((17,18),((14,13),(15,16)))),(((27,(26,30)),(28,29)),(((24,23),(19,22)),(20,(25,21)))))),(3,(2,4))));
Tree Score: 13835.500653407766
Score Improvement: 0.0022636157626068076

Step Number: 24
Time Spent: 26.825323249 seconds
New Tree:
Tree: ((((0,5),1),(6,7)),((((36,(34,35)),(31,(32,33))),((((9,10),(11,(12,8))),((17,18),((14,13),(15,16)))),(((26,(27,30)),(28,29)),(((24,23),(19,22)),(20,(25,21)))))),(3,(2,4))));
Tree Score: 13835.645828441015
Score Improvement: 1.0492936749040283E-5

Step Number: 25
Time Spent: 26.832765047 seconds
New Tree:
Tree: ((((0,5),1),(6,7)),((((36,(34,35)),(31,(32,33))),((((12,8),(11,(9,10))),((17,18),((14,13),(15,16)))),(((26,(27,30)),(28,29)),(((24,23),(19,22)),(20,(25,21)))))),(3,(2,4))));
Tree Score: 13835.771477740487
Score Improvement: 9.081563739909981E-6

Step Number: 26
Time Spent: 26.838105111 seconds
New Tree:
Tree: ((((0,5),1),(6,7)),((((36,(34,35)),(31,(32,33))),((((12,8),(11,(9,10))),((17,18),((14,13),(15,16)))),(((26,(27,30)),(28,29)),(((24,23),(19,22)),(20,(25,21)))))),(3,(2,4))));
Tree Score: 13835.771477740487
Score Improvement: 0.0

TOTAL STEPS: 26
TOTAL TIME: 1043.253983022 seconds
Final tree: Tree: ((((0,5),1),(6,7)),((((36,(34,35)),(31,(32,33))),((((12,8),(11,(9,10))),((17,18),((14,13),(15,16)))),(((26,(27,30)),(28,29)),(((24,23),(19,22)),(20,(25,21)))))),(3,(2,4))));
Tree Score: 13835.771477740487
Total Score Improvement: 0.7983154868207702

--------------ITERATION 3--------------
Input tree: (((0,(1,(2,3))),(((((4,5),6),((((7,8),(((9,10),11),(12,13))),14),15)),((16,17),((18,(19,20)),21))),((22,(23,24)),(((25,(26,27)),28),29)))),(((30,(31,32)),((33,34),35)),36));
Initial Score: 11866.06892823748

Step Number: 1
Time Spent: 29.273788658 seconds
New Tree:
Tree: (((0,(1,(2,3))),36),(((30,(31,32)),((33,34),35)),(((((4,5),6),((((7,8),(((9,10),11),(12,13))),14),15)),((16,17),((18,(19,20)),21))),((22,(23,24)),(((25,(26,27)),28),29)))));
Tree Score: 12419.555653930118
Score Improvement: 0.04664448934520471

Step Number: 2
Time Spent: 29.162561943 seconds
New Tree:
Tree: (((0,(1,(2,3))),36),(((30,(31,32)),((33,34),35)),((((((7,8),(((9,10),11),(12,13))),14),(((4,5),6),15)),((16,17),((18,(19,20)),21))),((22,(23,24)),(((25,(26,27)),28),29)))));
Tree Score: 12841.358529153687
Score Improvement: 0.033962799231878504

Step Number: 3
Time Spent: 29.15532946 seconds
New Tree:
Tree: (((0,(1,(2,3))),36),(((30,(31,32)),((33,34),35)),(((((((4,5),6),15),14),((7,8),(((9,10),11),(12,13)))),((16,17),((18,(19,20)),21))),((22,(23,24)),(((25,(26,27)),28),29)))));
Tree Score: 13338.158103638518
Score Improvement: 0.03868746233951392

Step Number: 4
Time Spent: 28.779712701 seconds
New Tree:
Tree: (((0,(1,(2,3))),36),(((30,(31,32)),((33,34),35)),((((((9,10),11),(12,13)),((7,8),((((4,5),6),15),14))),((16,17),((18,(19,20)),21))),((22,(23,24)),(((25,(26,27)),28),29)))));
Tree Score: 13600.90512770618
Score Improvement: 0.019698898605496895

Step Number: 5
Time Spent: 28.125093073 seconds
New Tree:
Tree: (((0,(1,(2,3))),36),(((30,(31,32)),((33,34),35)),((((((9,10),11),(12,13)),((7,8),((((4,5),6),15),14))),((18,(19,20)),((16,17),21))),((22,(23,24)),(((25,(26,27)),28),29)))));
Tree Score: 13848.648077889986
Score Improvement: 0.018215181111669754

Step Number: 6
Time Spent: 28.089729078 seconds
New Tree:
Tree: (((0,(1,(2,3))),36),(((30,(31,32)),((33,34),35)),((((((9,10),11),(12,13)),((7,8),((((4,5),6),15),14))),((18,(19,20)),((16,17),21))),(((25,(26,27)),28),((22,(23,24)),29)))));
Tree Score: 14073.475628073356
Score Improvement: 0.016234620803334376

Step Number: 7
Time Spent: 28.055215053 seconds
New Tree:
Tree: (((0,(1,(2,3))),36),(((30,(31,32)),((33,34),35)),((((((9,10),11),(12,13)),((7,8),((((4,5),6),15),14))),((18,(19,20)),((16,17),21))),(((25,28),(26,27)),((22,(23,24)),29)))));
Tree Score: 14149.680828305922
Score Improvement: 0.005414810260555125

Step Number: 8
Time Spent: 22.866820565 seconds
New Tree:
Tree: (((0,(1,(2,3))),36),(((30,(31,32)),((33,34),35)),((((((9,10),11),(12,13)),((((4,5),6),15),((7,8),14))),((18,(19,20)),((16,17),21))),(((25,28),(26,27)),((22,(23,24)),29)))));
Tree Score: 14224.178578463077
Score Improvement: 0.005264977426778783

Step Number: 9
Time Spent: 18.843209322 seconds
New Tree:
Tree: (((0,(1,(2,3))),36),(((30,(31,32)),((33,34),35)),((((((9,10),11),(12,13)),(((15,6),(4,5)),((7,8),14))),((18,(19,20)),((16,17),21))),(((25,28),(26,27)),((22,(23,24)),29)))));
Tree Score: 14285.337628659487
Score Improvement: 0.0042996542724098585

Step Number: 10
Time Spent: 18.748478979 seconds
New Tree:
Tree: (((0,36),(1,(2,3))),(((30,(31,32)),((33,34),35)),((((((9,10),11),(12,13)),(((15,6),(4,5)),((7,8),14))),((18,(19,20)),((16,17),21))),(((25,28),(26,27)),((22,(23,24)),29)))));
Tree Score: 14328.74010359931
Score Improvement: 0.0030382533523567457

Step Number: 11
Time Spent: 18.674389111 seconds
New Tree:
Tree: (((0,36),(1,(2,3))),(((30,(31,32)),((33,34),35)),((((((9,10),11),(12,13)),(((15,6),(4,5)),((7,8),14))),((18,(19,20)),((16,17),21))),(((25,28),(26,27)),((22,29),(23,24))))));
Tree Score: 14370.369953772359
Score Improvement: 0.002905339190470091

Step Number: 12
Time Spent: 18.642050781 seconds
New Tree:
Tree: (((2,3),(1,(0,36))),(((30,(31,32)),((33,34),35)),((((((9,10),11),(12,13)),(((15,6),(4,5)),((7,8),14))),((18,(19,20)),((16,17),21))),(((25,28),(26,27)),((22,29),(23,24))))));
Tree Score: 14401.435503049128
Score Improvement: 0.0021617779762597156

Step Number: 13
Time Spent: 19.940545932 seconds
New Tree:
Tree: (((2,3),(1,(0,36))),(((31,(30,32)),((33,34),35)),((((((9,10),11),(12,13)),(((15,6),(4,5)),((7,8),14))),((18,(19,20)),((16,17),21))),(((25,28),(26,27)),((22,29),(23,24))))));
Tree Score: 14423.412252933093
Score Improvement: 0.001526011061835586

Step Number: 14
Time Spent: 27.337355121 seconds
New Tree:
Tree: (((2,3),(1,(0,36))),(((31,(30,32)),((33,34),35)),((((((9,10),11),(12,13)),(((15,6),(4,5)),((7,8),14))),((20,(19,18)),((16,17),21))),(((25,28),(26,27)),((22,29),(23,24))))));
Tree Score: 14440.344653144784
Score Improvement: 0.0011739524541600765

Step Number: 15
Time Spent: 27.325751271 seconds
New Tree:
Tree: (((2,3),(1,(0,36))),(((31,(30,32)),((33,34),35)),((((((9,10),11),(12,13)),(((15,6),(4,5)),((7,8),14))),((20,(19,18)),((21,17),16))),(((25,28),(26,27)),((22,29),(23,24))))));
Tree Score: 14452.716678224577
Score Improvement: 8.567679911364312E-4

Step Number: 16
Time Spent: 27.341536659 seconds
New Tree:
Tree: (((2,3),(1,(0,36))),(((31,(30,32)),((33,34),35)),((((((9,10),11),(12,13)),(((15,6),(4,5)),((7,8),14))),((20,(19,18)),((21,17),16))),(((25,28),(26,27)),(24,(23,(22,29)))))));
Tree Score: 14459.021552765378
Score Improvement: 4.3624148187304534E-4

Step Number: 17
Time Spent: 27.260719328 seconds
New Tree:
Tree: (((2,3),(1,(0,36))),(((31,(30,32)),((33,34),35)),((((((9,10),11),(12,13)),(((15,6),(4,5)),((7,8),14))),((20,(19,18)),((21,17),16))),(((25,28),(26,27)),(24,(22,(23,29)))))));
Tree Score: 14481.276577813216
Score Improvement: 0.0015391791876526728

Step Number: 18
Time Spent: 20.770947758 seconds
New Tree:
Tree: (((2,3),(1,(0,36))),(((31,(30,32)),((33,34),35)),((((((9,10),11),(12,13)),(((15,6),(4,5)),((7,8),14))),((20,(19,18)),((21,17),16))),(((25,28),(26,27)),((23,29),(22,24))))));
Tree Score: 14491.609077812653
Score Improvement: 7.135075380899636E-4

Step Number: 19
Time Spent: 18.619198085 seconds
New Tree:
Tree: (((2,3),(1,(0,36))),(((31,(30,32)),((33,34),35)),((((((9,10),11),(12,13)),(((15,6),((7,8),14)),(4,5))),((20,(19,18)),((21,17),16))),(((25,28),(26,27)),((23,29),(22,24))))));
Tree Score: 14497.098702826785
Score Improvement: 3.7881404229556104E-4

Step Number: 20
Time Spent: 18.652493519 seconds
New Tree:
Tree: (((2,3),(1,(0,36))),(((31,(30,32)),((33,34),35)),((((((11,10),9),(12,13)),(((15,6),((7,8),14)),(4,5))),((20,(19,18)),((21,17),16))),(((25,28),(26,27)),((23,29),(22,24))))));
Tree Score: 14500.966077861623
Score Improvement: 2.6676889728882713E-4

Step Number: 21
Time Spent: 18.652355234 seconds
New Tree:
Tree: (((2,3),(1,(0,36))),(((31,(30,32)),((35,34),33)),((((((11,10),9),(12,13)),(((15,6),((7,8),14)),(4,5))),((20,(19,18)),((21,17),16))),(((25,28),(26,27)),((23,29),(22,24))))));
Tree Score: 14501.007202939378
Score Improvement: 2.8360233057522777E-6

Step Number: 22
Time Spent: 18.651356224 seconds
New Tree:
Tree: (((2,3),(1,(0,36))),(((31,(30,32)),((35,34),33)),((((((11,10),9),(12,13)),(((15,6),((7,8),14)),(4,5))),((20,(19,18)),((21,17),16))),(((25,28),(26,27)),((23,29),(22,24))))));
Tree Score: 14501.007202939378
Score Improvement: 0.0

TOTAL STEPS: 22
TOTAL TIME: 522.968637855 seconds
Final tree: Tree: (((2,3),(1,(0,36))),(((31,(30,32)),((35,34),33)),((((((11,10),9),(12,13)),(((15,6),((7,8),14)),(4,5))),((20,(19,18)),((21,17),16))),(((25,28),(26,27)),((23,29),(22,24))))));
Tree Score: 14501.007202939378
Total Score Improvement: 0.22205654548589204

--------------ITERATION 4--------------
Input tree: (((((0,1),(2,3)),4),((5,(6,((7,8),9))),((((10,11),(((12,13),14),(15,16))),17),18))),((((19,20),21),(22,((23,24),25))),((((26,27),28),29),((((30,31),((32,33),34)),35),36))));
Initial Score: 9025.239896162679

Step Number: 1
Time Spent: 23.070947221 seconds
New Tree:
Tree: (((((0,1),(2,3)),4),((((26,27),28),29),((((30,31),((32,33),34)),35),36))),((((19,20),21),(22,((23,24),25))),((5,(6,((7,8),9))),((((10,11),(((12,13),14),(15,16))),17),18))));
Tree Score: 9906.03507579173
Score Improvement: 0.09759243962075126

Step Number: 2
Time Spent: 27.251914368 seconds
New Tree:
Tree: (((((0,1),(2,3)),4),((((26,27),28),29),((((30,31),((32,33),34)),35),36))),((((19,20),21),(22,((23,24),25))),((5,(6,((7,8),9))),((18,17),((10,11),(((12,13),14),(15,16)))))));
Tree Score: 10391.030075865925
Score Improvement: 0.04895954802940494

Step Number: 3
Time Spent: 26.613561124 seconds
New Tree:
Tree: (((((0,1),(2,3)),4),((((26,27),28),29),((((30,31),((32,33),34)),35),36))),((((19,20),21),(22,((23,24),25))),(((10,11),(((12,13),14),(15,16))),((18,17),(5,(6,((7,8),9)))))));
Tree Score: 11132.560701183313
Score Improvement: 0.0713625713623578

Step Number: 4
Time Spent: 26.727600627 seconds
New Tree:
Tree: (((((0,1),(2,3)),4),((((26,27),28),29),((36,35),((30,31),((32,33),34))))),((((19,20),21),(22,((23,24),25))),(((10,11),(((12,13),14),(15,16))),((18,17),(5,(6,((7,8),9)))))));
Tree Score: 11535.529151586154
Score Improvement: 0.036197283016836224

Step Number: 5
Time Spent: 26.143777362 seconds
New Tree:
Tree: ((((36,35),((30,31),((32,33),34))),((((26,27),28),29),(((0,1),(2,3)),4))),((((19,20),21),(22,((23,24),25))),(((10,11),(((12,13),14),(15,16))),((18,17),(5,(6,((7,8),9)))))));
Tree Score: 11971.45829908373
Score Improvement: 0.037790130107523856

Step Number: 6
Time Spent: 26.304214943 seconds
New Tree:
Tree: ((((36,35),((30,31),((32,33),34))),((((26,27),28),29),(((0,1),(2,3)),4))),((((19,20),21),(22,((23,24),25))),((((12,13),14),((10,11),(15,16))),((18,17),(5,(6,((7,8),9)))))));
Tree Score: 12127.699173783978
Score Improvement: 0.01305111464258335

Step Number: 7
Time Spent: 26.520859113 seconds
New Tree:
Tree: ((((36,35),((30,31),((32,33),34))),((((26,27),28),29),(((0,1),(2,3)),4))),((((12,13),14),((10,11),(15,16))),((((19,20),21),(22,((23,24),25))),((18,17),(5,(6,((7,8),9)))))));
Tree Score: 12265.183850081256
Score Improvement: 0.011336418749112287

Step Number: 8
Time Spent: 27.199196491 seconds
New Tree:
Tree: ((((36,35),((30,31),((32,33),34))),((((26,27),28),29),(((0,1),(2,3)),4))),((((12,13),14),((10,11),(15,16))),((((19,20),21),((23,24),(22,25))),((18,17),(5,(6,((7,8),9)))))));
Tree Score: 12396.478100661505
Score Improvement: 0.010704629639887608

Step Number: 9
Time Spent: 28.125986692 seconds
New Tree:
Tree: (((((32,33),34),((30,31),(36,35))),((((26,27),28),29),(((0,1),(2,3)),4))),((((12,13),14),((10,11),(15,16))),((((19,20),21),((23,24),(22,25))),((18,17),(5,(6,((7,8),9)))))));
Tree Score: 12520.53255149358
Score Improvement: 0.01000723349202337

Step Number: 10
Time Spent: 28.179788575 seconds
New Tree:
Tree: (((((32,33),34),((30,31),(36,35))),(((29,28),(26,27)),(((0,1),(2,3)),4))),((((12,13),14),((10,11),(15,16))),((((19,20),21),((23,24),(22,25))),((18,17),(5,(6,((7,8),9)))))));
Tree Score: 12642.65167669774
Score Improvement: 0.009753508862495819

Step Number: 11
Time Spent: 27.903955455 seconds
New Tree:
Tree: (((((32,33),34),((30,31),(36,35))),(((29,28),(26,27)),(((0,1),4),(2,3)))),((((12,13),14),((10,11),(15,16))),((((19,20),21),((23,24),(22,25))),((18,17),(5,(6,((7,8),9)))))));
Tree Score: 12744.35792647683
Score Improvement: 0.008044692868233394

Step Number: 12
Time Spent: 22.376212437 seconds
New Tree:
Tree: (((((32,33),34),((30,31),(36,35))),(((29,28),(26,27)),(((0,1),4),(2,3)))),((((12,13),14),((10,11),(15,16))),((((19,20),21),((23,24),(22,25))),((18,17),(((7,8),9),(6,5))))));
Tree Score: 12802.433376590834
Score Improvement: 0.00455695378684795

Step Number: 13
Time Spent: 18.542131999 seconds
New Tree:
Tree: (((((32,33),34),((30,31),(36,35))),(((29,28),(26,27)),(((0,1),4),(2,3)))),((((12,13),14),((10,11),(15,16))),((((19,20),21),((23,24),(22,25))),(((7,8),9),((18,17),(6,5))))));
Tree Score: 12933.306575851013
Score Improvement: 0.01022252531299861

Step Number: 14
Time Spent: 19.329885107 seconds
New Tree:
Tree: (((((32,33),34),((30,31),(36,35))),(((29,28),(26,27)),(((0,1),4),(2,3)))),((((12,13),14),((10,11),(15,16))),(((22,25),((23,24),((19,20),21))),(((7,8),9),((18,17),(6,5))))));
Tree Score: 12945.627301043198
Score Improvement: 9.526353620341599E-4

Step Number: 15
Time Spent: 18.321363422 seconds
New Tree:
Tree: (((((32,33),34),((30,31),(36,35))),(((29,28),(26,27)),(((4,1),0),(2,3)))),((((12,13),14),((10,11),(15,16))),(((22,25),((23,24),((19,20),21))),(((7,8),9),((18,17),(6,5))))));
Tree Score: 12953.880276128017
Score Improvement: 6.375106352825011E-4

Step Number: 16
Time Spent: 18.634710113 seconds
New Tree:
Tree: (((((32,33),34),((30,31),(36,35))),(((29,28),(26,27)),(((2,3),0),(4,1)))),((((12,13),14),((10,11),(15,16))),(((22,25),((23,24),((19,20),21))),(((7,8),9),((18,17),(6,5))))));
Tree Score: 12961.467950885948
Score Improvement: 5.857453207989138E-4

Step Number: 17
Time Spent: 18.74689903 seconds
New Tree:
Tree: (((((32,33),34),((30,31),(36,35))),(((29,28),(26,27)),(((2,3),0),(4,1)))),((((12,14),13),((10,11),(15,16))),(((22,25),((23,24),((19,20),21))),(((7,8),9),((18,17),(6,5))))));
Tree Score: 12961.941201103684
Score Improvement: 3.651208486021851E-5

Step Number: 18
Time Spent: 18.252812666 seconds
New Tree:
Tree: (((((32,33),34),((30,31),(36,35))),(((29,28),(26,27)),(((2,3),0),(4,1)))),((((12,14),13),((10,11),(15,16))),(((22,25),((23,24),((19,20),21))),(((7,8),9),((18,17),(6,5))))));
Tree Score: 12961.941201103684
Score Improvement: 0.0

TOTAL STEPS: 18
TOTAL TIME: 428.245816745 seconds
Final tree: Tree: (((((32,33),34),((30,31),(36,35))),(((29,28),(26,27)),(((2,3),0),(4,1)))),((((12,14),13),((10,11),(15,16))),(((22,25),((23,24),((19,20),21))),(((7,8),9),((18,17),(6,5))))));
Tree Score: 12961.941201103684
Total Score Improvement: 0.4361879961345736

--------------ITERATION 5--------------
Input tree: ((((((0,(1,2)),(3,4)),5),(6,((7,8),9))),((10,((11,(12,13)),(14,15))),16)),(((17,18),19),((20,((21,22),23)),((((24,25),(26,27)),28),(((29,(30,31)),(32,(33,34))),(35,36))))));
Initial Score: 8283.09945328099

Step Number: 1
Time Spent: 19.24106613 seconds
New Tree:
Tree: ((((((0,(1,2)),(3,4)),5),(6,((7,8),9))),((10,((11,(12,13)),(14,15))),16)),(((((24,25),(26,27)),28),(((29,(30,31)),(32,(33,34))),(35,36))),((20,((21,22),23)),((17,18),19))));
Tree Score: 10262.721301629594
Score Improvement: 0.23899530115679868

Step Number: 2
Time Spent: 18.907232338 seconds
New Tree:
Tree: (((((10,((11,(12,13)),(14,15))),16),(6,((7,8),9))),(((0,(1,2)),(3,4)),5)),(((((24,25),(26,27)),28),(((29,(30,31)),(32,(33,34))),(35,36))),((20,((21,22),23)),((17,18),19))));
Tree Score: 11278.838148372022
Score Improvement: 0.09901046875170261

Step Number: 3
Time Spent: 18.880089221 seconds
New Tree:
Tree: (((((10,((11,(12,13)),(14,15))),16),(6,((7,8),9))),((20,((21,22),23)),((17,18),19))),(((((24,25),(26,27)),28),(((29,(30,31)),(32,(33,34))),(35,36))),(((0,(1,2)),(3,4)),5)));
Tree Score: 12523.298627263757
Score Improvement: 0.11033587524893762

Step Number: 4
Time Spent: 18.918165921 seconds
New Tree:
Tree: (((((10,((11,(12,13)),(14,15))),16),(6,((7,8),9))),((20,((21,22),23)),((17,18),19))),(((((0,(1,2)),(3,4)),5),(((29,(30,31)),(32,(33,34))),(35,36))),(((24,25),(26,27)),28)));
Tree Score: 12918.097951793872
Score Improvement: 0.03152518647687752

Step Number: 5
Time Spent: 20.474561466 seconds
New Tree:
Tree: (((((10,16),((11,(12,13)),(14,15))),(6,((7,8),9))),((20,((21,22),23)),((17,18),19))),(((((0,(1,2)),(3,4)),5),(((29,(30,31)),(32,(33,34))),(35,36))),(((24,25),(26,27)),28)));
Tree Score: 13253.394126126372
Score Improvement: 0.02595553738512546

Step Number: 6
Time Spent: 19.368014466 seconds
New Tree:
Tree: (((((10,16),(6,((7,8),9))),((11,(12,13)),(14,15))),((20,((21,22),23)),((17,18),19))),(((((0,(1,2)),(3,4)),5),(((29,(30,31)),(32,(33,34))),(35,36))),(((24,25),(26,27)),28)));
Tree Score: 13582.635100936346
Score Improvement: 0.024842011916097917

Step Number: 7
Time Spent: 27.292909106 seconds
New Tree:
Tree: (((((10,16),(6,((7,8),9))),((11,(12,13)),(14,15))),((20,((21,22),23)),((17,18),19))),(((((0,(1,2)),(3,4)),5),(((29,(30,31)),(32,(33,34))),(35,36))),(((24,25),28),(26,27))));
Tree Score: 13884.054100534271
Score Improvement: 0.022191496521698273

Step Number: 8
Time Spent: 32.536852977 seconds
New Tree:
Tree: (((((10,16),(6,((7,8),9))),((11,(12,13)),(14,15))),((20,((21,22),23)),((17,18),19))),((((29,(30,31)),(32,(33,34))),((((0,(1,2)),(3,4)),5),(35,36))),(((24,25),28),(26,27))));
Tree Score: 14146.720649557657
Score Improvement: 0.018918577176480378

Step Number: 9
Time Spent: 32.518412991 seconds
New Tree:
Tree: (((((10,16),(6,((7,8),9))),((11,(12,13)),(14,15))),((20,((21,22),23)),((17,18),19))),((((29,(30,31)),(32,(33,34))),(((24,25),28),(26,27))),((((0,(1,2)),(3,4)),5),(35,36))));
Tree Score: 14516.146001371908
Score Improvement: 0.02611385076199979

Step Number: 10
Time Spent: 32.386404585 seconds
New Tree:
Tree: (((((10,16),(6,((7,8),9))),((11,(12,13)),(14,15))),((20,((21,22),23)),((17,18),19))),((((29,(30,31)),(32,(33,34))),(((24,25),28),(26,27))),(((35,36),5),((0,(1,2)),(3,4)))));
Tree Score: 14786.76625111129
Score Improvement: 0.018642706522365327

Step Number: 11
Time Spent: 31.539417618 seconds
New Tree:
Tree: ((((((7,8),9),(6,(10,16))),((11,(12,13)),(14,15))),((20,((21,22),23)),((17,18),19))),((((29,(30,31)),(32,(33,34))),(((24,25),28),(26,27))),(((35,36),5),((0,(1,2)),(3,4)))));
Tree Score: 14882.445476915575
Score Improvement: 0.006470598383679249

Step Number: 12
Time Spent: 28.109869489 seconds
New Tree:
Tree: ((((((7,8),9),(6,(10,16))),((11,(12,13)),(14,15))),((20,((21,22),23)),((17,18),19))),((((29,(30,31)),(32,(33,34))),(((24,25),28),(26,27))),(((35,36),5),(((3,4),(1,2)),0))));
Tree Score: 14935.002226783781
Score Improvement: 0.0035314592584752003

Step Number: 13
Time Spent: 28.279370234 seconds
New Tree:
Tree: ((((((7,8),9),(6,(10,16))),((11,(14,15)),(12,13))),((20,((21,22),23)),((17,18),19))),((((29,(30,31)),(32,(33,34))),(((24,25),28),(26,27))),(((35,36),5),(((3,4),(1,2)),0))));
Tree Score: 14968.847801892905
Score Improvement: 0.0022661915006900735

Step Number: 14
Time Spent: 28.28292264 seconds
New Tree:
Tree: ((((((7,8),9),(6,(10,16))),((11,(14,15)),(12,13))),((20,((21,22),23)),((17,18),19))),((((29,(30,31)),(32,(33,34))),(((24,25),28),(26,27))),(((5,36),35),(((3,4),(1,2)),0))));
Tree Score: 15000.784626833982
Score Improvement: 0.0021335526530663618

Step Number: 15
Time Spent: 22.033563068 seconds
New Tree:
Tree: ((((((7,8),9),(6,(10,16))),((11,(14,15)),(12,13))),((23,((21,22),20)),((17,18),19))),((((29,(30,31)),(32,(33,34))),(((24,25),28),(26,27))),(((5,36),35),(((3,4),(1,2)),0))));
Tree Score: 15028.913151976474
Score Improvement: 0.0018751369239828897

Step Number: 16
Time Spent: 19.431487831 seconds
New Tree:
Tree: ((((((7,8),9),(6,(10,16))),((15,(14,11)),(12,13))),((23,((21,22),20)),((17,18),19))),((((29,(30,31)),(32,(33,34))),(((24,25),28),(26,27))),(((5,36),35),(((3,4),(1,2)),0))));
Tree Score: 15041.10040225909
Score Improvement: 8.109202681108041E-4

Step Number: 17
Time Spent: 18.691557635 seconds
New Tree:
Tree: ((((((7,8),9),(6,(10,16))),((15,(14,11)),(12,13))),((23,((21,22),20)),((17,18),19))),((((29,(30,31)),(32,(33,34))),(((28,25),24),(26,27))),(((5,36),35),(((3,4),(1,2)),0))));
Tree Score: 15046.456627659321
Score Improvement: 3.561059534864519E-4

Step Number: 18
Time Spent: 18.644645594 seconds
New Tree:
Tree: ((((((7,8),9),(6,(10,16))),((15,(14,11)),(12,13))),((23,((21,22),20)),((17,18),19))),((((29,(30,31)),(33,(32,34))),(((28,25),24),(26,27))),(((5,36),35),(((3,4),(1,2)),0))));
Tree Score: 15050.110777936698
Score Improvement: 2.4285786134248255E-4

Step Number: 19
Time Spent: 27.73898308 seconds
New Tree:
Tree: ((((((7,8),9),(16,(10,6))),((15,(14,11)),(12,13))),((23,((21,22),20)),((17,18),19))),((((29,(30,31)),(33,(32,34))),(((28,25),24),(26,27))),(((5,36),35),(((3,4),(1,2)),0))));
Tree Score: 15052.59607792069
Score Improvement: 1.6513499605830262E-4

Step Number: 20
Time Spent: 25.457622579 seconds
New Tree:
Tree: ((((((7,8),9),(16,(10,6))),((15,(14,11)),(12,13))),((23,((20,22),21)),((17,18),19))),((((29,(30,31)),(33,(32,34))),(((28,25),24),(26,27))),(((5,36),35),(((3,4),(1,2)),0))));
Tree Score: 15054.664927666829
Score Improvement: 1.3744139120119847E-4

Step Number: 21
Time Spent: 18.717927679 seconds
New Tree:
Tree: ((((((7,8),9),(16,(10,6))),((15,(14,11)),(12,13))),(((20,22),(23,21)),((17,18),19))),((((29,(30,31)),(33,(32,34))),(((28,25),24),(26,27))),(((5,36),35),(((3,4),(1,2)),0))));
Tree Score: 15057.782978272651
Score Improvement: 2.0711524439787077E-4

Step Number: 22
Time Spent: 18.525993285 seconds
New Tree:
Tree: ((((((7,8),9),(16,(10,6))),((15,(14,11)),(12,13))),(((20,22),(23,21)),((17,18),19))),((((29,(30,31)),(33,(32,34))),(((28,25),24),(26,27))),(((5,36),35),(((3,4),(1,2)),0))));
Tree Score: 15057.782978272651
Score Improvement: 0.0

TOTAL STEPS: 22
TOTAL TIME: 525.977069933 seconds
Final tree: Tree: ((((((7,8),9),(16,(10,6))),((15,(14,11)),(12,13))),(((20,22),(23,21)),((17,18),19))),((((29,(30,31)),(33,(32,34))),(((28,25),24),(26,27))),(((5,36),35),(((3,4),(1,2)),0))));
Tree Score: 15057.782978272651
Total Score Improvement: 0.8178923316329574

--------------ITERATION 6--------------
Input tree: ((((0,1),(2,3)),4),(((5,6),(7,8)),((9,(10,11)),((((12,(13,14)),15),((16,17),(18,(19,(20,21))))),(((22,23),(((24,25),26),(27,28))),(((29,(30,31)),(32,33)),(34,(35,36))))))));
Initial Score: 11129.35527783431

Step Number: 1
Time Spent: 18.731377643 seconds
New Tree:
Tree: ((((0,1),(2,3)),4),(((((12,(13,14)),15),((16,17),(18,(19,(20,21))))),(((22,23),(((24,25),26),(27,28))),(((29,(30,31)),(32,33)),(34,(35,36))))),((9,(10,11)),((5,6),(7,8)))));
Tree Score: 11488.74542869349
Score Improvement: 0.03229209077141748

Step Number: 2
Time Spent: 18.398929571 seconds
New Tree:
Tree: ((((0,1),(2,3)),4),(((((12,(13,14)),15),((16,17),(18,(19,(20,21))))),((((24,25),26),((22,23),(27,28))),(((29,(30,31)),(32,33)),(34,(35,36))))),((9,(10,11)),((5,6),(7,8)))));
Tree Score: 11798.3629051853
Score Improvement: 0.02694963330970257

Step Number: 3
Time Spent: 18.52057863 seconds
New Tree:
Tree: ((((0,1),4),(2,3)),(((((12,(13,14)),15),((16,17),(18,(19,(20,21))))),((((24,25),26),((22,23),(27,28))),(((29,(30,31)),(32,33)),(34,(35,36))))),((9,(10,11)),((5,6),(7,8)))));
Tree Score: 12006.081130220651
Score Improvement: 0.01760568196661083

Step Number: 4
Time Spent: 18.379746056 seconds
New Tree:
Tree: ((((0,1),4),(2,3)),(((((12,15),(13,14)),((16,17),(18,(19,(20,21))))),((((24,25),26),((22,23),(27,28))),(((29,(30,31)),(32,33)),(34,(35,36))))),((9,(10,11)),((5,6),(7,8)))));
Tree Score: 12187.212805538535
Score Improvement: 0.015086660947339015

Step Number: 5
Time Spent: 18.534428436 seconds
New Tree:
Tree: ((((0,1),4),(2,3)),(((((12,15),(13,14)),((19,(20,21)),(18,(16,17)))),((((24,25),26),((22,23),(27,28))),(((29,(30,31)),(32,33)),(34,(35,36))))),((9,(10,11)),((5,6),(7,8)))));
Tree Score: 12346.36555618395
Score Improvement: 0.01305899496340035

Step Number: 6
Time Spent: 18.488999684 seconds
New Tree:
Tree: ((((0,1),4),(2,3)),(((((12,15),(13,14)),((19,(20,21)),(18,(16,17)))),((((24,25),26),((22,23),(27,28))),(((29,(30,31)),(32,33)),(36,(35,34))))),((9,(10,11)),((5,6),(7,8)))));
Tree Score: 12371.583530958489
Score Improvement: 0.0020425423708525514

Step Number: 7
Time Spent: 18.500884226 seconds
New Tree:
Tree: ((((0,1),4),(2,3)),(((((12,15),(13,14)),((19,(20,21)),(18,(16,17)))),((((24,26),25),((22,23),(27,28))),(((29,(30,31)),(32,33)),(36,(35,34))))),((9,(10,11)),((5,6),(7,8)))));
Tree Score: 12393.012306002647
Score Improvement: 0.0017320963796214617

Step Number: 8
Time Spent: 18.470346963 seconds
New Tree:
Tree: ((((0,1),4),(2,3)),(((((12,15),(13,14)),((21,(20,19)),(18,(16,17)))),((((24,26),25),((22,23),(27,28))),(((29,(30,31)),(32,33)),(36,(35,34))))),((9,(10,11)),((5,6),(7,8)))));
Tree Score: 12406.328130742282
Score Improvement: 0.0010744623188330138

Step Number: 9
Time Spent: 18.481598044 seconds
New Tree:
Tree: ((((0,1),4),(2,3)),(((((12,15),(13,14)),((21,(20,19)),(18,(16,17)))),((((24,26),25),((22,23),(27,28))),(((29,(30,31)),(32,33)),(36,(35,34))))),((10,(9,11)),((5,6),(7,8)))));
Tree Score: 12418.24468048823
Score Improvement: 9.605218901487245E-4

Step Number: 10
Time Spent: 18.639515542 seconds
New Tree:
Tree: ((((4,1),0),(2,3)),(((((12,15),(13,14)),((21,(20,19)),(18,(16,17)))),((((24,26),25),((22,23),(27,28))),(((29,(30,31)),(32,33)),(36,(35,34))))),((10,(9,11)),((5,6),(7,8)))));
Tree Score: 12426.497655573048
Score Improvement: 6.645846733706051E-4

Step Number: 11
Time Spent: 18.478921238 seconds
New Tree:
Tree: ((((2,3),0),(4,1)),(((((12,15),(13,14)),((21,(20,19)),(18,(16,17)))),((((24,26),25),((22,23),(27,28))),(((29,(30,31)),(32,33)),(36,(35,34))))),((10,(9,11)),((5,6),(7,8)))));
Tree Score: 12430.927080674775
Score Improvement: 3.564500009978211E-4

Step Number: 12
Time Spent: 18.5379777 seconds
New Tree:
Tree: ((((2,3),0),(4,1)),(((((12,15),(13,14)),((21,(20,19)),(18,(16,17)))),((((24,26),25),(((27,28),23),22)),(((29,(30,31)),(32,33)),(36,(35,34))))),((10,(9,11)),((5,6),(7,8)))));
Tree Score: 12434.815755737984
Score Improvement: 3.128226107329546E-4

Step Number: 13
Time Spent: 18.56543168 seconds
New Tree:
Tree: ((((2,3),0),(4,1)),(((((12,15),(13,14)),((21,(20,19)),(18,(16,17)))),((((24,26),25),(((27,23),28),22)),(((29,(30,31)),(32,33)),(36,(35,34))))),((10,(9,11)),((5,6),(7,8)))));
Tree Score: 12437.003630627916
Score Improvement: 1.759475116407394E-4

Step Number: 14
Time Spent: 18.662991363 seconds
New Tree:
Tree: ((((2,3),0),(4,1)),(((((12,15),(13,14)),((21,(20,19)),(18,(16,17)))),((((24,26),25),((22,28),(27,23))),(((29,(30,31)),(32,33)),(36,(35,34))))),((10,(9,11)),((5,6),(7,8)))));
Tree Score: 12443.370855557305
Score Improvement: 5.119581145500707E-4

Step Number: 15
Time Spent: 18.457594363 seconds
New Tree:
Tree: ((((2,3),0),(4,1)),(((((12,15),(13,14)),((21,(20,19)),(17,(16,18)))),((((24,26),25),((22,28),(27,23))),(((29,(30,31)),(32,33)),(36,(35,34))))),((10,(9,11)),((5,6),(7,8)))));
Tree Score: 12443.503205590687
Score Improvement: 1.063618812935374E-5

Step Number: 16
Time Spent: 18.587144846 seconds
New Tree:
Tree: ((((2,3),0),(4,1)),(((((12,15),(13,14)),((21,(20,19)),(17,(16,18)))),((((24,26),25),((22,28),(27,23))),(((29,(30,31)),(32,33)),(36,(35,34))))),((10,(9,11)),((5,6),(7,8)))));
Tree Score: 12443.503205590687
Score Improvement: 0.0

TOTAL STEPS: 16
TOTAL TIME: 296.436465985 seconds
Final tree: Tree: ((((2,3),0),(4,1)),(((((12,15),(13,14)),((21,(20,19)),(17,(16,18)))),((((24,26),25),((22,28),(27,23))),(((29,(30,31)),(32,33)),(36,(35,34))))),((10,(9,11)),((5,6),(7,8)))));
Tree Score: 12443.503205590687
Total Score Improvement: 0.11807943002535737

--------------ITERATION 7--------------
Input tree: (((((0,(1,2)),(((3,4),(5,6)),((7,((8,9),10)),((11,12),(13,14))))),15),((16,(17,((18,19),20))),(21,(22,23)))),((24,(((25,26),27),28)),((29,((30,31),(32,33))),(34,(35,36)))));
Initial Score: 10578.16845144377

Step Number: 1
Time Spent: 19.035848274 seconds
New Tree:
Tree: ((((((7,((8,9),10)),((11,12),(13,14))),(((3,4),(5,6)),(0,(1,2)))),15),((16,(17,((18,19),20))),(21,(22,23)))),((24,(((25,26),27),28)),((29,((30,31),(32,33))),(34,(35,36)))));
Tree Score: 11246.958325658004
Score Improvement: 0.0632235984219891

Step Number: 2
Time Spent: 19.347088621 seconds
New Tree:
Tree: ((((((7,((8,9),10)),((11,12),(13,14))),(((3,4),(5,6)),(0,(1,2)))),15),((16,(21,(22,23))),(17,((18,19),20)))),((24,(((25,26),27),28)),((29,((30,31),(32,33))),(34,(35,36)))));
Tree Score: 11657.300024856257
Score Improvement: 0.03648468210841749

Step Number: 3
Time Spent: 19.184590932 seconds
New Tree:
Tree: ((((((7,((8,9),10)),((11,12),(13,14))),(((3,4),(5,6)),(0,(1,2)))),15),((16,(21,(22,23))),(17,((18,19),20)))),((((25,26),27),(24,28)),((29,((30,31),(32,33))),(34,(35,36)))));
Tree Score: 11895.143600183012
Score Improvement: 0.020402972799843377

Step Number: 4
Time Spent: 19.418789359 seconds
New Tree:
Tree: ((((((7,((8,9),10)),((11,12),(13,14))),(((3,4),(5,6)),(0,(1,2)))),15),((16,(21,(22,23))),((18,19),(17,20)))),((((25,26),27),(24,28)),((29,((30,31),(32,33))),(34,(35,36)))));
Tree Score: 12009.242975220488
Score Improvement: 0.0095920973190875

Step Number: 5
Time Spent: 19.765255135 seconds
New Tree:
Tree: ((((((7,((8,9),10)),((11,12),(13,14))),(((3,4),(5,6)),(1,(0,2)))),15),((16,(21,(22,23))),((18,19),(17,20)))),((((25,26),27),(24,28)),((29,((30,31),(32,33))),(34,(35,36)))));
Tree Score: 12057.035499932648
Score Improvement: 0.003979645079275507

Step Number: 6
Time Spent: 19.853882886 seconds
New Tree:
Tree: ((((((7,((8,9),10)),((11,12),(13,14))),(((3,4),(5,6)),(1,(0,2)))),15),((16,(21,(22,23))),((18,19),(17,20)))),((((25,26),27),(24,28)),(((32,33),((30,31),29)),(34,(35,36)))));
Tree Score: 12104.28517527453
Score Improvement: 0.003918846829483513

Step Number: 7
Time Spent: 19.906519119 seconds
New Tree:
Tree: (((((((8,9),(7,10)),((11,12),(13,14))),(((3,4),(5,6)),(1,(0,2)))),15),((16,(21,(22,23))),((18,19),(17,20)))),((((25,26),27),(24,28)),(((32,33),((30,31),29)),(34,(35,36)))));
Tree Score: 12141.954200048403
Score Improvement: 0.0031120404243960564

Step Number: 8
Time Spent: 19.766358348 seconds
New Tree:
Tree: ((((15,(((3,4),(5,6)),(1,(0,2)))),(((8,9),(7,10)),((11,12),(13,14)))),((16,(21,(22,23))),((18,19),(17,20)))),((((25,26),27),(24,28)),(((32,33),((30,31),29)),(34,(35,36)))));
Tree Score: 12179.251375216587
Score Improvement: 0.0030717604887715577

Step Number: 9
Time Spent: 19.230242198 seconds
New Tree:
Tree: (((((16,(21,(22,23))),((18,19),(17,20))),(((8,9),(7,10)),((11,12),(13,14)))),(15,(((3,4),(5,6)),(1,(0,2))))),((((25,26),27),(24,28)),(((32,33),((30,31),29)),(34,(35,36)))));
Tree Score: 13377.368753411796
Score Improvement: 0.0983736472204888

Step Number: 10
Time Spent: 19.539094323 seconds
New Tree:
Tree: (((((16,(21,(22,23))),((18,19),(17,20))),(((8,9),(7,10)),((11,12),(13,14)))),(((3,4),(5,6)),(15,(1,(0,2))))),((((25,26),27),(24,28)),(((32,33),((30,31),29)),(34,(35,36)))));
Tree Score: 14028.889803742506
Score Improvement: 0.04870322873954902

Step Number: 11
Time Spent: 19.300380796 seconds
New Tree:
Tree: (((((16,(21,(22,23))),((18,19),(17,20))),(((8,9),(7,10)),((11,12),(13,14)))),(((3,4),(5,6)),((0,2),(1,15)))),((((25,26),27),(24,28)),(((32,33),((30,31),29)),(34,(35,36)))));
Tree Score: 14113.59862830747
Score Improvement: 0.006038170215177496

Step Number: 12
Time Spent: 19.520407938 seconds
New Tree:
Tree: ((((((22,23),(21,16)),((18,19),(17,20))),(((8,9),(7,10)),((11,12),(13,14)))),(((3,4),(5,6)),((0,2),(1,15)))),((((25,26),27),(24,28)),(((32,33),((30,31),29)),(34,(35,36)))));
Tree Score: 14142.388853692679
Score Improvement: 0.002039892598862947

Step Number: 13
Time Spent: 19.567936887 seconds
New Tree:
Tree: ((((((22,23),(21,16)),((18,19),(17,20))),(((8,9),(7,10)),((11,12),(13,14)))),(((3,4),(5,6)),((0,2),(1,15)))),((((25,26),27),(24,28)),(((32,33),((30,31),29)),(36,(35,34)))));
Tree Score: 14167.606828467218
Score Improvement: 0.0017831481679246863

Step Number: 14
Time Spent: 20.110816606 seconds
New Tree:
Tree: ((((((22,23),(21,16)),((18,19),(17,20))),(((8,9),(7,10)),((11,12),(13,14)))),(((3,4),(5,6)),((0,2),(1,15)))),((((24,28),27),(25,26)),(((32,33),((30,31),29)),(36,(35,34)))));
Tree Score: 14192.140703788664
Score Improvement: 0.0017316880414939284

Step Number: 15
Time Spent: 20.051689744 seconds
New Tree:
Tree: ((((((22,23),(21,16)),((18,19),(17,20))),(((8,9),(7,10)),((11,12),(13,14)))),(((3,4),(5,6)),((0,2),(1,15)))),((((24,27),28),(25,26)),(((32,33),((30,31),29)),(36,(35,34)))));
Tree Score: 14202.496753728246
Score Improvement: 7.29703161470141E-4

Step Number: 16
Time Spent: 20.020750544 seconds
New Tree:
Tree: ((((((22,23),(21,16)),((18,19),(17,20))),(((8,9),(7,10)),((11,12),(13,14)))),(((3,4),(5,6)),((0,2),(1,15)))),((((25,26),28),(24,27)),(((32,33),((30,31),29)),(36,(35,34)))));
Tree Score: 14203.59890340539
Score Improvement: 7.760252977018212E-5

Step Number: 17
Time Spent: 20.059631397 seconds
New Tree:
Tree: ((((((22,23),(21,16)),((18,19),(17,20))),(((8,9),(7,10)),((11,12),(13,14)))),(((3,4),(5,6)),((0,2),(1,15)))),((((25,26),28),(24,27)),(((32,33),((30,31),29)),(36,(35,34)))));
Tree Score: 14203.59890340539
Score Improvement: 0.0

TOTAL STEPS: 17
TOTAL TIME: 333.679283107 seconds
Final tree: Tree: ((((((22,23),(21,16)),((18,19),(17,20))),(((8,9),(7,10)),((11,12),(13,14)))),(((3,4),(5,6)),((0,2),(1,15)))),((((25,26),28),(24,27)),(((32,33),((30,31),29)),(36,(35,34)))));
Tree Score: 14203.59890340539
Total Score Improvement: 0.3427276157118486

--------------ITERATION 8--------------
Input tree: (((((0,1),(2,(3,4))),((5,6),(7,8))),((((9,10),11),12),(((13,(((14,(15,(16,17))),18),19)),20),((21,22),23)))),((((24,((25,26),27)),(28,29)),30),((31,(32,33)),(34,(35,36)))));
Initial Score: 10723.289850295274

Step Number: 1
Time Spent: 20.326892756 seconds
New Tree:
Tree: (((((0,1),(2,(3,4))),((5,6),(7,8))),((31,(32,33)),(34,(35,36)))),((((24,((25,26),27)),(28,29)),30),((((9,10),11),12),(((13,(((14,(15,(16,17))),18),19)),20),((21,22),23)))));
Tree Score: 11475.053676528314
Score Improvement: 0.07010570792435855

Step Number: 2
Time Spent: 20.202039311 seconds
New Tree:
Tree: (((((0,1),(2,(3,4))),((5,6),(7,8))),((31,(32,33)),(34,(35,36)))),(((30,(28,29)),(24,((25,26),27))),((((9,10),11),12),(((13,(((14,(15,(16,17))),18),19)),20),((21,22),23)))));
Tree Score: 12356.722277038189
Score Improvement: 0.0768335055646221

Step Number: 3
Time Spent: 20.194167918 seconds
New Tree:
Tree: (((((0,1),(2,(3,4))),((5,6),(7,8))),((31,(32,33)),(34,(35,36)))),(((30,(28,29)),(24,((25,26),27))),((((9,10),11),12),((((21,22),23),20),(13,(((14,(15,(16,17))),18),19))))));
Tree Score: 12615.307577165368
Score Improvement: 0.020926690292917938

Step Number: 4
Time Spent: 19.828272017 seconds
New Tree:
Tree: (((((0,1),(2,(3,4))),((5,6),(7,8))),((31,(32,33)),(34,(35,36)))),(((30,(28,29)),(24,((25,26),27))),((((9,10),11),12),((((21,22),23),20),(((14,(15,(16,17))),18),(13,19))))));
Tree Score: 12845.681402578259
Score Improvement: 0.018261451336302414

Step Number: 5
Time Spent: 19.358310789 seconds
New Tree:
Tree: (((((0,1),(2,(3,4))),((5,6),(7,8))),((31,(32,33)),(34,(35,36)))),(((30,(28,29)),(24,((25,26),27))),((((14,(15,(16,17))),18),(13,19)),((((21,22),23),20),(((9,10),11),12)))));
Tree Score: 13129.414928968938
Score Improvement: 0.022087853302490412

Step Number: 6
Time Spent: 19.594957571 seconds
New Tree:
Tree: (((((0,1),(2,(3,4))),((5,6),(7,8))),((31,(32,33)),(34,(35,36)))),(((30,(28,29)),(24,((25,26),27))),((((13,19),18),(14,(15,(16,17)))),((((21,22),23),20),(((9,10),11),12)))));
Tree Score: 13307.190452575833
Score Improvement: 0.013540247190653387

Step Number: 7
Time Spent: 19.732756799 seconds
New Tree:
Tree: (((((0,1),(2,(3,4))),((5,6),(7,8))),((31,(32,33)),(34,(35,36)))),(((30,(28,29)),(24,((25,26),27))),((((13,19),18),(14,(15,(16,17)))),((((21,22),23),20),((12,11),(9,10))))));
Tree Score: 13399.266902469248
Score Improvement: 0.006919300525648708

Step Number: 8
Time Spent: 19.438667865 seconds
New Tree:
Tree: (((((0,1),(2,(3,4))),((5,6),(7,8))),((31,(32,33)),(34,(35,36)))),(((30,(28,29)),((25,26),(24,27))),((((13,19),18),(14,(15,(16,17)))),((((21,22),23),20),((12,11),(9,10))))));
Tree Score: 13457.923977313189
Score Improvement: 0.004377633139998949

Step Number: 9
Time Spent: 19.466171711 seconds
New Tree:
Tree: (((((0,1),(2,(3,4))),((5,6),(7,8))),((31,(32,33)),(34,(35,36)))),(((30,(28,29)),((25,26),(24,27))),((((13,19),18),((16,17),(15,14))),((((21,22),23),20),((12,11),(9,10))))));
Tree Score: 13491.174952297213
Score Improvement: 0.0024707358311786276

Step Number: 10
Time Spent: 19.454475601 seconds
New Tree:
Tree: (((((3,4),(2,(0,1))),((5,6),(7,8))),((31,(32,33)),(34,(35,36)))),(((30,(28,29)),((25,26),(24,27))),((((13,19),18),((16,17),(15,14))),((((21,22),23),20),((12,11),(9,10))))));
Tree Score: 13517.736277396532
Score Improvement: 0.001968792576868772

Step Number: 11
Time Spent: 19.327791824 seconds
New Tree:
Tree: (((((3,4),(2,(0,1))),((5,6),(7,8))),((31,(32,33)),(34,(35,36)))),(((30,(28,29)),((25,26),(24,27))),((((13,19),18),((16,17),(15,14))),(((20,23),(21,22)),((12,11),(9,10))))));
Tree Score: 13543.268952487335
Score Improvement: 0.0018888277272797183

Step Number: 12
Time Spent: 19.394050738 seconds
New Tree:
Tree: (((((3,4),(2,(0,1))),((5,6),(7,8))),((31,(32,33)),(36,(35,34)))),(((30,(28,29)),((25,26),(24,27))),((((13,19),18),((16,17),(15,14))),(((20,23),(21,22)),((12,11),(9,10))))));
Tree Score: 13562.969377471432
Score Improvement: 0.0014546284987184688

Step Number: 13
Time Spent: 19.321707042 seconds
New Tree:
Tree: (((((3,4),(2,(0,1))),((5,6),(7,8))),((31,(32,33)),(36,(35,34)))),(((29,(28,30)),((25,26),(24,27))),((((13,19),18),((16,17),(15,14))),(((20,23),(21,22)),((12,11),(9,10))))));
Tree Score: 13575.448577588722
Score Improvement: 9.200935112350095E-4

Step Number: 14
Time Spent: 19.258599365 seconds
New Tree:
Tree: (((((3,4),(1,(0,2))),((5,6),(7,8))),((31,(32,33)),(36,(35,34)))),(((29,(28,30)),((25,26),(24,27))),((((13,19),18),((16,17),(15,14))),(((20,23),(21,22)),((12,11),(9,10))))));
Tree Score: 13576.018627506048
Score Improvement: 4.199123985237918E-5

Step Number: 15
Time Spent: 19.893434634 seconds
New Tree:
Tree: (((((3,4),(1,(0,2))),((5,6),(7,8))),((31,(32,33)),(36,(35,34)))),(((29,(28,30)),((25,26),(24,27))),((((13,19),18),((16,17),(15,14))),(((20,23),(21,22)),((12,11),(9,10))))));
Tree Score: 13576.018627506048
Score Improvement: 0.0

TOTAL STEPS: 15
TOTAL TIME: 294.792295941 seconds
Final tree: Tree: (((((3,4),(1,(0,2))),((5,6),(7,8))),((31,(32,33)),(36,(35,34)))),(((29,(28,30)),((25,26),(24,27))),((((13,19),18),((16,17),(15,14))),(((20,23),(21,22)),((12,11),(9,10))))));
Tree Score: 13576.018627506048
Total Score Improvement: 0.2660311170393499

--------------ITERATION 9--------------
Input tree: (((0,1),(((2,(3,4)),5),(6,((7,8),9)))),((10,(((11,12),((13,14),15)),((16,17),(((18,19),20),(21,(22,(23,24))))))),((25,26),(((27,((28,29),30)),((31,((32,33),34)),35)),36))));
Initial Score: 7784.290975015596

Step Number: 1
Time Spent: 18.928144006 seconds
New Tree:
Tree: (((0,1),(((2,(3,4)),5),(6,((7,8),9)))),((((16,17),(((18,19),20),(21,(22,(23,24))))),(((11,12),((13,14),15)),10)),((25,26),(((27,((28,29),30)),((31,((32,33),34)),35)),36))));
Tree Score: 10006.015077391625
Score Improvement: 0.2854112352052176

Step Number: 2
Time Spent: 19.164107182 seconds
New Tree:
Tree: (((0,1),(((2,(3,4)),5),(6,((7,8),9)))),((((16,17),(((18,19),20),(21,(22,(23,24))))),(((11,12),10),((13,14),15))),((25,26),(((27,((28,29),30)),((31,((32,33),34)),35)),36))));
Tree Score: 10529.111752087236
Score Improvement: 0.05227822171461005

Step Number: 3
Time Spent: 19.1269336 seconds
New Tree:
Tree: (((0,1),(((2,(3,4)),5),(6,((7,8),9)))),((((16,17),(((18,19),20),(21,(22,(23,24))))),(((11,12),10),((13,14),15))),(((27,((28,29),30)),((31,((32,33),34)),35)),((25,26),36))));
Tree Score: 10981.703177590723
Score Improvement: 0.04298476796143502

Step Number: 4
Time Spent: 19.119945421 seconds
New Tree:
Tree: (((0,1),(((2,(3,4)),5),(6,((7,8),9)))),((((16,17),(((18,19),20),(21,(22,(23,24))))),(((11,12),10),((13,14),15))),(((27,((28,29),30)),((25,26),36)),((31,((32,33),34)),35))));
Tree Score: 11442.426279125546
Score Improvement: 0.04195370190618286

Step Number: 5
Time Spent: 19.452795219 seconds
New Tree:
Tree: (((0,1),(((2,(3,4)),5),(6,((7,8),9)))),(((31,((32,33),34)),35),(((27,((28,29),30)),((25,26),36)),(((16,17),(((18,19),20),(21,(22,(23,24))))),(((11,12),10),((13,14),15))))));
Tree Score: 11866.567651414705
Score Improvement: 0.037067433247345516

Step Number: 6
Time Spent: 32.101678574 seconds
New Tree:
Tree: (((0,1),(((2,(3,4)),5),(6,((7,8),9)))),(((31,35),((32,33),34)),(((27,((28,29),30)),((25,26),36)),(((16,17),(((18,19),20),(21,(22,(23,24))))),(((11,12),10),((13,14),15))))));
Tree Score: 12185.851626244767
Score Improvement: 0.026906177439775192

Step Number: 7
Time Spent: 31.921963191 seconds
New Tree:
Tree: (((0,1),(((2,(3,4)),5),(6,((7,8),9)))),(((31,35),((32,33),34)),(((27,((28,29),30)),((25,26),36)),(((21,(22,(23,24))),(((18,19),20),(16,17))),(((11,12),10),((13,14),15))))));
Tree Score: 12501.210450498591
Score Improvement: 0.02587909601448235

Step Number: 8
Time Spent: 32.045358632 seconds
New Tree:
Tree: (((0,1),(((2,(3,4)),5),(6,((7,8),9)))),(((31,35),((32,33),34)),(((27,((25,26),36)),((28,29),30)),(((21,(22,(23,24))),(((18,19),20),(16,17))),(((11,12),10),((13,14),15))))));
Tree Score: 12643.599975704303
Score Improvement: 0.011390059048244527

Step Number: 9
Time Spent: 32.045125432 seconds
New Tree:
Tree: (((6,((7,8),9)),(((2,(3,4)),5),(0,1))),(((31,35),((32,33),34)),(((27,((25,26),36)),((28,29),30)),(((21,(22,(23,24))),(((18,19),20),(16,17))),(((11,12),10),((13,14),15))))));
Tree Score: 12780.071676717896
Score Improvement: 0.010793737644012369

Step Number: 10
Time Spent: 32.20663347 seconds
New Tree:
Tree: ((((7,8),(6,9)),(((2,(3,4)),5),(0,1))),(((31,35),((32,33),34)),(((27,((25,26),36)),((28,29),30)),(((21,(22,(23,24))),(((18,19),20),(16,17))),(((11,12),10),((13,14),15))))));
Tree Score: 12904.937927060586
Score Improvement: 0.009770387326556662

Step Number: 11
Time Spent: 32.161597366 seconds
New Tree:
Tree: ((((7,8),(6,9)),(((0,1),5),(2,(3,4)))),(((31,35),((32,33),34)),(((27,((25,26),36)),((28,29),30)),(((21,(22,(23,24))),(((18,19),20),(16,17))),(((11,12),10),((13,14),15))))));
Tree Score: 12997.320851964701
Score Improvement: 0.007158726793283998

Step Number: 12
Time Spent: 32.050909478 seconds
New Tree:
Tree: (((((27,((25,26),36)),((28,29),30)),(((21,(22,(23,24))),(((18,19),20),(16,17))),(((11,12),10),((13,14),15)))),(((0,1),5),(2,(3,4)))),(((31,35),((32,33),34)),((7,8),(6,9))));
Tree Score: 13046.014176646975
Score Improvement: 0.0037464124519872577

Step Number: 13
Time Spent: 23.858543674 seconds
New Tree:
Tree: (((((27,((25,26),36)),((28,29),30)),(((21,(22,(23,24))),(((18,19),20),(16,17))),(((11,12),10),((15,14),13)))),(((0,1),5),(2,(3,4)))),(((31,35),((32,33),34)),((7,8),(6,9))));
Tree Score: 13088.17447675651
Score Improvement: 0.0032316613747824796

Step Number: 14
Time Spent: 19.715574935 seconds
New Tree:
Tree: (((((27,((25,26),36)),((28,29),30)),((((23,24),(22,21)),(((18,19),20),(16,17))),(((11,12),10),((15,14),13)))),(((0,1),5),(2,(3,4)))),(((31,35),((32,33),34)),((7,8),(6,9))));
Tree Score: 13129.365551280702
Score Improvement: 0.0031471978462194183

Step Number: 15
Time Spent: 19.775496731 seconds
New Tree:
Tree: (((((27,((25,26),36)),((28,29),30)),((((23,(22,21)),24),(((18,19),20),(16,17))),(((11,12),10),((15,14),13)))),(((0,1),5),(2,(3,4)))),(((31,35),((32,33),34)),((7,8),(6,9))));
Tree Score: 13166.240301555503
Score Improvement: 0.0028085706145339895

Step Number: 16
Time Spent: 19.816065507 seconds
New Tree:
Tree: (((((27,((25,26),36)),((28,29),30)),((((23,(22,21)),24),(((16,17),20),(18,19))),(((11,12),10),((15,14),13)))),(((0,1),5),(2,(3,4)))),(((31,35),((32,33),34)),((7,8),(6,9))));
Tree Score: 13190.71352582892
Score Improvement: 0.0018587860856926763

Step Number: 17
Time Spent: 19.817108727 seconds
New Tree:
Tree: (((((27,((25,26),36)),((28,29),30)),((((23,(22,21)),24),(((20,17),16),(18,19))),(((11,12),10),((15,14),13)))),(((0,1),5),(2,(3,4)))),(((31,35),((32,33),34)),((7,8),(6,9))));
Tree Score: 13215.957525734339
Score Improvement: 0.0019137706126350906

Step Number: 18
Time Spent: 19.822216289 seconds
New Tree:
Tree: ((((((25,26),(27,36)),((28,29),30)),((((23,(22,21)),24),(((20,17),16),(18,19))),(((11,12),10),((15,14),13)))),(((0,1),5),(2,(3,4)))),(((31,35),((32,33),34)),((7,8),(6,9))));
Tree Score: 13229.792650738105
Score Improvement: 0.0010468499900084804

Step Number: 19
Time Spent: 19.819300346 seconds
New Tree:
Tree: ((((((25,26),(27,36)),((28,29),30)),((((23,(22,21)),24),(((20,17),16),(18,19))),(((11,12),10),((15,14),13)))),(((5,1),0),(2,(3,4)))),(((31,35),((32,33),34)),((7,8),(6,9))));
Tree Score: 13239.116100739993
Score Improvement: 7.047313777339692E-4

Step Number: 20
Time Spent: 19.832753942 seconds
New Tree:
Tree: ((((((25,26),(27,36)),((28,29),30)),((((23,(22,21)),24),(((20,17),16),(18,19))),(((11,12),10),((15,14),13)))),(((5,1),0),(3,(2,4)))),(((31,35),((32,33),34)),((7,8),(6,9))));
Tree Score: 13247.45857538034
Score Improvement: 6.301383398157334E-4

Step Number: 21
Time Spent: 19.830356431 seconds
New Tree:
Tree: ((((((25,26),(27,36)),((28,30),29)),((((23,(22,21)),24),(((20,17),16),(18,19))),(((11,12),10),((15,14),13)))),(((5,1),0),(3,(2,4)))),(((31,35),((32,33),34)),((7,8),(6,9))));
Tree Score: 13254.819950138524
Score Improvement: 5.556820363918913E-4

Step Number: 22
Time Spent: 19.840382845 seconds
New Tree:
Tree: ((((((25,26),(27,36)),((28,30),29)),((((23,(22,21)),24),(((20,17),16),(18,19))),(((11,12),10),((15,14),13)))),(((5,1),0),(3,(2,4)))),(((31,35),((32,34),33)),((7,8),(6,9))));
Tree Score: 13257.804550108805
Score Improvement: 2.2517091756113494E-4

Step Number: 23
Time Spent: 19.839323423 seconds
New Tree:
Tree: ((((((25,26),(27,36)),((28,30),29)),((((22,(23,21)),24),(((20,17),16),(18,19))),(((11,12),10),((15,14),13)))),(((5,1),0),(3,(2,4)))),(((31,35),((32,34),33)),((7,8),(6,9))));
Tree Score: 13259.350475128827
Score Improvement: 1.1660490348752717E-4

Step Number: 24
Time Spent: 19.831509021 seconds
New Tree:
Tree: ((((((25,26),(27,36)),((28,30),29)),((((22,24),(23,21)),(((20,17),16),(18,19))),(((11,12),10),((15,14),13)))),(((5,1),0),(3,(2,4)))),(((31,35),((32,34),33)),((7,8),(6,9))));
Tree Score: 13283.148200445765
Score Improvement: 0.0017947881656477094

Step Number: 25
Time Spent: 19.779354973 seconds
New Tree:
Tree: ((((((25,26),(27,36)),((28,30),29)),((((22,24),(23,21)),(((20,17),16),(18,19))),(((10,12),11),((15,14),13)))),(((5,1),0),(3,(2,4)))),(((31,35),((32,34),33)),((7,8),(6,9))));
Tree Score: 13284.101225399369
Score Improvement: 7.174691866884686E-5

Step Number: 26
Time Spent: 19.779269627 seconds
New Tree:
Tree: ((((((25,26),(27,36)),((28,30),29)),((((22,24),(23,21)),(((20,17),16),(18,19))),(((10,12),11),((15,14),13)))),(((5,1),0),(3,(2,4)))),(((32,34),((31,35),33)),((7,8),(6,9))));
Tree Score: 13284.336650376164
Score Improvement: 1.7722311265178092E-5

Step Number: 27
Time Spent: 19.780798034 seconds
New Tree:
Tree: ((((((25,26),(27,36)),((28,30),29)),((((22,24),(23,21)),(((20,17),16),(18,19))),(((10,12),11),((15,14),13)))),(((5,1),0),(3,(2,4)))),(((32,34),((31,35),33)),((7,8),(6,9))));
Tree Score: 13284.336650376164
Score Improvement: 0.0

TOTAL STEPS: 27
TOTAL TIME: 621.463246076 seconds
Final tree: Tree: ((((((25,26),(27,36)),((28,30),29)),((((22,24),(23,21)),(((20,17),16),(18,19))),(((10,12),11),((15,14),13)))),(((5,1),0),(3,(2,4)))),(((32,34),((31,35),33)),((7,8),(6,9))));
Tree Score: 13284.336650376164
Total Score Improvement: 0.7065570509907035

--------------ITERATION 10--------------
Input tree: (((0,1),(2,3)),(((((((4,(5,6)),7),8),(9,10)),(11,(12,13))),14),(((15,((16,(17,18)),19)),(((20,21),22),((23,24),25))),((((26,(27,28)),29),((30,31),32)),((33,34),(35,36))))));
Initial Score: 9840.16744926793

Step Number: 1
Time Spent: 19.966346489 seconds
New Tree:
Tree: (((0,1),(2,3)),(((14,(11,(12,13))),((((4,(5,6)),7),8),(9,10))),(((15,((16,(17,18)),19)),(((20,21),22),((23,24),25))),((((26,(27,28)),29),((30,31),32)),((33,34),(35,36))))));
Tree Score: 10818.745548527804
Score Improvement: 0.09944730151240222

Step Number: 2
Time Spent: 19.677526172 seconds
New Tree:
Tree: (((0,1),(2,3)),(((((26,(27,28)),29),((30,31),32)),((33,34),(35,36))),(((15,((16,(17,18)),19)),(((20,21),22),((23,24),25))),((14,(11,(12,13))),((((4,(5,6)),7),8),(9,10))))));
Tree Score: 11705.575899297342
Score Improvement: 0.0819716432733939

Step Number: 3
Time Spent: 19.32597176 seconds
New Tree:
Tree: (((0,1),(2,3)),(((((26,(27,28)),29),((30,31),32)),(((15,((16,(17,18)),19)),(((20,21),22),((23,24),25))),((14,(11,(12,13))),((((4,(5,6)),7),8),(9,10))))),((33,34),(35,36))));
Tree Score: 12937.69482488776
Score Improvement: 0.1052591462556216

Step Number: 4
Time Spent: 19.513704292 seconds
New Tree:
Tree: (((0,1),(2,3)),(((((26,(27,28)),29),((30,31),32)),((((16,(17,18)),(15,19)),(((20,21),22),((23,24),25))),((14,(11,(12,13))),((((4,(5,6)),7),8),(9,10))))),((33,34),(35,36))));
Tree Score: 13228.84009924237
Score Improvement: 0.0225036436780488

Step Number: 5
Time Spent: 19.584332478 seconds
New Tree:
Tree: (((0,1),(2,3)),((((((30,31),32),29),(26,(27,28))),((((16,(17,18)),(15,19)),(((20,21),22),((23,24),25))),((14,(11,(12,13))),((((4,(5,6)),7),8),(9,10))))),((33,34),(35,36))));
Tree Score: 13364.123400218523
Score Improvement: 0.010226391729075246

Step Number: 6
Time Spent: 19.769630971 seconds
New Tree:
Tree: (((0,1),(2,3)),((((((30,31),32),29),(26,(27,28))),((((16,(17,18)),(15,19)),(((20,21),22),((23,24),25))),(((12,13),(11,14)),((((4,(5,6)),7),8),(9,10))))),((33,34),(35,36))));
Tree Score: 13490.963625196106
Score Improvement: 0.009491099504177702

Step Number: 7
Time Spent: 19.634449604 seconds
New Tree:
Tree: (((0,1),(2,3)),((((((30,31),32),29),(26,(27,28))),((((16,(17,18)),(15,19)),(((20,21),22),((23,24),25))),(((12,13),(11,14)),(((8,7),(4,(5,6))),(9,10))))),((33,34),(35,36))));
Tree Score: 13588.680425619445
Score Improvement: 0.007243129782133595

Step Number: 8
Time Spent: 19.43574836 seconds
New Tree:
Tree: (((0,1),(2,3)),((((((30,31),32),29),(26,(27,28))),((((16,(17,18)),(15,19)),(((20,21),22),((23,24),25))),(((12,13),(11,14)),(((8,7),(9,10)),(4,(5,6)))))),((33,34),(35,36))));
Tree Score: 13692.889675555256
Score Improvement: 0.007668827779578891

Step Number: 9
Time Spent: 19.402331121 seconds
New Tree:
Tree: (((0,1),(2,3)),(((((29,32),(30,31)),(26,(27,28))),((((16,(17,18)),(15,19)),(((20,21),22),((23,24),25))),(((12,13),(11,14)),(((8,7),(9,10)),(4,(5,6)))))),((33,34),(35,36))));
Tree Score: 13750.344350462867
Score Improvement: 0.004195949596393689

Step Number: 10
Time Spent: 19.291175854 seconds
New Tree:
Tree: (((0,1),(2,3)),(((((29,32),(30,31)),(26,(27,28))),((((16,(17,18)),(15,19)),(25,((23,24),((20,21),22)))),(((12,13),(11,14)),(((8,7),(9,10)),(4,(5,6)))))),((33,34),(35,36))));
Tree Score: 13797.15417559554
Score Improvement: 0.003404265663433881

Step Number: 11
Time Spent: 19.150835173 seconds
New Tree:
Tree: (((0,1),(2,3)),(((((29,32),(30,31)),(26,(27,28))),((((16,(15,19)),(17,18)),(25,((23,24),((20,21),22)))),(((12,13),(11,14)),(((8,7),(9,10)),(4,(5,6)))))),((33,34),(35,36))));
Tree Score: 13832.61582601424
Score Improvement: 0.002570214840494023

Step Number: 12
Time Spent: 19.173571375 seconds
New Tree:
Tree: (((0,1),(2,3)),(((((29,32),(30,31)),(26,(27,28))),((((15,(16,19)),(17,18)),(25,((23,24),((20,21),22)))),(((12,13),(11,14)),(((8,7),(9,10)),(4,(5,6)))))),((33,34),(35,36))));
Tree Score: 13851.059126012304
Score Improvement: 0.001333319758897611

Step Number: 13
Time Spent: 19.17910874 seconds
New Tree:
Tree: (((0,1),(2,3)),(((((29,32),(30,31)),(26,(27,28))),((((15,(16,19)),(17,18)),(25,((23,24),((20,22),21)))),(((12,13),(11,14)),(((8,7),(9,10)),(4,(5,6)))))),((33,34),(35,36))));
Tree Score: 13854.616975922414
Score Improvement: 2.5686482728448645E-4

Step Number: 14
Time Spent: 19.179024163 seconds
New Tree:
Tree: (((0,1),(2,3)),(((((29,32),(30,31)),(26,(27,28))),((((15,(16,19)),(17,18)),(25,((23,24),((20,22),21)))),(((12,13),(11,14)),(((8,7),(9,10)),(5,(4,6)))))),((33,34),(35,36))));
Tree Score: 13854.649825913133
Score Improvement: 2.3710500822726743E-6

Step Number: 15
Time Spent: 19.204397571 seconds
New Tree:
Tree: (((0,1),(2,3)),(((((29,32),(30,31)),(26,(27,28))),((((15,(16,19)),(17,18)),(25,((23,24),((20,22),21)))),(((12,13),(11,14)),(((8,7),(9,10)),(5,(4,6)))))),((33,34),(35,36))));
Tree Score: 13854.649825913133
Score Improvement: 0.0

TOTAL STEPS: 15
TOTAL TIME: 291.488154123 seconds
Final tree: Tree: (((0,1),(2,3)),(((((29,32),(30,31)),(26,(27,28))),((((15,(16,19)),(17,18)),(25,((23,24),((20,22),21)))),(((12,13),(11,14)),(((8,7),(9,10)),(5,(4,6)))))),((33,34),(35,36))));
Tree Score: 13854.649825913133
Total Score Improvement: 0.40796890879574055

===========================================================
RESULTS FROM 10 ITERATION(S):
AVERAGE TIME PER RUN: 493.519203683 seconds
AVERAGE IMPROVEMENT: 0.4404979438408418
BEST Tree: ((((((7,8),9),(16,(10,6))),((15,(14,11)),(12,13))),(((20,22),(23,21)),((17,18),19))),((((29,(30,31)),(33,(32,34))),(((28,25),24),(26,27))),(((5,36),35),(((3,4),(1,2)),0))));
Tree Score: 15057.782978272651
BEST'S IMPROVEMENT :0.8178923316329574
