--------------ITERATION 1--------------
Input tree: (((0,((1,2),((3,4),5))),(6,((7,8),(9,10)))),((((11,(((12,(((13,14),(15,16)),17)),18),(19,(20,21)))),((22,(((23,24),25),(26,(27,28)))),(((29,30),31),32))),33),((34,35),36)));
Initial Score: 7537.937077891627

Step Number: 1
Time Spent: 13.135097907 seconds
New Tree:
Tree: (((0,((1,2),((3,4),5))),(6,((7,8),(9,10)))),((((34,35),36),33),((11,(((12,(((13,14),(15,16)),17)),18),(19,(20,21)))),((22,(((23,24),25),(26,(27,28)))),(((29,30),31),32)))));
Tree Score: 8947.71017618625
Score Improvement: 0.1870237286046621

Step Number: 2
Time Spent: 12.014546752 seconds
New Tree:
Tree: (((0,((1,2),((3,4),5))),((9,10),((7,8),6))),((((34,35),36),33),((11,(((12,(((13,14),(15,16)),17)),18),(19,(20,21)))),((22,(((23,24),25),(26,(27,28)))),(((29,30),31),32)))));
Tree Score: 9167.023325566748
Score Improvement: 0.02451053342833842

Step Number: 3
Time Spent: 9.073176834 seconds
New Tree:
Tree: (((0,((1,2),((3,4),5))),((9,10),((7,8),6))),((((34,35),36),33),((11,(((19,(20,21)),18),(12,(((13,14),(15,16)),17)))),((22,(((23,24),25),(26,(27,28)))),(((29,30),31),32)))));
Tree Score: 9378.340024349149
Score Improvement: 0.02305183386989329

Step Number: 4
Time Spent: 12.41107937 seconds
New Tree:
Tree: (((0,((1,2),((3,4),5))),((9,10),((7,8),6))),((((34,35),36),33),((((19,(20,21)),18),(11,(12,(((13,14),(15,16)),17)))),((22,(((23,24),25),(26,(27,28)))),(((29,30),31),32)))));
Tree Score: 11184.996849410396
Score Improvement: 0.19264142911971538

Step Number: 5
Time Spent: 12.273160924 seconds
New Tree:
Tree: (((0,((1,2),((3,4),5))),((9,10),((7,8),6))),((((34,35),36),33),((((19,(20,21)),18),((((13,14),(15,16)),17),(12,11))),((22,(((23,24),25),(26,(27,28)))),(((29,30),31),32)))));
Tree Score: 11411.846749194723
Score Improvement: 0.020281623932355997

Step Number: 6
Time Spent: 12.334113228 seconds
New Tree:
Tree: (((0,((1,2),((3,4),5))),((9,10),((7,8),6))),((((34,35),36),33),((((19,18),(20,21)),((((13,14),(15,16)),17),(12,11))),((22,(((23,24),25),(26,(27,28)))),(((29,30),31),32)))));
Tree Score: 11593.41862497275
Score Improvement: 0.01591082317950332

Step Number: 7
Time Spent: 11.606871167 seconds
New Tree:
Tree: (((0,((1,2),((3,4),5))),((9,10),((7,8),6))),((((36,35),34),33),((((19,18),(20,21)),((((13,14),(15,16)),17),(12,11))),((22,(((23,24),25),(26,(27,28)))),(((29,30),31),32)))));
Tree Score: 11607.059449946333
Score Improvement: 0.0011766007434770298

Step Number: 8
Time Spent: 10.896756145 seconds
New Tree:
Tree: (((0,((1,2),((3,4),5))),((9,10),((7,8),6))),((((36,35),34),33),((((19,18),(20,21)),(((17,(15,16)),(13,14)),(12,11))),((22,(((23,24),25),(26,(27,28)))),(((29,30),31),32)))));
Tree Score: 11613.130975198801
Score Improvement: 5.230890113598896E-4

Step Number: 9
Time Spent: 10.02142584 seconds
New Tree:
Tree: (((0,((1,2),((3,4),5))),((9,10),((7,8),6))),((((36,35),34),33),((((19,18),(20,21)),(((17,(15,16)),(13,14)),(12,11))),((22,(((23,24),25),(26,(27,28)))),(((29,30),31),32)))));
Tree Score: 11613.130975198801
Score Improvement: 0.0

TOTAL STEPS: 9
TOTAL TIME: 103.766228167 seconds
Final tree: Tree: (((0,((1,2),((3,4),5))),((9,10),((7,8),6))),((((36,35),34),33),((((19,18),(20,21)),(((17,(15,16)),(13,14)),(12,11))),((22,(((23,24),25),(26,(27,28)))),(((29,30),31),32)))));
Tree Score: 11613.130975198801
Total Score Improvement: 0.5406245575144828

--------------ITERATION 2--------------
Input tree: ((((0,1),((2,(3,4)),5)),(6,(((7,8),(9,(10,11))),((((12,13),((14,15),16)),((((17,18),19),20),((((((21,22),(23,(24,25))),(26,(27,28))),29),(30,31)),(32,33)))),(34,35))))),36);
Initial Score: 7785.79830128944

Step Number: 1
Time Spent: 14.093545764 seconds
New Tree:
Tree: ((((0,1),((2,(3,4)),5)),(6,(((7,8),(9,(10,11))),((((12,13),((14,15),16)),((((17,18),19),20),(((32,33),(30,31)),((((21,22),(23,(24,25))),(26,(27,28))),29)))),(34,35))))),36);
Tree Score: 8463.234150393546
Score Improvement: 0.08700917014404452

Step Number: 2
Time Spent: 13.878633869 seconds
New Tree:
Tree: ((((0,1),((2,(3,4)),5)),(6,(((7,8),(9,(10,11))),(((((32,33),(30,31)),((((21,22),(23,(24,25))),(26,(27,28))),29)),((((17,18),19),20),((12,13),((14,15),16)))),(34,35))))),36);
Tree Score: 9370.896751716878
Score Improvement: 0.10724772411987749

Step Number: 3
Time Spent: 13.286329847 seconds
New Tree:
Tree: ((((0,1),((2,(3,4)),5)),(6,(((7,8),(9,(10,11))),(((((32,33),(30,31)),((29,(26,(27,28))),((21,22),(23,(24,25))))),((((17,18),19),20),((12,13),((14,15),16)))),(34,35))))),36);
Tree Score: 9897.548502768652
Score Improvement: 0.056200784728023256

Step Number: 4
Time Spent: 12.432732403 seconds
New Tree:
Tree: ((((0,1),((2,(3,4)),5)),(6,((34,35),(((((32,33),(30,31)),((29,(26,(27,28))),((21,22),(23,(24,25))))),((((17,18),19),20),((12,13),((14,15),16)))),((7,8),(9,(10,11))))))),36);
Tree Score: 10383.696952002967
Score Improvement: 0.049118066872652744

Step Number: 5
Time Spent: 13.08620789 seconds
New Tree:
Tree: ((((0,1),((2,(3,4)),5)),(6,((34,35),((((7,8),(9,(10,11))),((((17,18),19),20),((12,13),((14,15),16)))),(((32,33),(30,31)),((29,(26,(27,28))),((21,22),(23,(24,25))))))))),36);
Tree Score: 11760.334851399442
Score Improvement: 0.13257685637011285

Step Number: 6
Time Spent: 12.844781519 seconds
New Tree:
Tree: ((((0,1),((2,(3,4)),5)),(6,((34,35),(((32,33),(30,31)),((((7,8),(9,(10,11))),((((17,18),19),20),((12,13),((14,15),16)))),((29,(26,(27,28))),((21,22),(23,(24,25))))))))),36);
Tree Score: 12787.764331724
Score Improvement: 0.08736396482811859

Step Number: 7
Time Spent: 13.614466966 seconds
New Tree:
Tree: ((((6,((34,35),(((32,33),(30,31)),((((7,8),(9,(10,11))),((((17,18),19),20),((12,13),((14,15),16)))),((29,(26,(27,28))),((21,22),(23,(24,25)))))))),((2,(3,4)),5)),(0,1)),36);
Tree Score: 13021.52660638417
Score Improvement: 0.018280151916801435

Step Number: 8
Time Spent: 13.25883061 seconds
New Tree:
Tree: ((((6,((34,35),(((32,33),(30,31)),((((10,11),(9,(7,8))),((((17,18),19),20),((12,13),((14,15),16)))),((29,(26,(27,28))),((21,22),(23,(24,25)))))))),((2,(3,4)),5)),(0,1)),36);
Tree Score: 13045.524156342697
Score Improvement: 0.0018429137138775697

Step Number: 9
Time Spent: 12.539101376 seconds
New Tree:
Tree: ((((6,((34,35),(((32,33),(30,31)),((((10,11),(9,(7,8))),((((17,18),19),20),((12,13),((14,15),16)))),((29,(26,(27,28))),((21,22),(25,(24,23)))))))),((2,(3,4)),5)),(0,1)),36);
Tree Score: 13060.976731027913
Score Improvement: 0.0011845115995361422

Step Number: 10
Time Spent: 11.80408186 seconds
New Tree:
Tree: ((((6,((34,35),(((32,33),(30,31)),((((10,11),(9,(7,8))),((((17,18),19),20),((12,13),((14,15),16)))),((29,(26,(27,28))),((21,22),(25,(24,23)))))))),((3,(2,4)),5)),(0,1)),36);
Tree Score: 13066.042080899206
Score Improvement: 3.8782320615116106E-4

Step Number: 11
Time Spent: 11.072322256 seconds
New Tree:
Tree: ((((6,((34,35),(((32,33),(30,31)),((((10,11),(9,(7,8))),((((17,18),19),20),((12,13),((14,15),16)))),((29,(28,(27,26))),((21,22),(25,(24,23)))))))),((3,(2,4)),5)),(0,1)),36);
Tree Score: 13067.400480886892
Score Improvement: 1.0396415221047839E-4

Step Number: 12
Time Spent: 11.059596127 seconds
New Tree:
Tree: ((((6,((34,35),(((32,33),(30,31)),((((10,11),(9,(7,8))),((((17,18),19),20),((12,13),((14,15),16)))),(((27,26),(28,29)),((21,22),(25,(24,23)))))))),((3,(2,4)),5)),(0,1)),36);
Tree Score: 13156.166305147082
Score Improvement: 0.0067929213916742

Step Number: 13
Time Spent: 10.339028657 seconds
New Tree:
Tree: ((((6,((34,35),(((32,33),(30,31)),((((10,11),(9,(7,8))),((((17,18),19),20),((12,13),((14,15),16)))),(((27,26),(28,29)),((21,22),(25,(24,23)))))))),((3,(2,4)),5)),(0,1)),36);
Tree Score: 13156.166305147082
Score Improvement: 0.0

TOTAL STEPS: 13
TOTAL TIME: 163.309659144 seconds
Final tree: Tree: ((((6,((34,35),(((32,33),(30,31)),((((10,11),(9,(7,8))),((((17,18),19),20),((12,13),((14,15),16)))),(((27,26),(28,29)),((21,22),(25,(24,23)))))))),((3,(2,4)),5)),(0,1)),36);
Tree Score: 13156.166305147082
Total Score Improvement: 0.6897645939489894

--------------ITERATION 3--------------
Input tree: ((((0,1),(2,3)),(((4,((5,6),(((7,(((((8,9),(10,11)),12),13),14)),15),(16,(17,18))))),19),(((20,(21,22)),(23,24)),25))),(26,((((27,28),29),(30,(31,32))),(((33,34),35),36))));
Initial Score: 7580.90627497053

Step Number: 1
Time Spent: 15.602093255 seconds
New Tree:
Tree: ((((0,1),(2,3)),((((((7,(((((8,9),(10,11)),12),13),14)),15),(16,(17,18))),((5,6),4)),19),(((20,(21,22)),(23,24)),25))),(26,((((27,28),29),(30,(31,32))),(((33,34),35),36))));
Tree Score: 8091.589824943156
Score Improvement: 0.06736444581286039

Step Number: 2
Time Spent: 15.014157387 seconds
New Tree:
Tree: ((((0,1),(2,3)),((((((7,((14,13),(((8,9),(10,11)),12))),15),(16,(17,18))),((5,6),4)),19),(((20,(21,22)),(23,24)),25))),(26,((((27,28),29),(30,(31,32))),(((33,34),35),36))));
Tree Score: 8334.095124936015
Score Improvement: 0.029970043618043007

Step Number: 3
Time Spent: 14.147844151 seconds
New Tree:
Tree: ((((0,1),(2,3)),((((((7,((14,13),(((8,9),(10,11)),12))),15),(16,(17,18))),((5,6),4)),19),(((20,(21,22)),(23,24)),25))),(26,((((27,28),29),(30,(31,32))),((36,35),(33,34)))));
Tree Score: 8439.021825358555
Score Improvement: 0.012590053131094514

Step Number: 4
Time Spent: 13.375565566 seconds
New Tree:
Tree: ((((0,1),(2,3)),((((((7,((14,13),(((8,9),(10,11)),12))),15),(16,(17,18))),((5,6),4)),19),(((20,(21,22)),(23,24)),25))),(((36,35),(33,34)),((((27,28),29),(30,(31,32))),26)));
Tree Score: 8529.258151950016
Score Improvement: 0.010692747152319049

Step Number: 5
Time Spent: 12.625253672 seconds
New Tree:
Tree: ((((((27,28),29),(30,(31,32))),26),((((((7,((14,13),(((8,9),(10,11)),12))),15),(16,(17,18))),((5,6),4)),19),(((20,(21,22)),(23,24)),25))),(((36,35),(33,34)),((0,1),(2,3))));
Tree Score: 9512.764851778797
Score Improvement: 0.11530975875128413

Step Number: 6
Time Spent: 13.437540836 seconds
New Tree:
Tree: ((((((27,28),29),26),(30,(31,32))),((((((7,((14,13),(((8,9),(10,11)),12))),15),(16,(17,18))),((5,6),4)),19),(((20,(21,22)),(23,24)),25))),(((36,35),(33,34)),((0,1),(2,3))));
Tree Score: 9633.002226535398
Score Improvement: 0.01263958235382212

Step Number: 7
Time Spent: 14.126410349 seconds
New Tree:
Tree: ((((((27,28),29),26),(30,(31,32))),((((((7,((14,13),((12,(10,11)),(8,9)))),15),(16,(17,18))),((5,6),4)),19),(((20,(21,22)),(23,24)),25))),(((36,35),(33,34)),((0,1),(2,3))));
Tree Score: 9690.178651530463
Score Improvement: 0.005935473038463979

Step Number: 8
Time Spent: 14.088046043 seconds
New Tree:
Tree: ((((((27,28),29),26),(30,(31,32))),((((((7,((8,9),((12,(10,11)),(14,13)))),15),(16,(17,18))),((5,6),4)),19),(((20,(21,22)),(23,24)),25))),(((36,35),(33,34)),((0,1),(2,3))));
Tree Score: 9780.182202715594
Score Improvement: 0.009288120933757638

Step Number: 9
Time Spent: 14.081692861 seconds
New Tree:
Tree: ((((((27,28),29),26),(30,(31,32))),((((((7,((8,9),((12,(10,11)),(14,13)))),15),(16,(17,18))),((5,6),4)),19),(((21,(20,22)),(23,24)),25))),(((36,35),(33,34)),((0,1),(2,3))));
Tree Score: 9782.1640523413
Score Improvement: 2.0263933581476934E-4

Step Number: 10
Time Spent: 13.346209948 seconds
New Tree:
Tree: ((((((27,28),29),26),(30,(31,32))),((((((7,((8,9),((10,(12,11)),(14,13)))),15),(16,(17,18))),((5,6),4)),19),(((21,(20,22)),(23,24)),25))),(((36,35),(33,34)),((0,1),(2,3))));
Tree Score: 9783.982702437956
Score Improvement: 1.8591490460839744E-4

Step Number: 11
Time Spent: 12.613298731 seconds
New Tree:
Tree: ((((((29,28),27),26),(30,(31,32))),((((((7,((8,9),((10,(12,11)),(14,13)))),15),(16,(17,18))),((5,6),4)),19),(((21,(20,22)),(23,24)),25))),(((36,35),(33,34)),((0,1),(2,3))));
Tree Score: 9784.657702498771
Score Improvement: 6.899031624896246E-5

Step Number: 12
Time Spent: 11.869445968 seconds
New Tree:
Tree: (((((26,27),(29,28)),(30,(31,32))),((((((7,((8,9),((10,(12,11)),(14,13)))),15),(16,(17,18))),((5,6),4)),19),(((21,(20,22)),(23,24)),25))),(((36,35),(33,34)),((0,1),(2,3))));
Tree Score: 9881.405377009585
Score Improvement: 0.009887691266512899

Step Number: 13
Time Spent: 11.104080205 seconds
New Tree:
Tree: (((((26,27),(29,28)),(30,(31,32))),((((((7,((8,9),((10,(12,11)),(14,13)))),15),(16,(17,18))),((5,6),4)),19),(((21,(20,22)),(23,24)),25))),(((36,35),(33,34)),((0,1),(2,3))));
Tree Score: 9881.405377009585
Score Improvement: 0.0

TOTAL STEPS: 13
TOTAL TIME: 175.431638972 seconds
Final tree: Tree: (((((26,27),(29,28)),(30,(31,32))),((((((7,((8,9),((10,(12,11)),(14,13)))),15),(16,(17,18))),((5,6),4)),19),(((21,(20,22)),(23,24)),25))),(((36,35),(33,34)),((0,1),(2,3))));
Tree Score: 9881.405377009585
Total Score Improvement: 0.3034596417099218

--------------ITERATION 4--------------
Input tree: ((((0,1),(2,((3,4),5))),(((6,7),(((8,(9,10)),11),12)),((13,((14,15),(((16,(17,((18,19),20))),(21,22)),((23,24),(25,26))))),27))),((28,(29,30)),(((31,32),33),((34,35),36))));
Initial Score: 10353.133551488281

Step Number: 1
Time Spent: 14.352269098 seconds
New Tree:
Tree: ((((0,1),(2,((3,4),5))),(((6,7),(((8,(9,10)),11),12)),(((((16,(17,((18,19),20))),(21,22)),((23,24),(25,26))),((14,15),13)),27))),((28,(29,30)),(((31,32),33),((34,35),36))));
Tree Score: 10799.919077259197
Score Improvement: 0.043154618217659424

Step Number: 2
Time Spent: 14.531815673 seconds
New Tree:
Tree: ((((0,1),(2,((3,4),5))),(((6,7),(((8,(9,10)),11),12)),(((((16,(17,((18,19),20))),(21,22)),((14,15),13)),((23,24),(25,26))),27))),((28,(29,30)),(((31,32),33),((34,35),36))));
Tree Score: 11141.721475136292
Score Improvement: 0.03164860731195751

Step Number: 3
Time Spent: 11.91865928 seconds
New Tree:
Tree: (((((3,4),5),(2,(0,1))),(((6,7),(((8,(9,10)),11),12)),(((((16,(17,((18,19),20))),(21,22)),((14,15),13)),((23,24),(25,26))),27))),((28,(29,30)),(((31,32),33),((34,35),36))));
Tree Score: 11320.348049289372
Score Improvement: 0.01603222397469728

Step Number: 4
Time Spent: 12.497024796 seconds
New Tree:
Tree: (((((3,4),5),(2,(0,1))),(((6,7),(((8,(9,10)),11),12)),((27,((23,24),(25,26))),(((16,(17,((18,19),20))),(21,22)),((14,15),13))))),((28,(29,30)),(((31,32),33),((34,35),36))));
Tree Score: 11470.08014938084
Score Improvement: 0.01322681064570852

Step Number: 5
Time Spent: 10.711759156 seconds
New Tree:
Tree: (((((3,4),5),(2,(0,1))),((27,((23,24),(25,26))),(((6,7),(((8,(9,10)),11),12)),(((16,(17,((18,19),20))),(21,22)),((14,15),13))))),((28,(29,30)),(((31,32),33),((34,35),36))));
Tree Score: 12297.653298115707
Score Improvement: 0.07215059859712847

Step Number: 6
Time Spent: 10.707589981 seconds
New Tree:
Tree: (((((3,4),5),(2,(0,1))),((27,((23,24),(25,26))),(((16,(17,((18,19),20))),(21,22)),(((6,7),(((8,(9,10)),11),12)),((14,15),13))))),((28,(29,30)),(((31,32),33),((34,35),36))));
Tree Score: 13909.11577615363
Score Improvement: 0.13103821021567086

Step Number: 7
Time Spent: 10.141618219 seconds
New Tree:
Tree: (((((3,4),5),(2,(0,1))),(((23,24),(27,(25,26))),(((16,(17,((18,19),20))),(21,22)),(((6,7),(((8,(9,10)),11),12)),((14,15),13))))),((28,(29,30)),(((31,32),33),((34,35),36))));
Tree Score: 14303.484376039705
Score Improvement: 0.02835324734029432

Step Number: 8
Time Spent: 9.575351586 seconds
New Tree:
Tree: (((((3,4),5),(2,(0,1))),(((23,24),(27,(25,26))),(((16,(17,((18,19),20))),(21,22)),(((6,7),((12,11),(8,(9,10)))),((14,15),13))))),((28,(29,30)),(((31,32),33),((34,35),36))));
Tree Score: 14432.814126309357
Score Improvement: 0.00904183532274816

Step Number: 9
Time Spent: 9.003625182 seconds
New Tree:
Tree: (((((3,4),5),(2,(0,1))),(((23,24),(27,(25,26))),(((16,(20,((18,19),17))),(21,22)),(((6,7),((12,11),(8,(9,10)))),((14,15),13))))),((28,(29,30)),(((31,32),33),((34,35),36))));
Tree Score: 14462.366177281714
Score Improvement: 0.0020475598669622563

Step Number: 10
Time Spent: 8.986127007 seconds
New Tree:
Tree: (((((3,4),5),(2,(0,1))),(((23,24),(27,(25,26))),(((16,(20,((18,17),19))),(21,22)),(((6,7),((12,11),(8,(9,10)))),((14,15),13))))),((28,(29,30)),(((31,32),33),((34,35),36))));
Tree Score: 14474.118827274418
Score Improvement: 8.126367323741945E-4

Step Number: 11
Time Spent: 8.416858876 seconds
New Tree:
Tree: (((((3,4),5),(2,(0,1))),(((23,24),(27,(25,26))),(((16,(20,((18,17),19))),(21,22)),(((6,7),((12,11),(8,(9,10)))),((14,15),13))))),((28,(29,30)),(((31,32),33),((34,35),36))));
Tree Score: 14474.118827274418
Score Improvement: 0.0

TOTAL STEPS: 11
TOTAL TIME: 120.842698854 seconds
Final tree: Tree: (((((3,4),5),(2,(0,1))),(((23,24),(27,(25,26))),(((16,(20,((18,17),19))),(21,22)),(((6,7),((12,11),(8,(9,10)))),((14,15),13))))),((28,(29,30)),(((31,32),33),((34,35),36))));
Tree Score: 14474.118827274418
Total Score Improvement: 0.39804231784431465

--------------ITERATION 5--------------
Input tree: (((((((0,1),(2,3)),4),((5,6),((7,(8,9)),10))),(((11,12),13),(14,15))),(((16,17),(((18,19),20),(21,22))),(23,(24,(25,26))))),((((27,((28,29),30)),(31,32)),(33,34)),(35,36)));
Initial Score: 9920.358526018274

Step Number: 1
Time Spent: 11.9560889 seconds
New Tree:
Tree: (((23,(24,(25,26))),(((16,17),(((18,19),20),(21,22))),(((((0,1),(2,3)),4),((5,6),((7,(8,9)),10))),(((11,12),13),(14,15))))),((((27,((28,29),30)),(31,32)),(33,34)),(35,36)));
Tree Score: 11036.37952843908
Score Improvement: 0.11249805130467827

Step Number: 2
Time Spent: 11.848302846 seconds
New Tree:
Tree: (((23,(24,(25,26))),(((((0,1),(2,3)),4),((5,6),((7,(8,9)),10))),(((16,17),(((18,19),20),(21,22))),(((11,12),13),(14,15))))),((((27,((28,29),30)),(31,32)),(33,34)),(35,36)));
Tree Score: 11607.491379138548
Score Improvement: 0.05174811623936981

Step Number: 3
Time Spent: 11.290586045 seconds
New Tree:
Tree: (((23,(24,(25,26))),(((((0,1),(2,3)),4),((5,6),((7,(8,9)),10))),(((16,17),(((18,19),20),(21,22))),(((11,12),13),(14,15))))),((((33,34),(31,32)),(27,((28,29),30))),(35,36)));
Tree Score: 11830.376703918388
Score Improvement: 0.01920185141644115

Step Number: 4
Time Spent: 11.250725669 seconds
New Tree:
Tree: (((23,(24,(25,26))),((((4,(2,3)),(0,1)),((5,6),((7,(8,9)),10))),(((16,17),(((18,19),20),(21,22))),(((11,12),13),(14,15))))),((((33,34),(31,32)),(27,((28,29),30))),(35,36)));
Tree Score: 11991.429829160159
Score Improvement: 0.013613524680784472

Step Number: 5
Time Spent: 10.656627145 seconds
New Tree:
Tree: ((((25,26),(24,23)),((((4,(2,3)),(0,1)),((5,6),((7,(8,9)),10))),(((16,17),(((18,19),20),(21,22))),(((11,12),13),(14,15))))),((((33,34),(31,32)),(27,((28,29),30))),(35,36)));
Tree Score: 12147.114829410973
Score Improvement: 0.01298302224745762

Step Number: 6
Time Spent: 10.113066753 seconds
New Tree:
Tree: ((((25,26),(24,23)),((((4,(2,3)),(0,1)),((5,6),((7,(8,9)),10))),(((16,17),(((18,19),20),(21,22))),(((14,15),13),(11,12))))),((((33,34),(31,32)),(27,((28,29),30))),(35,36)));
Tree Score: 12217.830904574308
Score Improvement: 0.005821635520569357

Step Number: 7
Time Spent: 8.986978372 seconds
New Tree:
Tree: ((((25,26),(24,23)),((((4,(2,3)),(0,1)),((5,6),((7,(8,9)),10))),(((21,22),(((18,19),20),(16,17))),(((14,15),13),(11,12))))),((((33,34),(31,32)),(27,((28,29),30))),(35,36)));
Tree Score: 12278.667678949598
Score Improvement: 0.0049793432934575055

Step Number: 8
Time Spent: 8.433255584 seconds
New Tree:
Tree: ((((25,26),(24,23)),((((3,(2,4)),(0,1)),((5,6),((7,(8,9)),10))),(((21,22),(((18,19),20),(16,17))),(((14,15),13),(11,12))))),((((33,34),(31,32)),(27,((28,29),30))),(35,36)));
Tree Score: 12282.505503604363
Score Improvement: 3.125603489819717E-4

Step Number: 9
Time Spent: 7.873602921 seconds
New Tree:
Tree: ((((25,26),(24,23)),((((3,(2,4)),(0,1)),((5,6),((7,(8,9)),10))),(((21,22),(((18,19),20),(16,17))),(((14,15),13),(11,12))))),((((33,34),(31,32)),(27,((28,29),30))),(35,36)));
Tree Score: 12282.505503604363
Score Improvement: 0.0

TOTAL STEPS: 9
TOTAL TIME: 92.409234235 seconds
Final tree: Tree: ((((25,26),(24,23)),((((3,(2,4)),(0,1)),((5,6),((7,(8,9)),10))),(((21,22),(((18,19),20),(16,17))),(((14,15),13),(11,12))))),((((33,34),(31,32)),(27,((28,29),30))),(35,36)));
Tree Score: 12282.505503604363
Total Score Improvement: 0.23811104925198534

--------------ITERATION 6--------------
Input tree: ((((0,1),(2,(3,4))),((((5,6),7),8),(((9,(10,11)),(12,((13,14),15))),(16,17)))),((18,(((19,20),(21,(22,23))),(24,25))),((((26,27),28),(29,((30,31),((32,33),34)))),(35,36))));
Initial Score: 8922.6224733029

Step Number: 1
Time Spent: 10.042658777 seconds
New Tree:
Tree: ((((0,1),(2,(3,4))),((((26,27),28),(29,((30,31),((32,33),34)))),(35,36))),((18,(((19,20),(21,(22,23))),(24,25))),((((5,6),7),8),(((9,(10,11)),(12,((13,14),15))),(16,17)))));
Tree Score: 10332.638601783983
Score Improvement: 0.15802709715668795

Step Number: 2
Time Spent: 10.034559493 seconds
New Tree:
Tree: (((((26,27),28),(29,((30,31),((32,33),34)))),(((0,1),(2,(3,4))),(35,36))),((18,(((19,20),(21,(22,23))),(24,25))),((((5,6),7),8),(((9,(10,11)),(12,((13,14),15))),(16,17)))));
Tree Score: 11453.764252282417
Score Improvement: 0.10850332559825193

Step Number: 3
Time Spent: 10.048776873 seconds
New Tree:
Tree: (((((26,27),28),(29,((30,31),((32,33),34)))),(((0,1),(2,(3,4))),(35,36))),((18,(((19,20),(21,(22,23))),(24,25))),(((9,(10,11)),(12,((13,14),15))),((((5,6),7),8),(16,17)))));
Tree Score: 12398.147126345482
Score Improvement: 0.08245174715158599

Step Number: 4
Time Spent: 10.036934376 seconds
New Tree:
Tree: (((((26,27),28),(29,((30,31),((32,33),34)))),(((0,1),(2,(3,4))),(35,36))),(((9,(10,11)),(12,((13,14),15))),((18,(((19,20),(21,(22,23))),(24,25))),((((5,6),7),8),(16,17)))));
Tree Score: 12865.624027097736
Score Improvement: 0.037705384198811975

Step Number: 5
Time Spent: 10.054749001 seconds
New Tree:
Tree: (((((30,31),((32,33),34)),(29,((26,27),28))),(((0,1),(2,(3,4))),(35,36))),(((9,(10,11)),(12,((13,14),15))),((18,(((19,20),(21,(22,23))),(24,25))),((((5,6),7),8),(16,17)))));
Tree Score: 13001.584901675604
Score Improvement: 0.010567763700501942

Step Number: 6
Time Spent: 10.068816782 seconds
New Tree:
Tree: (((((30,31),((32,33),34)),(29,((26,27),28))),(((0,1),(35,36)),(2,(3,4)))),(((9,(10,11)),(12,((13,14),15))),((18,(((19,20),(21,(22,23))),(24,25))),((((5,6),7),8),(16,17)))));
Tree Score: 13130.04545096543
Score Improvement: 0.009880376143470926

Step Number: 7
Time Spent: 9.511013727 seconds
New Tree:
Tree: (((((30,31),((32,33),34)),((26,27),(29,28))),(((0,1),(35,36)),(2,(3,4)))),(((9,(10,11)),(12,((13,14),15))),((18,(((19,20),(21,(22,23))),(24,25))),((((5,6),7),8),(16,17)))));
Tree Score: 13246.979000654559
Score Improvement: 0.008905799307840967

Step Number: 8
Time Spent: 8.957527071 seconds
New Tree:
Tree: (((((30,31),((32,33),34)),((26,27),(29,28))),(((0,1),(35,36)),(3,(2,4)))),(((9,(10,11)),(12,((13,14),15))),((18,(((19,20),(21,(22,23))),(24,25))),((((5,6),7),8),(16,17)))));
Tree Score: 13264.872175289805
Score Improvement: 0.0013507362421547597

Step Number: 9
Time Spent: 8.4026966 seconds
New Tree:
Tree: (((((30,31),((32,33),34)),((26,27),(29,28))),(((0,1),(35,36)),(3,(2,4)))),(((9,(10,11)),(12,((13,14),15))),((18,(((19,20),(23,(22,21))),(24,25))),((((5,6),7),8),(16,17)))));
Tree Score: 13276.142050141898
Score Improvement: 8.49602974168695E-4

Step Number: 10
Time Spent: 7.851193857 seconds
New Tree:
Tree: (((((30,31),((32,33),34)),((26,27),(29,28))),(((0,1),(35,36)),(3,(2,4)))),(((9,(10,11)),(12,((13,14),15))),((18,(((19,20),(23,(22,21))),(24,25))),((((7,6),5),8),(16,17)))));
Tree Score: 13283.572900303341
Score Improvement: 5.597145717015639E-4

Step Number: 11
Time Spent: 7.846177087 seconds
New Tree:
Tree: (((((30,31),((32,33),34)),((26,27),(29,28))),(((0,1),(35,36)),(3,(2,4)))),(((9,(10,11)),(12,((13,14),15))),((18,(((19,20),(23,(22,21))),(24,25))),((((7,6),8),5),(16,17)))));
Tree Score: 13298.370425107707
Score Improvement: 0.001113971739036268

Step Number: 12
Time Spent: 7.297894097 seconds
New Tree:
Tree: (((((30,31),((32,34),33)),((26,27),(29,28))),(((0,1),(35,36)),(3,(2,4)))),(((9,(10,11)),(12,((13,14),15))),((18,(((19,20),(23,(22,21))),(24,25))),((((7,6),8),5),(16,17)))));
Tree Score: 13301.545500154425
Score Improvement: 2.3875670064987808E-4

Step Number: 13
Time Spent: 6.731060563 seconds
New Tree:
Tree: (((((30,31),((32,34),33)),((26,27),(29,28))),(((0,1),(35,36)),(3,(2,4)))),(((9,(10,11)),(12,((13,14),15))),((18,(((19,20),(23,(22,21))),(24,25))),((((7,6),8),5),(16,17)))));
Tree Score: 13301.545500154425
Score Improvement: 0.0

TOTAL STEPS: 13
TOTAL TIME: 116.884058304 seconds
Final tree: Tree: (((((30,31),((32,34),33)),((26,27),(29,28))),(((0,1),(35,36)),(3,(2,4)))),(((9,(10,11)),(12,((13,14),15))),((18,(((19,20),(23,(22,21))),(24,25))),((((7,6),8),5),(16,17)))));
Tree Score: 13301.545500154425
Total Score Improvement: 0.490766368290664

--------------ITERATION 7--------------
Input tree: (((((0,1),(2,3)),((4,(5,6)),(7,8))),(((9,10),11),12)),((((((13,14),15),((((16,17),18),19),(20,21))),(((22,23),24),25)),(26,(27,((28,(29,30)),(((31,32),33),(34,35)))))),36));
Initial Score: 8568.981903487016

Step Number: 1
Time Spent: 12.439603598 seconds
New Tree:
Tree: (((((0,1),(2,3)),((4,(5,6)),(7,8))),(((9,10),11),12)),((((((13,14),15),((((16,17),18),19),(20,21))),(((22,23),24),25)),(((28,(29,30)),(((31,32),33),(34,35))),(27,26))),36));
Tree Score: 9339.720829321144
Score Improvement: 0.08994521572282554

Step Number: 2
Time Spent: 11.96009765 seconds
New Tree:
Tree: (((((0,1),(2,3)),((4,(5,6)),(7,8))),(((9,10),11),12)),((((((13,14),15),((((16,17),18),19),(20,21))),(((22,23),24),25)),(((28,(29,30)),(27,26)),(((31,32),33),(34,35)))),36));
Tree Score: 9992.127254760198
Score Improvement: 0.06985288290318992

Step Number: 3
Time Spent: 11.876902503 seconds
New Tree:
Tree: (((((0,1),(2,3)),((4,(5,6)),(7,8))),36),((((((13,14),15),((((16,17),18),19),(20,21))),(((22,23),24),25)),(((28,(29,30)),(27,26)),(((31,32),33),(34,35)))),(((9,10),11),12)));
Tree Score: 10210.710154553919
Score Improvement: 0.021875512012678566

Step Number: 4
Time Spent: 11.301046174 seconds
New Tree:
Tree: (((((0,1),(2,3)),36),((4,(5,6)),(7,8))),((((((13,14),15),((((16,17),18),19),(20,21))),(((22,23),24),25)),(((28,(29,30)),(27,26)),(((31,32),33),(34,35)))),(((9,10),11),12)));
Tree Score: 10655.920229592972
Score Improvement: 0.04360226353506769

Step Number: 5
Time Spent: 11.81899018 seconds
New Tree:
Tree: (((((0,1),(2,3)),36),((4,(5,6)),(7,8))),((((((13,14),15),((((16,17),18),19),(20,21))),(((22,23),24),25)),(((9,10),11),12)),(((28,(29,30)),(27,26)),(((31,32),33),(34,35)))));
Tree Score: 11059.38780227679
Score Improvement: 0.03786323132969138

Step Number: 6
Time Spent: 11.271409025 seconds
New Tree:
Tree: (((((0,1),(2,3)),36),((4,(5,6)),(7,8))),((((31,32),33),(34,35)),(((28,(29,30)),(27,26)),(((((13,14),15),((((16,17),18),19),(20,21))),(((22,23),24),25)),(((9,10),11),12)))));
Tree Score: 11249.931027822226
Score Improvement: 0.017229093413851482

Step Number: 7
Time Spent: 10.773932705 seconds
New Tree:
Tree: (((((28,(29,30)),(27,26)),(((((13,14),15),((((16,17),18),19),(20,21))),(((22,23),24),25)),(((9,10),11),12))),((4,(5,6)),(7,8))),((((31,32),33),(34,35)),(((0,1),(2,3)),36)));
Tree Score: 11476.495003756572
Score Improvement: 0.020139143553327576

Step Number: 8
Time Spent: 11.513969829 seconds
New Tree:
Tree: (((((28,(29,30)),(27,26)),(((((13,14),15),((((16,17),18),19),(20,21))),(((22,23),24),25)),((12,11),(9,10)))),((4,(5,6)),(7,8))),((((31,32),33),(34,35)),(((0,1),(2,3)),36)));
Tree Score: 11637.933454197337
Score Improvement: 0.014066877595286797

Step Number: 9
Time Spent: 10.919764238 seconds
New Tree:
Tree: (((((28,(29,30)),(27,26)),(((((13,14),15),((((16,17),18),19),(20,21))),(((22,23),24),25)),((12,11),(9,10)))),((4,(5,6)),(7,8))),((((31,32),33),(34,35)),(((0,1),36),(2,3))));
Tree Score: 11707.211778254685
Score Improvement: 0.005952802903539833

Step Number: 10
Time Spent: 10.914340504 seconds
New Tree:
Tree: (((((28,(29,30)),(27,26)),(((((13,14),15),((((16,17),18),19),(20,21))),((25,24),(22,23))),((12,11),(9,10)))),((4,(5,6)),(7,8))),((((31,32),33),(34,35)),(((0,1),36),(2,3))));
Tree Score: 11755.635078272171
Score Improvement: 0.004136194077178024

Step Number: 11
Time Spent: 10.355795315 seconds
New Tree:
Tree: (((((28,(29,30)),(27,26)),(((((13,14),15),(((19,18),(16,17)),(20,21))),((25,24),(22,23))),((12,11),(9,10)))),((4,(5,6)),(7,8))),((((31,32),33),(34,35)),(((0,1),36),(2,3))));
Tree Score: 11783.549178004934
Score Improvement: 0.0023745292829271403

Step Number: 12
Time Spent: 9.736322964 seconds
New Tree:
Tree: (((((30,(29,28)),(27,26)),(((((13,14),15),(((19,18),(16,17)),(20,21))),((25,24),(22,23))),((12,11),(9,10)))),((4,(5,6)),(7,8))),((((31,32),33),(34,35)),(((0,1),36),(2,3))));
Tree Score: 11790.003928051068
Score Improvement: 5.477763913595002E-4

Step Number: 13
Time Spent: 9.161228813 seconds
New Tree:
Tree: (((((30,(29,28)),(27,26)),(((((13,14),15),(((19,18),(16,17)),(20,21))),((25,24),(22,23))),((12,11),(9,10)))),((4,(5,6)),(7,8))),((((31,32),33),(34,35)),(((0,1),36),(2,3))));
Tree Score: 11790.003928051068
Score Improvement: 0.0

TOTAL STEPS: 13
TOTAL TIME: 144.043403498 seconds
Final tree: Tree: (((((30,(29,28)),(27,26)),(((((13,14),15),(((19,18),(16,17)),(20,21))),((25,24),(22,23))),((12,11),(9,10)))),((4,(5,6)),(7,8))),((((31,32),33),(34,35)),(((0,1),36),(2,3))));
Tree Score: 11790.003928051068
Total Score Improvement: 0.37589319954723055

--------------ITERATION 8--------------
Input tree: (((((((0,1),(2,3)),4),5),6),((7,8),9)),((((10,11),((12,13),14)),(15,((16,(17,18)),19))),(((20,(21,22)),((23,((24,25),(26,27))),(28,29))),(((30,31),(32,33)),((34,35),36)))));
Initial Score: 10530.683005218078

Step Number: 1
Time Spent: 11.78572799 seconds
New Tree:
Tree: (((((((0,1),(2,3)),4),5),6),((7,8),9)),((((30,31),(32,33)),((34,35),36)),(((20,(21,22)),((23,((24,25),(26,27))),(28,29))),(((10,11),((12,13),14)),(15,((16,(17,18)),19))))));
Tree Score: 11018.665179379743
Score Improvement: 0.046339081132711346

Step Number: 2
Time Spent: 11.258204413 seconds
New Tree:
Tree: (((((((0,1),(2,3)),4),5),6),((7,8),9)),((((30,31),(32,33)),((34,35),36)),(((20,(21,22)),(((10,11),((12,13),14)),(15,((16,(17,18)),19)))),((23,((24,25),(26,27))),(28,29)))));
Tree Score: 11461.797403019613
Score Improvement: 0.040216506847775335

Step Number: 3
Time Spent: 11.334063571 seconds
New Tree:
Tree: (((((((0,1),(2,3)),4),5),6),((7,8),9)),((((30,31),(32,33)),((34,35),36)),((((10,11),((12,13),14)),((20,(21,22)),(15,((16,(17,18)),19)))),((23,((24,25),(26,27))),(28,29)))));
Tree Score: 12892.899653376771
Score Improvement: 0.12485844933711143

Step Number: 4
Time Spent: 11.347605656 seconds
New Tree:
Tree: (((((5,4),((0,1),(2,3))),6),((7,8),9)),((((30,31),(32,33)),((34,35),36)),((((10,11),((12,13),14)),((20,(21,22)),(15,((16,(17,18)),19)))),((23,((24,25),(26,27))),(28,29)))));
Tree Score: 13091.896628581213
Score Improvement: 0.01543461754565989

Step Number: 5
Time Spent: 10.731518512 seconds
New Tree:
Tree: (((((7,8),9),6),((5,4),((0,1),(2,3)))),((((30,31),(32,33)),((34,35),36)),((((10,11),((12,13),14)),((20,(21,22)),(15,((16,(17,18)),19)))),((23,((24,25),(26,27))),(28,29)))));
Tree Score: 13363.36210346935
Score Improvement: 0.020735381785362828

Step Number: 6
Time Spent: 10.099747601 seconds
New Tree:
Tree: (((((7,8),9),6),((5,4),((0,1),(2,3)))),((((30,31),(32,33)),((34,35),36)),((((10,11),((12,13),14)),((20,(21,22)),(15,((16,(17,18)),19)))),(((26,27),((24,25),23)),(28,29)))));
Tree Score: 13436.058927813225
Score Improvement: 0.005440010064907463

Step Number: 7
Time Spent: 10.113952759 seconds
New Tree:
Tree: (((((7,8),9),6),((5,4),((0,1),(2,3)))),((((30,31),(32,33)),((34,35),36)),((((10,11),((12,13),14)),((20,(21,22)),(15,((19,(17,18)),16)))),(((26,27),((24,25),23)),(28,29)))));
Tree Score: 13469.736628496117
Score Improvement: 0.0025065162979582833

Step Number: 8
Time Spent: 10.795897789 seconds
New Tree:
Tree: (((((7,8),9),6),((5,4),((0,1),(2,3)))),((((30,31),(32,33)),((34,35),36)),((((10,11),((12,13),14)),((21,(20,22)),(15,((19,(17,18)),16)))),(((26,27),((24,25),23)),(28,29)))));
Tree Score: 13487.601153490163
Score Improvement: 0.001326271291470782

Step Number: 9
Time Spent: 9.001688623 seconds
New Tree:
Tree: (((((7,8),9),6),((5,4),((0,1),(2,3)))),((((30,31),(32,33)),((34,35),36)),((((10,11),((12,13),14)),((21,(20,22)),(15,((19,(17,18)),16)))),(((26,27),((24,23),25)),(28,29)))));
Tree Score: 13497.500203681207
Score Improvement: 7.339370491752373E-4

Step Number: 10
Time Spent: 8.439442334 seconds
New Tree:
Tree: (((((9,8),7),6),((5,4),((0,1),(2,3)))),((((30,31),(32,33)),((34,35),36)),((((10,11),((12,13),14)),((21,(20,22)),(15,((19,(17,18)),16)))),(((26,27),((24,23),25)),(28,29)))));
Tree Score: 13499.080503624893
Score Improvement: 1.1708093497597716E-4

Step Number: 11
Time Spent: 8.701030348 seconds
New Tree:
Tree: ((((6,7),(9,8)),((5,4),((0,1),(2,3)))),((((30,31),(32,33)),((34,35),36)),((((10,11),((12,13),14)),((21,(20,22)),(15,((19,(17,18)),16)))),(((26,27),((24,23),25)),(28,29)))));
Tree Score: 13599.401703548647
Score Improvement: 0.007431706174121588

Step Number: 12
Time Spent: 7.944540154 seconds
New Tree:
Tree: ((((6,7),(9,8)),((5,4),((0,1),(2,3)))),((((30,31),(32,33)),((34,35),36)),((((10,11),((12,13),14)),((21,(20,22)),(15,((19,(17,18)),16)))),(((26,27),((24,23),25)),(28,29)))));
Tree Score: 13599.401703548647
Score Improvement: 0.0

TOTAL STEPS: 12
TOTAL TIME: 121.55341975 seconds
Final tree: Tree: ((((6,7),(9,8)),((5,4),((0,1),(2,3)))),((((30,31),(32,33)),((34,35),36)),((((10,11),((12,13),14)),((21,(20,22)),(15,((19,(17,18)),16)))),(((26,27),((24,23),25)),(28,29)))));
Tree Score: 13599.401703548647
Total Score Improvement: 0.29140737564790276

--------------ITERATION 9--------------
Input tree: ((((0,1),(2,3)),((4,(5,6)),(7,8))),(((9,10),11),((((((12,((((13,14),15),16),17)),18),(19,20)),((21,22),((23,24),(25,26)))),27),(28,((((29,30),((31,(32,33)),34)),35),36)))));
Initial Score: 6739.301074659459

Step Number: 1
Time Spent: 11.630883578 seconds
New Tree:
Tree: ((((0,1),(2,3)),((4,(5,6)),(7,8))),(((9,10),11),(((27,((21,22),((23,24),(25,26)))),(((12,((((13,14),15),16),17)),18),(19,20))),(28,((((29,30),((31,(32,33)),34)),35),36)))));
Tree Score: 9303.73462568975
Score Improvement: 0.3805192144735683

Step Number: 2
Time Spent: 10.303222289 seconds
New Tree:
Tree: ((((0,1),(2,3)),((4,(5,6)),(7,8))),(((9,10),11),(((27,((21,22),((23,24),(25,26)))),(((19,20),18),(12,((((13,14),15),16),17)))),(28,((((29,30),((31,(32,33)),34)),35),36)))));
Tree Score: 9738.359450048156
Score Improvement: 0.0467150925778026

Step Number: 3
Time Spent: 10.760480016 seconds
New Tree:
Tree: ((((0,1),(2,3)),((4,(5,6)),(7,8))),(((9,10),11),(((27,((21,22),((23,24),(25,26)))),(((19,20),18),(12,((((13,14),15),16),17)))),(28,((36,35),((29,30),((31,(32,33)),34)))))));
Tree Score: 9974.67507513531
Score Improvement: 0.02426647181173691

Step Number: 4
Time Spent: 10.093111981 seconds
New Tree:
Tree: ((((0,1),(2,3)),((4,(5,6)),(7,8))),(((9,10),11),(((27,((21,22),((23,24),(25,26)))),(((19,20),18),(12,((17,16),((13,14),15))))),(28,((36,35),((29,30),((31,(32,33)),34)))))));
Tree Score: 10041.564800108667
Score Improvement: 0.006705955278693443

Step Number: 5
Time Spent: 9.515140927 seconds
New Tree:
Tree: ((((0,1),(2,3)),((4,(5,6)),(7,8))),(((9,10),11),(((27,((21,22),((23,24),(25,26)))),(((19,20),18),(12,((17,16),((13,14),15))))),(28,((29,30),((36,35),((31,(32,33)),34)))))));
Tree Score: 10084.836574122077
Score Improvement: 0.004309266023253766

Step Number: 6
Time Spent: 10.073907303 seconds
New Tree:
Tree: ((((0,1),(2,3)),((4,(5,6)),(7,8))),(((9,10),11),(((27,((21,22),((23,24),(25,26)))),(((19,20),18),(12,((17,16),((13,14),15))))),(((36,35),((31,(32,33)),34)),((29,30),28)))));
Tree Score: 10861.41154993701
Score Improvement: 0.07700422015837538

Step Number: 7
Time Spent: 10.689181355 seconds
New Tree:
Tree: ((((0,1),(2,3)),((4,(5,6)),(7,8))),(((9,10),11),(((27,((21,22),((23,24),(25,26)))),(((19,20),18),(12,((17,16),((13,14),15))))),(((31,(32,33)),((36,35),34)),((29,30),28)))));
Tree Score: 10905.819150291412
Score Improvement: 0.004088566219062173

Step Number: 8
Time Spent: 10.13118875 seconds
New Tree:
Tree: ((((0,1),(2,3)),((4,(5,6)),(7,8))),(((9,10),11),(((27,((21,22),((23,24),(25,26)))),(((19,18),20),(12,((17,16),((13,14),15))))),(((31,(32,33)),((36,35),34)),((29,30),28)))));
Tree Score: 10923.476925857394
Score Improvement: 0.0016191150176472213

Step Number: 9
Time Spent: 6.316056393 seconds
New Tree:
Tree: ((((0,1),(2,3)),((4,(5,6)),(7,8))),(((9,10),11),(((27,((21,22),((23,24),(25,26)))),(((19,18),20),(12,((17,16),((13,14),15))))),(((31,(32,33)),((36,35),34)),((29,30),28)))));
Tree Score: 10923.476925857394
Score Improvement: 0.0

TOTAL STEPS: 9
TOTAL TIME: 89.513172592 seconds
Final tree: Tree: ((((0,1),(2,3)),((4,(5,6)),(7,8))),(((9,10),11),(((27,((21,22),((23,24),(25,26)))),(((19,18),20),(12,((17,16),((13,14),15))))),(((31,(32,33)),((36,35),34)),((29,30),28)))));
Tree Score: 10923.476925857394
Total Score Improvement: 0.6208619862571378

--------------ITERATION 10--------------
Input tree: (((0,((1,(2,3)),(4,5))),((((6,(7,8)),(((9,10),11),(((12,13),14),((15,16),(17,(18,19)))))),((((20,21),(22,23)),((24,25),(26,27))),(28,29))),30)),((31,(32,33)),(34,(35,36))));
Initial Score: 9213.84807982144

Step Number: 1
Time Spent: 5.401881482 seconds
New Tree:
Tree: (((0,((1,(2,3)),(4,5))),((30,((((20,21),(22,23)),((24,25),(26,27))),(28,29))),((6,(7,8)),(((9,10),11),(((12,13),14),((15,16),(17,(18,19)))))))),((31,(32,33)),(34,(35,36))));
Tree Score: 12168.298328226778
Score Improvement: 0.3206532409488776

Step Number: 2
Time Spent: 4.900903949 seconds
New Tree:
Tree: (((0,((1,(2,3)),(4,5))),(((((20,21),(22,23)),((24,25),(26,27))),(30,(28,29))),((6,(7,8)),(((9,10),11),(((12,13),14),((15,16),(17,(18,19)))))))),((31,(32,33)),(34,(35,36))));
Tree Score: 13182.491029145542
Score Improvement: 0.08334712657119381

Step Number: 3
Time Spent: 6.571324957 seconds
New Tree:
Tree: (((0,((1,(2,3)),(4,5))),(((((20,21),(22,23)),((24,25),(26,27))),(30,(28,29))),((6,(7,8)),(((15,16),(17,(18,19))),(((12,13),14),((9,10),11)))))),((31,(32,33)),(34,(35,36))));
Tree Score: 13579.565204054696
Score Improvement: 0.03012133094050662

Step Number: 4
Time Spent: 6.650345132 seconds
New Tree:
Tree: (((0,((1,(2,3)),(4,5))),(((((20,21),(22,23)),((24,25),(26,27))),(30,(28,29))),((((12,13),14),((9,10),11)),(((15,16),(17,(18,19))),(6,(7,8)))))),((31,(32,33)),(34,(35,36))));
Tree Score: 15123.52202782215
Score Improvement: 0.11369707354889735

Step Number: 5
Time Spent: 4.943849424 seconds
New Tree:
Tree: (((0,((1,(2,3)),(4,5))),(((((20,21),(22,23)),((24,25),(26,27))),(30,(28,29))),((((12,13),14),((9,10),11)),(((15,16),(19,(18,17))),(6,(7,8)))))),((31,(32,33)),(34,(35,36))));
Tree Score: 15137.279653014553
Score Improvement: 9.096839457829464E-4

Step Number: 6
Time Spent: 4.65890418 seconds
New Tree:
Tree: (((0,((1,(2,3)),(4,5))),(((((20,21),(22,23)),((24,25),(26,27))),(30,(28,29))),((((12,13),14),((11,10),9)),(((15,16),(19,(18,17))),(6,(7,8)))))),((31,(32,33)),(34,(35,36))));
Tree Score: 15138.517152922166
Score Improvement: 8.175180322878006E-5

Step Number: 7
Time Spent: 4.366315787 seconds
New Tree:
Tree: (((0,((1,(2,3)),(4,5))),(((((20,21),(22,23)),((24,25),(26,27))),(30,(28,29))),((((12,13),14),((11,10),9)),(((15,16),(19,(18,17))),(6,(7,8)))))),((31,(32,33)),(34,(35,36))));
Tree Score: 15138.517152922166
Score Improvement: 0.0

TOTAL STEPS: 7
TOTAL TIME: 37.493524911 seconds
Final tree: Tree: (((0,((1,(2,3)),(4,5))),(((((20,21),(22,23)),((24,25),(26,27))),(30,(28,29))),((((12,13),14),((11,10),9)),(((15,16),(19,(18,17))),(6,(7,8)))))),((31,(32,33)),(34,(35,36))));
Tree Score: 15138.517152922166
Total Score Improvement: 0.6430178815381058

===========================================================
RESULTS FROM 10 ITERATION(S):
AVERAGE TIME PER RUN: 116.524703842 seconds
AVERAGE IMPROVEMENT: 0.45919489715507344
BEST Tree: (((0,((1,(2,3)),(4,5))),(((((20,21),(22,23)),((24,25),(26,27))),(30,(28,29))),((((12,13),14),((11,10),9)),(((15,16),(19,(18,17))),(6,(7,8)))))),((31,(32,33)),(34,(35,36))));
Tree Score: 15138.517152922166
BEST'S IMPROVEMENT :0.6430178815381058
